726
0

178
177
726
726
177

177
324

177

47

177
176
176

726

148

176
176
726
176
176
175
147
726
175
726
726
175
177
175
175
175
177
43
726
38
41
726
726
177
726
726
726
726
726
726
726
726
138
726
712
726
726
726
726
176
726
176
178
726
20
s
57
16
s
175
176
176
177
726
177
176
175
175
178
726
176
177
177
176
177
176
726
175
176
726
177
726
176
177
176
176
726
16

18

16
s
726
177
176
175
726
176
140
175
176
176
176
151
176
175
176
175
175
726
175
175
176
176
175
176
176
726
176
175
176
178
176
178
37
726
175
176
176
176
175
174
175
176
175
175
174
126
176
174
175
174
174
175
175
174
177
175
176
175
175
175
175
175
177
175
175
175
175
176
175
0 306 0 0

175 305 10 11
175 43 10 11
176 306 10 11
175 306 10 11
177 330 10 11
175 44 10 11
175 43 10 11
176 41 10 11
175 305 10 11
176 306 10 11
177 44 10 11
175 305 10 11
177 306 10 11
174 42 10 11
175 306 10 11
176 306 10 11
16 305 10 11

16 43 6 11
s
16 17 10 11
s
175 44 10 11
175 307 10 11
176 43 10 11
726 307 10 11
726 307 10 11
175 305 10 11
178 307 10 11
176 306 10 11
175 306 10 11
178 308 10 11
176 305 10 11
175 41 10 11
177 307 10 11
128 306 10 11
177 44 10 11
175 43 10 11
176 307 10 11
177 306 10 11
174 306 10 11
176 307 10 11
175 42 10 11
175 43 10 11
174 306 10 11
176 42 10 11
176 306 10 11
177 306 10 11
175 306 10 11
176 306 10 11
175 42 10 11
175 305 10 11
177 305 10 11
174 306 10 11
179 307 10 11
726 42 10 11
176 43 10 11
178 307 10 11
176 305 10 11
177 307 10 11
176 41 10 11
176 42 10 11
178 306 10 11
175 306 10 11
176 306 10 11
176 305 10 11
175 307 10 11
178 307 10 11
176 307 10 11
176 306 10 11
175 42 10 11
174 41 10 11
175 307 10 11
175 45 10 11
175 42 10 11
176 307 10 11
176 306 10 11
175 307 10 11
175 43 10 11
726 307 10 11
726 306 10 11
174 43 10 11
177 330 10 11
176 306 10 11
175 330 10 11
175 43 10 11
726 42 10 11
16 728 10 11

16 728 6 11

18 306 10 10

584 307 10 11
61 306 10 11
16 42 10 11
s
726 307 9 8
726 306 9 8
208 306 9 8
726 307 9 8
726 306 9 8
16 306 9 8

16 22 5 12
s
16 329 6 11

16 328 10 8

16 329 10 8

176 43 10 11
175 307 10 11
175 43 10 11
175 43 10 11
130 307 10 11
177 45 10 11
175 42 10 11
176 307 10 11
176 305 10 11
0 305 0 0

32 44 10 11
32 306 10 11
32 42 10 11
33 307 10 11
32 330 10 11
33 43 10 11
33 307 10 11
34 329 10 11
33 307 10 11
34 306 10 11
33 307 10 11
33 307 10 11
34 307 10 11
33 306 10 11
34 330 10 11
34 306 10 11
34 306 10 11
34 307 10 11
34 42 10 11
33 307 10 11
32 306 10 11
32 43 10 11
34 728 10 11
329 42 10 11
34 306 10 11
176 43 10 11
67 307 10 11
726 306 10 11
176 43 10 11
176 307 10 11
176 306 10 11
176 306 10 11
178 305 10 11
176 307 10 11
177 307 10 11
726 307 10 11
175 305 10 11
71 306 10 11
47 306 10 11
21 306 10 11

27 305 10 11

44 42 10 11
61 305 10 11
17 306 10 11

34 306 6 11
24 307 6 11

18 42 10 11
s
18 42 9 8
s
39 306 10 11
34 306 10 11
40 306 10 11
39 306 10 11
726 42 10 11
726 306 10 11
35 307 10 11
37 307 10 11
34 306 10 11
65 307 10 11
34 307 10 11
34 44 10 11
37 306 10 11
58 305 10 11
36 41 10 11
726 307 10 11
726 305 10 11
68 305 10 11
45 307 10 11
726 307 10 11
34 306 10 11
35 43 10 11
36 307 10 11
35 307 10 11
34 43 10 11
34 728 10 11
34 307 10 11
35 44 10 11
34 306 10 11
35 43 10 11
34 40 11
726 306 0 0
176 306 0 0
176 306 0 0
175 306 0 0
175 305 0 0
174 43 0 0
176 43 0 0
176 306 0 0
176 42 0 0
176 41 0 0
17 307 0 0




s




35 306 4 11
36 41 4 11
36 306 4 11
36 306 4 11
37 305 4 11
37 42 4 11
37 728 4 11
176 306 4 11
176 43 4 11
176 306 4 11
726 305 4 11
726 306 4 11
176 307 4 11
176 305 4 11
176 43 4 11
176 306 4 11
726 42 4 11
176 251 4 11
175 306 4 11
176 306 4 11
175 307 4 11
175 307 4 11
176 306 4 11
177 306 4 11
176 42 4 11
176 306 4 11
726 43 4 11
39 306 4 11
175 42 4 11
16 307 4 11




41 306 4 11
41 306 4 11
175 306 4 11
178 306 4 11
176 43 4 11
176 306 4 11
175 305 4 11
179 306 4 11
176 306 4 11
176 43 4 11
176 43 4 11
176 306 4 11
178 307 4 11
175 728 4 11
175 305 4 11
176 306 4 11
726 306 4 11
176 43 4 11
177 306 4 11
176 305 4 11
177 306 4 11
175 308 4 11
175 43 4 11
174 306 4 11
175 307 4 11
176 728 4 11
175 43 4 11
174 306 4 11
177 308 4 11
726 728 4 11
175 307 4 11
175 308 4 11
726 43 4 11
176 307 4 11
726 307 4 11
176 44 4 11
129 306 4 11
176 306 4 11
726 307 4 11
726 306 4 11
176 306 4 11
175 328 4 11
176 43 4 11
175 306 4 11
726 306 4 11
175 330 4 11
175 307 4 11
174 42 4 11
176 306 4 11
175 728 4 11
726 330 4 11
175 306 4 11
175 307 4 11
175 42 4 11
176 43 4 11
175 306 4 11
726 728 4 11
175 42 4 11
175 306 4 11
726 307 4 11
176 42 4 11
176 306 4 11
176 305 4 11
175 305 4 11
175 308 4 11
175 42 4 11
176 307 4 11
175 307 4 11
177 728 4 11
175 308 4 11
176 43 4 11
176 307 4 11
176 43 4 11
175 306 4 11
175 728 4 11
343 306 4 11
175 43 4 11
178 728 4 11
726 306 4 11
175 306 4 11
175 728 4 11
342 728 4 11
175 306 4 11
177 728 4 11
175 307 4 11
175 306 4 11
726 307 4 11
176 307 4 11
175 306 4 11
176 42 4 11
176 306 4 11
176 42 4 11
176 305 4 11
175 306 4 11
176 330 4 11
174 43 4 11
176 42 4 11
178 307 4 11
726 43 4 11
175 307 4 11
174 307 4 11
176 308 4 11
175 305 4 11
726 308 4 11
726 41 4 11
175 306 4 11
175 728 4 11
176 329 4 11
726 43 4 11
726 306 4 11
175 307 4 11
176 42 4 11
126 307 4 11
340 306 4 11
175 148 4 11
726 728 4 11
176 307 4 11
175 728 4 11
175 306 4 11
176 306 4 11
175 306 4 11
176 330 4 11
175 42 4 11
175 42 4 11
176 306 4 11
176 306 4 11
175 230 4 11
175 307 4 11
175 44 4 11
726 306 4 11
176 308 4 11
176 330 4 11
175 728 4 11
175 496 4 11
175 305 4 11
726 305 4 11
175 728 4 11
176 307 4 11
175 305 4 11
175 307 4 11
175 306 4 11
177 728 4 11
176 728 4 11
175 307 4 11
176 306 4 11
175 41 4 11
178 41 4 11
176 306 4 11
176 308 4 11
177 42 4 11
175 306 4 11
176 43 4 11
726 306 4 11
175 306 4 11
176 43 4 11
175 306 4 11
176 42 4 11
726 328 4 11
726 308 4 11
175 307 4 11
175 307 4 11
175 306 4 11
176 307 4 11
175 306 4 11
726 728 4 11
175 307 4 11
175 307 4 11
174 43 4 11
175 306 4 11
176 306 4 11
175 330 4 11
176 306 4 11
176 44 4 11
175 306 4 11
360 308 4 11
175 306 4 11
176 307 4 11
175 42 4 11
174 42 4 11
726 306 4 11
178 307 4 11
726 42 4 11
178 307 4 11
175 305 4 11
175 41 4 11
175 728 4 11
175 728 4 11
175 728 4 11
175 307 4 11
174 306 4 11
726 307 4 11
175 41 4 11
175 307 4 11
176 43 4 11
175 306 4 11
177 306 4 11
726 307 4 11
177 306 4 11
175 306 4 11
176 305 4 11
175 44 4 11
726 306 4 11
726 728 4 11
177 239 4 11
174 42 4 11
176 306 4 11
360 306 4 11
726 46 4 11
178 728 4 11
177 44 4 11
174 305 4 11
176 305 4 11
175 306 4 11
726 307 4 11
726 307 4 11
175 306 4 11
176 307 4 11
175 43 4 11
176 306 4 11
175 306 4 11
175 43 4 11
175 306 4 11
176 306 4 11
726 305 4 11
176 307 4 11
176 728 4 11
176 306 4 11
176 307 4 11
726 305 4 11
175 308 4 11
176 328 4 11
175 307 4 11
175 307 4 11
726 307 4 11
726 307 4 11
175 304 4 11
174 42 4 11
726 306 4 11
176 307 4 11
175 157 4 11
176 306 4 11
175 306 4 11
175 306 4 11
175 728 4 11
177 43 4 11
176 306 4 11
175 307 4 11
176 728 4 11
175 306 4 11
175 307 4 11
175 306 4 11
177 42 4 11
178 306 4 11
175 306 4 11
175 306 4 11
175 44 4 11
358 43 4 11
174 43 4 11
175 307 4 11
176 307 4 11
175 307 4 11
174 305 4 11
174 728 4 11
175 307 4 11
175 305 4 11
177 308 4 11
176 492 4 11
175 242 4 11
174 41 4 11
175 306 4 11
175 306 4 11
175 42 4 11
177 306 4 11
58 44 4 11
64 42 4 11
726 307 4 11
176 247 4 11
175 306 4 11
175 306 4 11
176 42 4 11
175 43 4 11
177 307 4 11
174 306 4 11
174 44 4 11
175 42 4 11
176 728 4 11
174 306 4 11
175 306 4 11
175 307 4 11
175 306 4 11
175 307 4 11
175 42 4 11
177 306 4 11
175 41 4 11
175 306 4 11
175 42 4 11
175 305 4 11
726 307 4 11
16 307 4 11

29 307 4 11


s
s
175 42 10 11
175 307 10 11
175 728 10 11
175 307 10 11
175 305 10 11
176 306 10 11
177 255 10 11
177 43 10 11
175 307 10 11
176 43 10 11
176 95 10 11
176 728 10 11
175 43 10 11
175 306 10 11
176 306 10 11
176 307 10 11
175 307 10 11
176 306 10 11
175 43 10 11
175 43 10 11
175 306 10 11
175 306 10 11
175 306 10 11
175 306 10 11
175 43 10 11
350 42 10 11
177 307 10 11
175 307 10 11
175 42 10 11
175 306 10 11
176 262 10 11
176 42 10 11
175 306 10 11
175 307 10 11
175 305 10 11
176 728 10 11
176 295 10 11
175 42 10 11
176 43 10 11
175 307 10 11
175 306 10 11
175 306 10 11
726 305 10 11
175 41 10 11
726 45 10 11
177 307 10 11
175 306 10 11
175 306 10 11
175 306 10 11
726 307 10 11
175 306 10 11
176 44 10 11
175 305 10 11
176 305 10 11
175 728 10 11
726 728 10 11
175 44 10 11
175 306 10 11
176 43 10 11
175 43 10 11
726 306 10 11
176 306 10 11
175 306 10 11
175 307 10 11
175 306 10 11
175 306 10 11
175 306 10 11
176 306 10 11
176 306 10 11
175 728 10 11
175 728 10 11
175 226 10 11
176 42 10 11
176 728 10 11
177 728 10 11
726 307 10 11
726 307 10 11
176 43 10 11
175 44 10 11
176 306 10 11
176 304 10 11
176 142 10 11
175 306 10 11
175 306 10 11
176 305 10 11
726 306 10 11
176 306 10 11
176 307 10 11
175 43 10 11
176 306 10 11
175 305 10 11
176 307 10 11
177 307 10 11
175 42 10 11
175 43 10 11
175 728 10 11
176 728 10 11
175 43 10 11
174 44 10 11
176 306 10 11
176 44 10 11
726 307 10 11
726 307 10 11
176 307 10 11
175 306 10 11
175 306 10 11
726 307 10 11
726 307 10 11
175 222 10 11
175 306 10 11
175 306 10 11
175 306 10 11
726 306 10 11
176 307 10 11
174 307 10 11
175 307 10 11
175 307 10 11
176 232 10 11
175 728 10 11
177 306 10 11
176 306 10 11
174 307 10 11
726 307 10 11
175 305 10 11
174 41 10 11
176 44 10 11
177 306 10 11
176 42 10 11
176 306 10 11
175 305 10 11
176 305 10 11
175 43 10 11
175 306 10 11
174 307 10 11
176 307 10 11
726 306 10 11
177 728 10 11
176 307 10 11
176 43 10 11
175 305 10 11
176 305 10 11
175 306 10 11
175 306 10 11
174 306 10 11
175 42 10 11
175 305 10 11
726 306 10 11
176 43 10 11
175 306 10 11
176 306 10 11
726 307 10 11
176 307 10 11
175 305 10 11
176 305 10 11
178 307 10 11
176 43 10 11
175 44 10 11
175 306 10 11
176 42 10 11
178 307 10 11
176 292 10 11
175 305 10 11
176 306 10 11
175 306 10 11
174 306 10 11
176 307 10 11
175 306 10 11
176 43 10 11
176 308 10 11
177 307 10 11
175 305 10 11
175 307 10 11
175 44 10 11
175 306 10 11
726 306 10 11
176 306 10 11
175 305 10 11
174 43 10 11
176 44 10 11
726 42 10 11
177 306 10 11
175 305 10 11
175 42 10 11
176 305 10 11
175 307 10 11
175 306 10 11
174 43 10 11
176 306 10 11
177 307 10 11
176 306 10 11
175 307 10 11
176 307 10 11
177 306 10 11
175 330 10 11
175 307 10 11
176 306 10 11
178 305 10 11
175 306 10 11
176 307 10 11
176 42 10 11
175 306 10 11
59 42 10 11
175 306 10 11
176 306 10 11
175 43 10 11
726 305 10 11
174 306 10 11
177 305 10 11
176 306 10 11
174 306 10 11
175 43 10 11
176 307 10 11
176 307 10 11
175 41 10 11
175 44 10 11
726 307 10 11
726 306 10 11
175 306 10 11
175 728 10 11
175 305 10 11
175 306 10 11
175 42 10 11
175 307 10 11
175 43 10 11
176 306 10 11
176 305 10 11
178 728 10 11
175 305 10 11
175 43 10 11
176 42 10 11
177 306 10 11
174 306 10 11
175 306 10 11
175 306 10 11
176 330 10 11
175 305 10 11
176 728 10 11
175 306 10 11
176 42 10 11
175 305 10 11
177 307 10 11
178 307 10 11
175 307 10 11
175 306 10 11
176 728 10 11
176 307 10 11
177 306 10 11
176 306 10 11
175 306 10 11
175 306 10 11
177 305 10 11
175 306 10 11
175 43 10 11
176 306 10 11
174 307 10 11
178 305 10 11
175 305 10 11
175 307 10 11
175 306 10 11
175 43 10 11
175 307 10 11
726 307 10 11
175 42 10 11
175 42 10 11
175 41 10 11
177 307 10 11
175 307 10 11
174 44 10 11
176 42 10 11
178 306 10 11
174 305 10 11
175 305 10 11
175 43 10 11
726 43 10 11
175 306 10 11
175 307 10 11
176 306 10 11
175 306 10 11
726 42 10 11
175 307 10 11
176 307 10 11
175 43 10 11
175 42 10 11
177 306 10 11
175 307 10 11
175 307 10 11
175 43 10 11
177 306 10 11
175 306 10 11
177 306 10 11
175 306 10 11
175 43 10 11
726 305 10 11
726 306 10 11
176 305 10 11
175 43 10 11
176 306 10 11
178 307 10 11
176 307 10 11
175 306 10 11
175 306 10 11
175 42 10 11
175 307 10 11
175 306 10 11
175 307 10 11
176 41 10 11
175 306 10 11
177 306 10 11
175 307 10 11
175 42 10 11
175 306 10 11
175 307 10 11
175 307 10 11
175 306 10 11
176 42 10 11
176 305 10 11
176 305 10 11
174 306 10 11
174 306 10 11
175 307 10 11
176 306 10 11
177 306 10 11
175 42 10 11
175 44 10 11
176 307 10 11
175 305 10 11
175 306 10 11
175 305 10 11
175 306 10 11
175 43 10 11
726 306 10 11
175 307 10 11
174 42 10 11
176 41 10 11
177 307 10 11
177 43 10 11
175 307 10 11
175 329 10 11
178 305 10 11
177 307 10 11
175 305 10 11
176 307 10 11
176 307 10 11
175 306 10 11
175 306 10 11
174 307 10 11
174 306 10 11
177 307 10 11
175 42 10 11
175 306 10 11
175 307 10 11
178 329 10 11
177 307 10 11
48
0 308 0 0

176 307 10 11
176 305 10 11
175 306 10 11
176 307 10 11
176 44 10 11
174 305 10 11
178 728 10 11
175 307 10 11
175 305 10 11
175 42 10 11
178 307 10 11
177 307 10 11
175 43 10 11
16 307 10 11


41 304 7 11
76 728 7 11
42 307 7 11
39 307 7 11
34 728 7 11
42 306 7 11
726 306 7 11
726 307 7 11
371 43 7 11
45 307 7 11
4 307 11
175 306 7 11
174 305 7 11
175 307 7 11
177 728 7 11
