285,265
285,266
285,267
285,268
285,269
285,270
285,271
285,272
285,273
285,274
285,275
285,276
285,277
285,278
285,279
285,280
285,281
285,282
285,283
285,284
285,285
285,286
285,287
285,288
285,289
285,290
285,291
285,292
285,293
285,294
285,295
285,296
285,297
285,298
285,299
285,300
285,301
285,302
285,303
285,304
285,305
285,306
285,307
285,308
285,309
285,310
285,311
285,312
285,313
285,314
285,315
285,316
285,317
285,318
285,319
285,320
285,321
285,322
285,323
285,324
285,325
285,326
285,327
285,328
285,329
285,330
285,331
285,332
285,333
285,334
285,335
285,336
285,337
285,338
285,339
285,340
285,341
285,342
285,343
285,344
285,345
285,346
285,347
285,348
285,349
285,350
285,351
285,352
285,353
285,354
285,355
285,356
285,357
285,358
285,359
285,360
285,361
285,362
285,363
285,364
285,365
285,366
285,367
285,368
285,369
285,370
285,371
285,372
285,373
285,374
285,375
285,376
285,377
285,378
285,379
285,380
285,381
285,382
285,383
285,384
285,385
285,386
285,387
285,388
285,389
285,390
285,391
285,392
285,393
285,394
285,395
285,396
285,397
285,398
285,399
285,400
285,401
285,402
285,403
285,404
285,405
285,406
285,407
285,408
285,409
285,410
285,411
285,412
285,413
285,414
285,415
285,416
285,417
285,418
285,419
285,420
285,421
285,422
285,423
285,424
285,425
285,426
285,427
285,428
285,429
285,430
285,431
285,432
285,433
285,434
285,435
285,436
285,437
285,438
285,439
285,440
285,441
285,442
285,443
285,444
285,445
285,446
285,447
285,448
285,449
285,450
285,451
285,452
285,453
285,454
285,455
285,456
285,457
285,458
285,459
285,460
285,461
285,462
285,463
285,464
285,465
285,466
285,467
285,468
285,469
285,470
285,471
285,472
285,473
285,474
285,475
285,476
285,477
285,478
285,479
285,480
284,481
283,482
282,483
281,484
280,485
279,486
278,487
277,488
276,489
275,490
274,491
273,492
272,493
271,494
270,495
269,496
269,497
269,498
269,499
269,500
269,501
269,502
269,503
269,504
269,505
269,506
269,507
269,508
269,509
269,510
269,511
268,512
267,513
266,514
265,515
264,516
263,517
262,518
261,519
260,520
259,521
258,522
257,523
256,524
255,525
254,526
253,527
252,528
251,529
250,530
249,531
248,532
247,533
246,534
245,535
244,536
243,537
242,538
241,539
240,540
239,541
238,542
237,543
236,544
235,545
234,546
233,547
232,548
231,549
230,550
229,551
228,552
227,553
226,554
225,555
224,556
223,557
222,558
221,559
220,560
219,561
218,562
217,563
216,564
215,565
214,566
213,567
212,568
211,569
210,570
209,571
208,572
207,573
206,574
205,575
204,576
203,577
202,578
201,579
200,580
199,581
198,582
197,583
196,584
195,585
194,586
193,587
192,588
191,589
190,590
189,591
188,592
187,593
186,594
185,595
184,596
183,597
182,598
181,599
180,600
179,601
178,602
177,603
176,604
175,605
174,606
173,607
172,608
171,609
170,610
169,611
168,612
167,613
166,614
165,615
164,616
163,617
162,618
161,619
160,620
159,621
158,622
157,623
156,624
155,625
154,626
153,627
152,628
151,629
150,630
149,631
148,632
147,633
146,634
145,635
144,636
143,637
142,638
141,639
140,640
139,641
138,642
137,643
136,644
135,645
134,646
133,647
132,648
131,649
130,650
129,651
128,652
127,653
126,654
125,655
124,656
123,657
122,658
121,659
120,660
119,661
118,662
117,663
116,664
115,665
114,666
113,667
112,668
111,669
110,670
109,671
108,672
107,673
106,674
105,675
104,676
103,677
102,678
101,679
100,680
99,681
98,682
97,683
96,684
95,685
94,686
93,687
92,688
91,689
90,690
89,691
88,692
87,693
86,694
85,695
84,696
83,697
82,698
81,699
80,700
79,701
79,702
79,703
79,704
79,705
79,706
79,707
79,708
79,709
79,710
79,711
79,712
79,713
79,714
79,715
79,716
79,717
79,718
79,719
79,720
79,721
78,722
77,723
76,724
75,725
74,726
74,727
74,728
74,729
74,730
74,731
74,732
74,733
74,734
74,735
74,736
74,737
74,738
74,739
74,740
74,741
74,742
74,743
74,744
74,745
74,746
74,747
74,748
74,749
74,750
75,751
75,752
75,753
75,754
75,755
75,756
75,757
75,758
75,759
75,760
75,761
75,762
75,763
75,764
75,765
75,766
75,767
75,768
75,769
75,770
75,771
75,772
75,773
75,774
75,775
75,776
75,777
75,778
75,779
75,780
74,781
73,782
72,783
71,784
70,785
69,786
69,787
69,788
69,789
69,790
69,791
69,792
69,793
69,794
69,795
69,796
69,797
69,798
69,799
69,800
69,801
69,802
69,803
69,804
69,805
69,806
69,807
69,808
69,809
69,810
69,811
68,812
67,813
66,814
65,815
64,816
63,817
62,818
61,819
60,820
59,821
59,822
59,823
59,824
59,825
59,826
59,827
59,828
59,829
59,830
59,831
59,832
59,833
59,834
59,835
59,836
59,837
59,838
59,839
59,840
60,841
60,842
60,843
60,844
60,845
60,846
60,847
60,848
60,849
60,850
60,851
60,852
60,853
60,854
60,855
60,856
60,857
60,858
60,859
60,860
60,861
60,862
60,863
60,864
60,865
60,866
60,867
60,868
60,869
60,870
60,871
60,872
60,873
60,874
60,875
60,876
60,877
60,878
60,879
60,880
60,881
60,882
60,883
60,884
60,885
60,886
60,887
60,888
60,889
60,890
60,891
60,892
60,893
60,894
60,895
60,896
60,897
60,898
60,899
60,900
60,901
60,902
60,903
60,904
60,905
60,906
60,907
60,908
60,909
60,910
60,911
60,912
60,913
60,914
60,915
60,916
60,917
60,918
60,919
60,920
60,921
60,922
60,923
60,924
60,925
60,926
60,927
60,928
60,929
60,930
60,931
60,932
60,933
60,934
60,935
60,936
60,937
60,938
60,939
60,940
60,941
60,942
60,943
60,944
60,945
60,946
60,947
60,948
60,949
60,950
60,951
60,952
60,953
60,954
60,955
60,956
60,957
60,958
60,959
60,960
59,961
58,962
57,963
56,964
55,965
54,966
53,967
52,968
51,969
50,970
49,971
48,972
47,973
46,974
45,975
44,976
44,977
44,978
44,979
44,980
44,981
44,982
44,983
44,984
44,985
44,986
44,987
44,988
44,989
44,990
45,991
45,992
45,993
45,994
45,995
45,996
45,997
45,998
45,999
45,1000
45,1001
45,1002
45,1003
45,1004
45,1005
45,1006
45,1007
45,1008
45,1009
45,1010
45,1011
45,1012
45,1013
45,1014
45,1015
45,1016
45,1017
45,1018
45,1019
45,1020
46,1021
47,1022
48,1023
49,1024
50,1025
51,1026
51,1027
51,1028
51,1029
51,1030
51,1031
51,1032
51,1033
51,1034
51,1035
51,1036
51,1037
51,1038
51,1039
51,1040
51,1041
51,1042
51,1043
51,1044
51,1045
51,1046
51,1047
51,1048
51,1049
51,1050
51,1051
52,1052
53,1053
54,1054
55,1055
56,1056
57,1057
58,1058
59,1059
60,1060
61,1061
61,1062
61,1063
61,1064
61,1065
61,1066
61,1067
61,1068
61,1069
61,1070
61,1071
61,1072
61,1073
61,1074
61,1075
61,1076
61,1077
61,1078
61,1079
61,1080
61,1081
62,1082
63,1083
64,1084
65,1085
66,1086
67,1087
68,1088
69,1089
70,1090
71,1091
72,1092
73,1093
74,1094
75,1095
76,1096
77,1097
78,1098
79,1099
80,1100
81,1101
82,1102
83,1103
84,1104
85,1105
86,1106
87,1107
88,1108
89,1109
90,1110
91,1111
92,1112
93,1113
94,1114
95,1115
96,1116
97,1117
98,1118
99,1119
100,1120
101,1121
102,1122
103,1123
104,1124
105,1125
106,1126
107,1127
108,1128
109,1129
110,1130
111,1131
112,1132
113,1133
114,1134
115,1135
116,1136
117,1137
118,1138
119,1139
120,1140
120,1141
120,1142
120,1143
120,1144
120,1145
120,1146
120,1147
120,1148
120,1149
120,1150
120,1151
120,1152
120,1153
120,1154
120,1155
120,1156
120,1157
120,1158
120,1159
120,1160
120,1161
120,1162
120,1163
120,1164
120,1165
120,1166
120,1167
120,1168
120,1169
120,1170
120,1171
120,1172
120,1173
120,1174
120,1175
120,1176
120,1177
120,1178
120,1179
120,1180
120,1181
120,1182
120,1183
120,1184
120,1185
120,1186
120,1187
120,1188
120,1189
120,1190
120,1191
120,1192
120,1193
120,1194
120,1195
120,1196
120,1197
120,1198
120,1199
120,1200
120,1201
120,1202
120,1203
120,1204
120,1205
120,1206
120,1207
120,1208
120,1209
120,1210
120,1211
120,1212
120,1213
120,1214
120,1215
120,1216
120,1217
120,1218
120,1219
120,1220
120,1221
120,1222
120,1223
120,1224
120,1225
120,1226
120,1227
120,1228
120,1229
120,1230
120,1231
120,1232
120,1233
120,1234
120,1235
120,1236
120,1237
120,1238
120,1239
120,1240
120,1241
120,1242
120,1243
120,1244
120,1245
120,1246
120,1247
120,1248
120,1249
120,1250
120,1251
120,1252
120,1253
120,1254
120,1255
120,1256
120,1257
120,1258
120,1259
120,1260
120,1261
120,1262
120,1263
120,1264
120,1265
120,1266
120,1267
120,1268
120,1269
120,1270
120,1271
120,1272
120,1273
120,1274
120,1275
120,1276
120,1277
120,1278
120,1279
120,1280
120,1281
120,1282
120,1283
120,1284
120,1285
120,1286
120,1287
120,1288
120,1289
120,1290
120,1291
120,1292
120,1293
120,1294
120,1295
120,1296
120,1297
120,1298
120,1299
120,1300
120,1301
120,1302
120,1303
120,1304
120,1305
120,1306
120,1307
120,1308
120,1309
120,1310
120,1311
120,1312
120,1313
120,1314
120,1315
120,1316
120,1317
120,1318
120,1319
120,1320
121,1321
122,1322
123,1323
124,1324
125,1325
126,1326
127,1327
128,1328
129,1329
130,1330
131,1331
132,1332
133,1333
134,1334
135,1335
136,1336
137,1337
138,1338
139,1339
140,1340
141,1341
142,1342
143,1343
144,1344
145,1345
146,1346
147,1347
148,1348
149,1349
150,1350
151,1351
152,1352
153,1353
154,1354
155,1355
156,1356
157,1357
158,1358
159,1359
160,1360
161,1361
162,1362
163,1363
164,1364
165,1365
166,1366
167,1367
168,1368
169,1369
170,1370
171,1371
172,1372
173,1373
174,1374
175,1375
176,1376
177,1377
178,1378
179,1379
180,1380
181,1381
182,1382
183,1383
184,1384
185,1385
186,1386
187,1387
188,1388
189,1389
190,1390
191,1391
192,1392
193,1393
194,1394
195,1395
196,1396
197,1397
198,1398
199,1399
200,1400
201,1401
202,1402
203,1403
204,1404
205,1405
206,1406
207,1407
208,1408
209,1409
210,1410
211,1411
212,1412
213,1413
214,1414
215,1415
216,1416
217,1417
218,1418
219,1419
220,1420
221,1421
222,1422
223,1423
224,1424
225,1425
226,1426
227,1427
228,1428
229,1429
230,1430
231,1431
232,1432
233,1433
234,1434
235,1435
236,1436
237,1437
238,1438
239,1439
240,1440
241,1441
242,1442
243,1443
244,1444
245,1445
246,1446
247,1447
248,1448
249,1449
250,1450
251,1451
252,1452
253,1453
254,1454
255,1455
256,1456
257,1457
258,1458
259,1459
260,1460
261,1461
262,1462
263,1463
264,1464
265,1465
266,1466
267,1467
268,1468
269,1469
270,1470
271,1471
272,1472
273,1473
274,1474
275,1475
276,1476
277,1477
278,1478
279,1479
280,1480
281,1481
282,1482
283,1483
284,1484
285,1485
286,1486
287,1487
288,1488
289,1489
290,1490
291,1491
292,1492
293,1493
294,1494
295,1495
296,1496
297,1497
298,1498
299,1499
300,1500
301,1500
302,1500
303,1500
304,1500
305,1500
306,1500
307,1500
308,1500
309,1500
310,1500
311,1500
312,1500
313,1500
314,1500
315,1500
316,1500
317,1500
318,1500
319,1500
320,1500
321,1500
322,1500
323,1500
324,1500
325,1500
326,1500
327,1500
328,1500
329,1500
330,1500
331,1500
332,1500
333,1500
334,1500
335,1500
336,1500
337,1500
338,1500
339,1500
340,1500
341,1500
342,1500
343,1500
344,1500
345,1500
346,1500
347,1500
348,1500
349,1500
350,1500
351,1500
352,1500
353,1500
354,1500
355,1500
356,1500
357,1500
358,1500
359,1500
360,1500
361,1500
362,1500
363,1500
364,1500
365,1500
366,1500
367,1500
368,1500
369,1500
370,1500
371,1500
372,1500
373,1500
374,1500
375,1500
376,1500
377,1500
378,1500
379,1500
380,1500
381,1500
382,1500
383,1500
384,1500
385,1500
386,1500
387,1500
388,1500
389,1500
390,1500
391,1500
392,1500
393,1500
394,1500
395,1500
396,1500
397,1500
398,1500
399,1500
400,1500
401,1500
402,1500
403,1500
404,1500
405,1500
406,1500
407,1500
408,1500
409,1500
410,1500
411,1500
412,1500
413,1500
414,1500
415,1500
416,1500
417,1500
418,1500
419,1500
420,1500
