265,-285
265.180874436,-285.00006602
265.318683454,-285.000219659
265.499557555,-285.00057379
265.723496096,-285.001322771
265.973270847,-285.00277956
266.223041026,-285.004878707
266.507258798,-285.007649361
266.825925038,-285.010970962
267.514928807,-285.018555821
267.893875338,-285.023203788
268.290039864,-285.028592422
268.703420597,-285.03479805
269.125408286,-285.041466796
269.564622889,-285.048219936
270.029671796,-285.055489647
270.968377511,-285.070424623
271.442036024,-285.077981609
271.924308294,-285.085563321
272.415201434,-285.092694192
272.90610079,-285.099383515
273.440059835,-285.10678032
273.974012479,-285.114625628
274.473508205,-285.122513266
274.981607815,-285.131035074
275.515534048,-285.140508802
276.058059451,-285.150818057
276.591963348,-285.161476552
277.117244566,-285.172515863
277.633902068,-285.183955729
278.167781035,-285.195797321
278.684448634,-285.206771686
279.21835101,-285.217506074
279.752262778,-285.227762673
280.294793153,-285.237806905
281.354026971,-285.25698843
282.430495119,-285.275863757
282.981657491,-285.284898341
283.515603593,-285.29317685
284.058167444,-285.301211894
284.617961662,-285.309078005
285.177760857,-285.316581651
285.728952757,-285.323586872
286.262922883,-285.330135079
286.814119243,-285.336780051
287.365314736,-285.343496587
288.312678582,-285.355316992
288.863872134,-285.362190965
289.415070823,-285.36863986
289.949052154,-285.374199798
290.508873987,-285.379763747
291.06869191,-285.385708158
291.602664409,-285.392059956
292.145243373,-285.398999782
292.722272503,-285.406324729
293.264850882,-285.413310155
293.816032012,-285.421116911
294.375810722,-285.430018521
294.901129686,-285.439085559
295.443669656,-285.448597371
295.994821667,-285.458243345
296.545978897,-285.467586318
297.079919139,-285.476234525
298.17362799,-285.494403743
298.707554185,-285.50387961
299.232861307,-285.513608584
299.766776329,-285.523694385
300.30068691,-285.534012579
300.834588932,-285.54476456
301.359861014,-285.556230356
301.867892024,-285.568160495
302.410351254,-285.581505056
302.935580756,-285.594778925
303.469410776,-285.608652765
304.382086747,-285.632417179
304.9331524,-285.646136877
305.992244696,-285.671977176
306.526084948,-285.685451594
307.068519706,-285.699756369
307.610951504,-285.71417299
308.127553969,-285.727874715
308.661372583,-285.742180735
309.186572082,-285.756592896
309.703147719,-285.771271337
310.228330388,-285.786284261
310.744908594,-285.800872005
311.278705382,-285.815970475
311.786670209,-285.830446992
312.311853541,-285.845436708
312.95757599,-285.863682298
313.474160319,-285.878051578
313.97353169,-285.891705483
314.498739698,-285.905804162
315.032573379,-285.91953641
315.557815636,-285.932295599
316.074452945,-285.944613673
316.599708429,-285.956816202
317.124983116,-285.968162032
317.667496069,-285.979106884
318.201403801,-285.989571447
318.718093878,-285.999430962
319.252010395,-286.009437312
319.785923302,-286.019634473
320.319835147,-286.029887093
321.37043575,-286.050068045
321.895738013,-286.06005585
322.429665827,-286.069440125
322.963605756,-286.078107674
324.005655435,-286.094673296
324.505147973,-286.102760313
325.030476461,-286.111257615
325.573029275,-286.120006188
326.623679393,-286.137419622
327.157604649,-286.146948314
327.665675314,-286.15704948
328.182350149,-286.167677728
328.724864796,-286.178538311
329.250163578,-286.188707571
329.741022476,-286.197898166
330.257722209,-286.207237919
330.791649027,-286.21667864
331.325577766,-286.226010111
331.842284997,-286.234925371
332.367600049,-286.244216267
332.892906382,-286.253987715
333.400982732,-286.263798827
333.926269273,-286.274581892
334.442925135,-286.286095585
334.95094992,-286.298287902
335.476177104,-286.311653141
336.010001124,-286.325755992
336.535198111,-286.340259415
337.034553066,-286.354501029
337.568351746,-286.369532452
338.10216353,-286.384091067
338.618756825,-286.398134304
339.126738773,-286.411997028
339.651937019,-286.42645481
340.710914824,-286.456624666
341.210262691,-286.471112683
341.726832461,-286.485996166
342.252021663,-286.500778833
342.759994829,-286.514959695
343.259353741,-286.529061888
343.775928615,-286.543767133
344.301112499,-286.558737529
344.809073351,-286.57335286
345.32563795,-286.58841472
345.833594314,-286.603185222
346.849519579,-286.63229184
347.357487818,-286.646648122
347.865461826,-286.660798841
348.399281745,-286.675056058
348.924514307,-286.688208243
349.432540125,-286.700357436
349.949185779,-286.71232043
350.483061232,-286.724319391
351.008331002,-286.7358906
351.516385688,-286.746765879
352.033062386,-286.757303153
352.549744799,-286.76755638
353.075031364,-286.778338289
354.116974158,-286.800635566
354.633633918,-286.811972973
355.141680287,-286.823230058
355.666954764,-286.834585584
356.2008526,-286.845543496
356.717533076,-286.855893865
357.251437099,-286.866546046
357.759510979,-286.876484178
358.276200118,-286.88639271
358.792890613,-286.896230239
359.300966035,-286.906089265
359.826254841,-286.916761427
360.360140655,-286.928290182
360.868173378,-286.940147143
361.384799724,-286.952916747
361.910035994,-286.965920046
362.418058202,-286.978219273
362.926087846,-286.990207402
363.494392808,-287.003591828
364.036853304,-287.016884827
364.562073294,-287.030529878
365.087280624,-287.044653787
365.595255634,-287.058768455
366.111821781,-287.07377715
366.619768736,-287.088867723
367.153532305,-287.105098152
367.67005479,-287.12154101
368.177941986,-287.138524263
368.703026737,-287.156641358
369.210878472,-287.174653857
369.710102109,-287.192928305
370.252357704,-287.212902368
370.794623357,-287.232601507
371.311065343,-287.251403618
371.827500403,-287.270395025
372.335333184,-287.288934202
372.851768563,-287.307916959
373.368178594,-287.327577189
373.893188374,-287.347750314
374.392378177,-287.366926757
374.917367135,-287.387634681
375.442357105,-287.408316962
375.958749946,-287.42842362
376.475132091,-287.448803148
376.98291083,-287.468767811
377.473481135,-287.487943341
377.972647948,-287.507709147
378.489017008,-287.528417568
378.996777207,-287.548848324
379.49592955,-287.568976258
380.003673966,-287.589795524
380.502803085,-287.610491374
381.010543102,-287.631417671
381.535514895,-287.652556292
382.051913879,-287.672504588
382.542507552,-287.691072637
383.067534203,-287.710801802
383.592590661,-287.729721138
384.1176749,-287.747853051
384.625556269,-287.765009665
385.133441607,-287.782048397
385.649935224,-287.799374356
386.166434213,-287.816539417
386.682939898,-287.833501774
387.199462292,-287.849947479
387.707382702,-287.865906567
388.249731215,-287.883174583
388.783473171,-287.900100863
389.291389566,-287.916187199
389.807909365,-287.932714214
390.324428229,-287.949270428
390.866769653,-287.966759654
391.400493875,-287.98423619
391.934215716,-288.001785281
392.433515152,-288.017856009
392.941431176,-288.033954066
393.475153177,-288.051498306
394.000236355,-288.069660936
394.533920138,-288.088331603
395.05899536,-288.106722794
395.558251733,-288.124079898
396.066127168,-288.141411297
396.608420546,-288.160331811
397.133470926,-288.179419065
397.649906281,-288.198402428
398.174946206,-288.217775159
398.70858002,-288.237823254
399.21637661,-288.257328594
399.732761157,-288.277647179
400.249139441,-288.298124286
400.774122885,-288.318971553
401.30770393,-288.340378162
401.849877462,-288.362467875
402.357612876,-288.383505563
402.865326069,-288.405072846
403.390208312,-288.428329163
403.932265034,-288.453120367
404.465715592,-288.477563694
404.973357006,-288.500759171
405.489591213,-288.52459378
406.005809693,-288.548766608
406.539217621,-288.574123191
407.04680028,-288.598570677
407.588788365,-288.624819654
408.113562224,-288.650405244
408.655528232,-288.677106164
409.188899607,-288.703220366
409.713684084,-288.728587206
410.238449865,-288.754337938
410.763180079,-288.780803509
411.270709303,-288.806336263
411.78684523,-288.832211931
412.311587713,-288.858433128
412.827753168,-288.883712907
413.343923824,-288.908886281
413.851484964,-288.933776536
414.384855534,-288.959907159
414.909630829,-288.985463263
415.425802212,-289.010621711
415.941986361,-289.035516884
416.484011403,-289.060991328
417.026057765,-289.086008025
418.101608704,-289.134279441
418.678144373,-289.159237284
419.263296442,-289.184303136
419.865660401,-289.210070358
420.485321573,-289.23445986
421.07935178,-289.25242354
421.690778021,-289.263573378
422.276457608,-289.266838654
422.862128684,-289.262296422
423.447683029,-289.249752544
424.050218064,-289.228355783
424.65239657,-289.1985676
425.25407749,-289.160014277
425.863719247,-289.11202161
426.489887088,-289.055052583
427.123930598,-288.990047573
427.740041077,-288.919459375
428.372371673,-288.83949162
428.99515104,-288.753019107
429.616834677,-288.658992037
430.262905081,-288.553705073
431.018018676,-288.421710745
431.695318981,-288.295029963
432.354165677,-288.163643856
432.994522531,-288.027866795
433.607956822,-287.889917506
434.194718148,-287.751290543
434.8061025,-287.60452267
435.435066745,-287.45723261
436.057432568,-287.319764046
436.690496681,-287.19123307
437.291784491,-287.079790992
437.911769843,-286.975149708
438.5417083,-286.878122061
439.189895649,-286.786768507
439.847698167,-286.702279121
440.497919614,-286.626751763
441.157658634,-286.559024114
441.835372932,-286.498265198
442.50515752,-286.446016908
443.16691237,-286.402163433
443.829162366,-286.366560736
445.154477362,-286.312610744
445.817429741,-286.294259926
446.480566991,-286.284689313
447.117933984,-286.28431579
447.72940473,-286.292676082
448.357924948,-286.309821662
448.986272624,-286.332423307
449.59741583,-286.354110818
450.20873269,-286.370175214
450.828828474,-286.3776609
451.431740145,-286.375710174
452.060399135,-286.364778143
452.688875831,-286.34610519
453.299891056,-286.321069972
453.910600463,-286.289441064
454.5209115,-286.250881949
455.147870628,-286.203406832
455.774204311,-286.148291016
456.399902726,-286.086378742
457.050621276,-286.015261384
457.717681015,-285.935432925
458.37538782,-285.850201665
459.040886469,-285.758262417
459.722696343,-285.65866814
460.412160607,-285.552054205
461.12617447,-285.435292656
461.822190493,-285.315370407
462.483194335,-285.195307097
463.134509188,-285.070280814
463.767511723,-284.941446915
464.407285893,-284.802950261
465.028639386,-284.660976108
465.665172626,-284.508274617
466.316467932,-284.343484745
466.940594462,-284.17688205
467.537658043,-284.009281644
468.140719399,-283.831381008
468.733081882,-283.647855792
469.314985221,-283.459826881
469.894821267,-283.26551649
470.456238528,-283.070567167
471.023483783,-282.866265651
471.580138776,-282.65810754
472.150223225,-282.436815677
472.717475825,-282.208362497
473.321388288,-281.955811417
474.387962363,-281.492734121
474.953619926,-281.238556353
475.508220594,-280.980904521
476.051848269,-280.720183904
476.569260338,-280.464643258
477.075749381,-280.206537618
477.579196199,-279.942547137
478.08814169,-279.670534714
478.594950246,-279.394561238
479.076397808,-279.126102995
479.562479721,-278.848333635
480.038327625,-278.57007053
480.511804293,-278.287791541
480.990477709,-277.9974414
481.459327913,-277.707543023
481.925569075,-277.413466906
482.367619526,-277.129506304
482.807333887,-276.84194152
483.230301317,-276.560274362
483.650883237,-276.275057455
484.068971348,-275.986197339
484.48474972,-275.694022426
484.884147432,-275.408525679
485.274223027,-275.124826798
485.648147157,-274.84823309
485.971663888,-274.604898968
486.24563014,-274.39600085
486.518121184,-274.185182061
486.768654369,-273.988224377
487.037981854,-273.773378765
487.318906468,-273.545467324
487.597725697,-273.314985
487.868001426,-273.087705563
488.129854719,-272.863810981
488.383626577,-272.643731077
488.643729526,-272.417805455
488.911223574,-272.187258613
489.185884291,-271.95183611
489.454358931,-271.722431925
489.729624555,-271.487716991
489.998487695,-271.258768253
490.287018125,-271.013060566
490.575524169,-270.767324246
490.87719709,-270.51048029
491.178963743,-270.253746467
491.493999972,-269.986025876
491.835269295,-269.69597179
492.169852775,-269.411351046
492.510897429,-269.121032829
492.858275952,-268.824867832
493.218334701,-268.517025027
493.577986955,-268.208707414
493.943735967,-267.894268732
494.315582336,-267.573711088
494.700258994,-267.241654311
495.084920955,-266.909580507
495.469695485,-266.577637144
495.848127765,-266.251527954
496.220210032,-265.931244156
496.611789589,-265.594003447
497.009909093,-265.251157877
497.388567914,-264.925311759
497.780150586,-264.588074667
498.171528732,-264.250600237
498.569421996,-263.907492127
498.960774389,-263.569987832
499.3584601,-263.226639176
499.749432394,-262.888694638
500.133821494,-262.556305026
500.524880496,-262.218460828
500.922467647,-261.874998047
501.31990318,-261.531359834
501.710562594,-261.193053659
502.107401908,-260.848727095
502.504074493,-260.504208467
502.894169208,-260.165251304
503.290908621,-259.820809636
503.675229259,-259.488340867
504.066694614,-259.150967602
504.484432384,-258.791305623
504.902174557,-258.431648758
505.313445742,-258.077676857
505.71849084,-257.729674784
506.137069519,-257.370991814
506.555866688,-257.012563977
506.98134819,-256.648700082
507.380834419,-256.307448008
507.773892138,-255.971931281
508.180284663,-255.62550367
508.600290284,-255.268492659
509.001218101,-254.928935433
509.402585329,-254.589897716
509.810665467,-254.24545966
510.225378325,-253.895526324
510.620505779,-253.562449546
511.035598371,-253.212966737
511.437840359,-252.874967317
511.840657313,-252.53765333
512.250515209,-252.195332604
512.667346847,-251.847925811
513.071245585,-251.511907904
513.488378963,-251.164863471
513.905579121,-250.81789932
514.322907488,-250.471089389
514.7336361,-250.129813868
515.157792591,-249.777744479
515.595277163,-249.414761115
515.999499571,-249.079132646
516.416627708,-248.732081914
516.846364665,-248.373253835
517.268917808,-248.019261708
517.691046822,-247.664763925
518.152742152,-247.277022115
518.581820287,-246.917406491
519.004284792,-246.563308587
519.41344302,-246.220151891
519.835910787,-245.866057878
520.258236308,-245.511794223
520.673687536,-245.162737821
521.10868529,-244.796777952
521.517146248,-244.452791586
521.945256328,-244.092024067
522.353511828,-243.747793882
522.768390562,-243.398057223
523.190010903,-243.042954603
523.618156277,-242.68222897
524.039692568,-242.327026579
524.454476783,-241.977177828
524.86907021,-241.627103
525.283721378,-241.277096568
525.698367743,-240.927084447
526.106600714,-240.582827542
526.50170406,-240.249722167
526.922995666,-239.894229599
527.331191857,-239.549929086
527.752501939,-239.194458413
528.160374598,-238.849774692
528.554929574,-238.516019968
528.962625331,-238.171127022
529.390317662,-237.809864357
529.811794398,-237.454591302
530.226787562,-237.104990432
530.635090014,-236.760815938
531.050091202,-236.411224595
531.45891933,-236.067674691
531.874895387,-235.719243904
532.291454064,-235.371509863
532.688452627,-235.040665511
533.085626971,-234.710032201
533.502994917,-234.363269903
533.927301229,-234.011381089
534.325481089,-233.681959408
534.737256261,-233.341947376
535.155816983,-232.996625763
535.567834039,-232.656906881
535.97318576,-232.322643202
536.372199494,-231.994232049
536.785224351,-231.655739152
537.198820872,-231.317944995
537.606196309,-230.986150665
538.020644255,-230.649401687
538.421973634,-230.323824392
538.843563109,-229.982207051
539.251785975,-229.651455911
539.660029052,-229.320729718
540.08187824,-228.979433137
540.50383687,-228.638271872
540.912275868,-228.307787667
541.320475538,-227.9770079
541.734905044,-227.640236229
542.148891898,-227.302920563
542.555896779,-226.970671782
542.962665625,-226.638134069
543.369598461,-226.305797055
543.783308581,-225.968142038
544.196840236,-225.630268474
544.59680437,-225.303015458
545.00991519,-224.964627479
545.423054957,-224.626274841
545.829680103,-224.293561428
546.22990552,-223.96662801
546.643738912,-223.629124087
547.037504949,-223.307898087
547.437707922,-222.980937194
547.844279244,-222.648158011
548.257398399,-222.309780207
548.663811639,-221.976807982
549.069872267,-221.643405836
549.469122378,-221.315282088
549.881882704,-220.97646667
550.288232406,-220.643416907
550.694504795,-220.310272839
551.107196319,-219.971373621
551.51327278,-219.637990758
551.919449528,-219.30473009
552.312345439,-218.982440409
552.711885594,-218.654669895
553.117951904,-218.32127467
553.523869001,-217.98769779
553.92291668,-217.659327885
554.321961359,-217.330954334
554.741490652,-216.986810082
555.154873886,-216.648754942
555.568521328,-216.311023144
555.982366763,-215.97353399
556.403103345,-215.63086677
556.790716832,-215.315725564
557.178552576,-215.000857927
557.600116872,-214.659209512
558.02194193,-214.317883106
558.423613555,-213.992728144
558.818829325,-213.673287492
559.234621765,-213.338200009
559.643857375,-213.008702755
560.053210211,-212.67935115
560.469295228,-212.344627036
560.878888896,-212.015574985
561.289126012,-211.687325486
561.686426648,-211.370481613
562.090817215,-211.048714439
562.495667808,-210.727526269
562.907790002,-210.401646656
563.313468708,-210.081505074
563.712624452,-209.767001454
564.118785754,-209.447472359
564.538619361,-209.117462184
564.978891117,-208.771641096
565.385235365,-208.452344686
565.804689222,-208.121851971
566.230300041,-207.785257964
566.662425234,-207.443016236
567.067425474,-207.122016782
567.479115914,-206.795591895
567.897555891,-206.46381643
568.322601744,-206.126509274
568.734069778,-205.799804085
569.15907598,-205.46244697
569.570819795,-205.13608941
569.996398815,-204.7994552
570.41539357,-204.468380634
570.834167797,-204.137027166
571.245927592,-203.810689769
571.664205456,-203.478709948
572.075479399,-203.151760457
572.493491991,-202.819446681
572.897970707,-202.497790321
573.302290225,-202.175933874
573.720183554,-201.843470132
574.131427576,-201.516483007
574.562833844,-201.173335495
574.974033935,-200.846293127
575.391901908,-200.513797517
575.863720441,-200.138439609
576.281754422,-199.806152736
576.692923077,-199.479070848
577.12428642,-199.135869378
577.521925351,-198.819450168
577.939794389,-198.486955896
578.36438262,-198.149072884
578.788755599,-197.810919564
579.536474035,-197.215142764
579.934279177,-196.898932545
580.359518362,-196.561869153
580.798547565,-196.214471972
581.211000343,-195.889010867
581.684816852,-195.516178191
582.104842736,-195.186412772
582.518337181,-194.862276123
582.931997905,-194.538351701
583.352661093,-194.209399645
583.759861928,-193.891196367
584.167187628,-193.573152943
584.581412189,-193.249949855
584.995600725,-192.926700599
585.409930909,-192.603632921
585.831556373,-192.275915143
586.240153325,-191.959506586
586.656026985,-191.63842821
587.07227254,-191.317832106
587.48890312,-190.997736519
587.892111866,-190.688446134
588.309248376,-190.369010136
588.719890864,-190.055260887
589.123856992,-189.74696038
589.527933275,-189.438804262
589.945915224,-189.12047532
590.363962314,-188.802231931
590.795480854,-188.473245848
591.219871376,-188.149116768
591.630441556,-187.835272902
592.061587553,-187.505798743
592.499764669,-187.171340378
592.924556835,-186.847737856
593.349202187,-186.523942708
593.773179087,-186.199272779
594.189837655,-185.879213623
595.043448855,-185.22309788
595.467016387,-184.897894069
596.314461276,-184.247890177
596.738110756,-183.922793127
597.161611258,-183.597502027
598.008344942,-182.946571949
598.424645025,-182.626046653
598.847485961,-182.299898657
599.263195025,-181.9786072
599.671801383,-181.662210787
600.475262743,-181.039795188
600.883883612,-180.723417515
601.306036297,-180.396379164
601.71439275,-180.079660277
602.136429555,-179.752472396
602.558698609,-179.42558431
602.987926539,-179.09361522
603.410350316,-178.766927102
603.832798048,-178.44026996
604.255354516,-178.113753488
604.677894536,-177.787215733
605.100424092,-177.460664436
605.522888816,-177.134029271
605.931652267,-176.81783584
606.340563442,-176.501833474
606.763447355,-176.175741199
607.179862598,-175.855365531
607.61028983,-175.524952922
608.041036275,-175.194956569
608.458471012,-174.875910387
608.876217874,-174.557273001
609.335146513,-174.20741478
609.753172546,-173.889143729
610.171256903,-173.570949303
610.596252893,-173.247614515
611.014780033,-172.930002715
611.426797915,-172.618061838
611.845824634,-172.301109424
612.271830337,-171.979106138
612.691342553,-171.662796598
613.111353733,-171.347149909
613.54547657,-171.021608118
613.966085228,-170.706758025
614.373212967,-170.402644823
614.801307959,-170.083424444
615.229656814,-169.764544791
615.637659264,-169.461606123
616.059974913,-169.149049381
616.51034883,-168.81649145
616.939956127,-168.499309255
617.376120187,-168.176507447
617.819020625,-167.848329469
618.248227013,-167.530604981
618.684263875,-167.207631378
619.127124741,-166.8794
619.563207485,-166.556488351
619.999348916,-166.233655967
620.421433022,-165.920786616
620.850133318,-165.602379595
621.278494942,-165.283517097
621.706522776,-164.964206671
622.127578805,-164.649955108
622.562487534,-164.325463983
623.004236653,-163.99573788
623.425264387,-163.681448412
623.853122989,-163.361911261
624.287655336,-163.036916286
624.728900928,-162.706516664
625.163047345,-162.38100632
626.003383378,-161.750130541
626.430260624,-161.429283551
626.870742157,-161.097865987
627.297574336,-160.776959045
627.724481494,-160.456151855
628.137492732,-160.145527385
628.564141578,-159.824376737
628.990573553,-159.502938184
629.423705833,-159.176079619
629.843216419,-158.859767915
630.717035891,-158.201764343
631.143753427,-157.880704975
631.563639558,-157.564891961
631.983536792,-157.249093704
632.417408272,-156.923216991
633.306326143,-156.256630996
633.733757043,-155.936521953
634.161539183,-155.616882445
634.582829972,-155.302945674
635.01821219,-154.979090125
635.474377676,-154.639881159
635.923716756,-154.305926322
636.3385732,-153.997770555
636.774191744,-153.674232955
637.216965185,-153.345883656
637.639097351,-153.033079149
638.068338035,-152.715400996
638.497963134,-152.398242914
638.948879761,-152.066421217
639.372564507,-151.755722874
639.817509983,-151.430322957
640.701053765,-150.785435713
641.160119458,-150.450162152
641.631542125,-150.102610845
642.085891253,-149.76097282
642.549761818,-149.403404168
643.002078163,-149.045038159
643.442475223,-148.685594003
643.890366426,-148.308202017
644.345173786,-147.91240339
644.781045655,-147.52119123
645.223858244,-147.112017306
645.648236872,-146.70836644
646.090999132,-146.274158659
646.514945346,-145.845467748
646.950523529,-145.392032768
647.350253508,-144.963958959
647.756042067,-144.518042
648.161935111,-144.06063933
648.561835449,-143.597988179
648.950440131,-143.137018886
649.498005776,-142.472171961
649.886461117,-141.988770197
650.274088941,-141.493718376
650.645425324,-141.007842201
651.021705949,-140.504111593
651.397828106,-139.989554554
651.773694707,-139.464183557
652.134056395,-138.948944692
652.493777684,-138.422791274
652.848158948,-137.893026476
653.206357238,-137.345133879
653.544729457,-136.815194377
653.88649189,-136.267025769
654.217766766,-135.722513344
654.538404466,-135.181659298
654.848405334,-134.644561283
655.148122672,-134.111517302
655.437531591,-133.582604486
655.736779079,-133.019854306
656.033325231,-132.445963408
656.33483304,-131.845601585
656.501144464,-131.505068787
656.526984776,-131.450595481
656.483789384,-131.544493254
656.409948258,-131.70960853
656.330381375,-131.891027804
656.230912023,-132.120146544
656.132361254,-132.349661891
656.034995447,-132.57968243
655.932065305,-132.826050304
655.830096111,-133.072817456
655.725659718,-133.327883007
655.631555298,-133.559256962
655.541015614,-133.782782289
655.450722783,-134.006407446
655.351166849,-134.254158046
655.242418136,-134.526061571
655.124170197,-134.821995062
655.002507312,-135.125839135
654.867698865,-135.461530879
654.729254078,-135.805043654
654.58722791,-136.15639909
654.43211467,-136.539624902
654.276985619,-136.922844318
654.144253129,-137.250085815
654.192977026,-137.130429653
654.277616096,-136.923100787
654.391715685,-136.64407058
654.538582252,-136.28538583
654.692647074,-135.911034926
654.858026235,-135.513401773
655.034908455,-135.092571375
655.216569594,-134.664409528
655.406320327,-134.220969923
655.594067813,-133.786044209
655.783484389,-133.351842811
655.97096693,-132.926197851
656.156419619,-132.509073357
656.347158491,-132.084877627
656.54011611,-131.661686545
656.725073729,-131.263257441
656.913362875,-130.866391883
657.09797174,-130.486868961
657.290691369,-130.101743608
657.488136186,-129.719019247
657.694850815,-129.331431664
657.899274289,-128.962203923
658.127259122,-128.566718829
658.482535545,-127.976327104
658.730181054,-127.582633015
658.985655639,-127.193973691
659.234354684,-126.831891023
659.485403988,-126.48198155
659.763967658,-126.109522672
660.060365868,-125.729007067
660.369453913,-125.347573579
660.679947331,-124.978469446
660.991839421,-124.62191255
661.316957177,-124.265622684
661.649212582,-123.915979477
662.006145246,-123.55426563
662.369846422,-123.199358192
662.746598366,-122.84562974
663.136642695,-122.493624562
663.546399618,-122.137900854
663.956009323,-121.795283186
664.378420532,-121.454682448
664.813719988,-121.116487284
665.255117539,-120.7862907
665.69556597,-120.469359676
666.148988966,-120.155880538
667.103614907,-119.522676769
667.590652238,-119.21314339
668.090852374,-118.908461485
668.603910246,-118.608517825
669.129649244,-118.31338261
669.690787486,-118.011123291
670.257000356,-117.718480489
670.820264029,-117.439078141
671.356972446,-117.183855387
671.929128281,-116.923146094
672.505344815,-116.671538979
673.085445781,-116.42902196
673.669411374,-116.195964408
674.240848072,-115.978188219
674.815410898,-115.768798808
675.393060197,-115.568080962
675.973609075,-115.375910805
676.573236847,-115.186759619
677.167224939,-115.008566009
677.755374905,-114.841096656
678.354075605,-114.679441811
678.955062252,-114.526504353
679.583480011,-114.376899864
680.239287994,-114.231101483
680.888689821,-114.096491395
681.539878479,-113.970809493
682.167309107,-113.858704045
682.753806262,-113.762705783
683.333138693,-113.676652454
683.922187572,-113.597810853
684.520784194,-113.525780489
685.103117677,-113.463178937
685.677642562,-113.408980869
686.270007883,-113.361044408
686.837101863,-113.321622463
687.404445542,-113.285973868
687.963244659,-113.251695715
688.530587358,-113.216031552
689.080646933,-113.180030885
689.630642151,-113.143060053
690.172009332,-113.106159258
690.713319186,-113.068426805
691.237425501,-113.03161928
691.787359923,-112.993754862
692.311576004,-112.958545121
692.844416041,-112.923211421
693.377252676,-112.887826469
693.892873304,-112.85316799
694.417058378,-112.817499591
694.941258223,-112.782048948
695.465502633,-112.747263594
695.989771879,-112.712854547
696.496860898,-112.679709972
697.021132246,-112.645332977
697.536786303,-112.611175411
698.061018629,-112.576208386
698.593857809,-112.54086181
699.126733093,-112.50606372
699.659630904,-112.471612325
700.183948496,-112.437948014
700.682505579,-112.406340574
701.181080586,-112.375017144
701.722636459,-112.340997568
702.255599117,-112.307564391
702.745598627,-112.277111054
703.244200479,-112.246217879
703.777177896,-112.213020782
704.310165983,-112.179995441
704.817379195,-112.148809009
705.324612069,-112.117944054
705.831855755,-112.087257278
706.347686613,-112.055882605
706.863528986,-112.024697796
707.379397323,-111.9939455
707.878077298,-111.964340142
708.393956174,-111.933765131
708.892661911,-111.904596947
709.417177282,-111.874169192
709.924506541,-111.844931221
710.440467472,-111.815773683
710.965042446,-111.786391357
711.481002979,-111.757226752
712.014163391,-111.727111176
712.547327161,-111.697055052
713.071866214,-111.667038319
713.587788366,-111.63720245
714.112277767,-111.606330254
714.645297497,-111.573819612
715.178289934,-111.540864546
715.694111392,-111.509335701
716.192753776,-111.479103793
716.717184994,-111.447258523
717.258795961,-111.414127634
717.783196742,-111.38178505
718.307596244,-111.349421657
718.832007325,-111.317246477
719.347835421,-111.285826429
719.880878408,-111.253699323
720.396722463,-111.222542415
720.903940503,-111.191434602
721.411150352,-111.160193571
721.926948717,-111.128289132
722.451331398,-111.095654359
722.97571886,-111.063096479
723.500114804,-111.030675553
724.024540191,-110.998734356
724.531816094,-110.968584871
725.039105119,-110.938656964
725.554963358,-110.90773573
726.088006794,-110.875616107
726.621049642,-110.843486728
727.12829317,-110.812797361
727.644134906,-110.781602028
728.168564585,-110.749731411
728.675782254,-110.718617588
729.19156993,-110.686540818
729.707337125,-110.654136389
730.214498442,-110.62211714
730.730269789,-110.589778899
731.254673901,-110.557490305
731.787684699,-110.524833572
732.3206858,-110.492018939
732.845107243,-110.460013089
733.369560394,-110.42853104
733.885419541,-110.397624977
734.409859373,-110.365921901
734.934268219,-110.333710279
735.441469484,-110.302330157
735.957293426,-110.270841978
736.490324131,-110.238511781
737.031949444,-110.205616302
737.565015814,-110.173879575
738.080940641,-110.144089997
738.605489103,-110.11423811
739.138673346,-110.084547432
739.671898779,-110.055605914
740.196544065,-110.027506972
740.721219256,-109.999972117
741.254516851,-109.972392278
741.805020769,-109.943984151
742.329727402,-109.917055109
742.854453513,-109.890508313
743.396380659,-109.8630299
743.964066743,-109.833328335
744.497314952,-109.804809577
745.030551406,-109.776071772
745.580974516,-109.746138804
746.131399089,-109.716232748
746.673226738,-109.686857702
747.206459765,-109.658056431
747.748291893,-109.628764157
748.298702618,-109.598604301
748.831891224,-109.568992026
749.37367186,-109.538762318
749.906863538,-109.509205439
750.44867319,-109.479500335
750.981920497,-109.450964631
752.091464292,-109.392445973
752.650537962,-109.362982893
753.183802601,-109.334772976
753.717041607,-109.306082598
754.258860493,-109.276546371
754.783471117,-109.247807609
755.316681963,-109.218598548
755.858506659,-109.189169101
756.391746719,-109.160498333
757.458281773,-109.104187809
758.000186047,-109.076261999
758.533507389,-109.049145159
759.075421354,-109.021408064
759.617315788,-108.993291953
760.133408097,-108.966560429
760.658116643,-108.939668658
762.249497576,-108.859127533
762.765638008,-108.83334188
763.264587386,-108.80869007
763.780751461,-108.783382121
764.262509747,-108.759866589
764.838919633,-108.732155352
765.346527485,-108.708236645
766.404784971,-108.658887788
766.929627259,-108.634746604
767.979313385,-108.586497925
768.504154308,-108.56232711
768.985981229,-108.540262611
769.502218642,-108.516497525
770.027052236,-108.492168049
770.5691003,-108.467188245
771.076754186,-108.444267378
771.593032088,-108.421398764
772.117928236,-108.398458434
772.642841267,-108.375907701
773.675468546,-108.331813716
774.191768521,-108.309448977
774.716670748,-108.286648178
775.732076619,-108.243033302
776.239772601,-108.221064606
776.790472046,-108.196739647
777.323932431,-108.172511687
777.840147081,-108.148257205
778.373525714,-108.122291688
778.915488191,-108.095519204
779.44025949,-108.06988115
779.965052944,-108.044700725
781.031848855,-107.993569704
781.556635758,-107.968253059
782.072833056,-107.943632092
782.614857979,-107.918155058
783.67310265,-107.868532185
784.19790656,-107.843570633
784.714099305,-107.81885433
785.247508497,-107.793524329
785.815342743,-107.766804689
786.348760801,-107.741662073
786.882180354,-107.716551241
787.406986898,-107.691645068
787.905961336,-107.667505818
788.439345401,-107.641652118
788.981334799,-107.61543027
789.4975172,-107.590498874
790.013698269,-107.5655399
790.529889508,-107.540792203
791.054707561,-107.516129767
791.579554106,-107.492081296
792.104423833,-107.468544223
792.637890468,-107.444454297
793.154135065,-107.420845828
793.670379737,-107.397238949
794.186622063,-107.373580836
794.711457464,-107.349290384
795.210493283,-107.326455195
795.726775008,-107.303673051
796.225884539,-107.282510079
796.742227558,-107.26116223
797.2585773,-107.239977623
797.774935318,-107.218995688
798.282691833,-107.198473574
798.799053561,-107.177583138
799.306812362,-107.157117655
799.814577481,-107.136809598
800.339566129,-107.116093752
800.855950113,-107.095760896
801.372326328,-107.075231693
801.871497725,-107.055581959
802.396508834,-107.035443432
802.921526406,-107.015474095
803.420718496,-106.996357268
803.937125522,-106.976618319
804.444933287,-106.957406117
804.961355062,-106.938056785
805.486396523,-106.918725749
805.994245448,-106.900634236
806.493508987,-106.883484482
807.010004207,-106.866206373
807.526502584,-106.84902293
808.034388695,-106.832007219
808.54227058,-106.814865869
809.050147496,-106.797577941
809.540775063,-106.7799282
809.971049814,-106.761871813
810.392579928,-106.741124696
810.753790852,-106.721403317
811.11492999,-106.700408364
811.45883474,-106.679781855
811.768325471,-106.660829478
812.069181654,-106.641799799
812.369962007,-106.621606929
812.687829298,-106.59881239
813.031397016,-106.57317737
813.735692254,-106.520377135
814.105054851,-106.493187835
814.491667365,-106.46570508
814.895545128,-106.438185607
815.308070482,-106.410891372
815.746377381,-106.381871846
816.184648458,-106.352316191
816.622902993,-106.322516252
817.078325311,-106.29127436
817.533724076,-106.259690996
818.014890837,-106.226186167
818.496061024,-106.192730583
818.994426316,-106.158230863
819.956816088,-106.092034011
820.446618358,-106.058557733
820.962198243,-106.023298299
821.46918142,-105.988572337
821.976162369,-105.95381387
822.483134919,-105.918933085
822.981496632,-105.884381696
823.47984814,-105.849683432
823.995391957,-105.813900488
825.009339191,-105.744169987
825.507753091,-105.710379766
826.006193261,-105.676979282
826.530423334,-105.641978491
827.054660507,-105.607084191
827.553132986,-105.574169404
828.068794221,-105.540120425
828.567269765,-105.507252098
829.082953357,-105.473543351
829.598640755,-105.439892894
830.122921896,-105.405665595
830.655818701,-105.371198659
831.17156875,-105.338522484
831.67876141,-105.307003584
832.177371961,-105.276251156
832.69318727,-105.244621852
833.217604992,-105.212555103
833.716207593,-105.181674026
834.214775074,-105.150231032
835.246260987,-105.084655173
835.753409801,-105.052438505
836.26056368,-105.020301624
836.767733106,-104.988411051
837.292141655,-104.95619463
837.81658927,-104.924620534
838.332456239,-104.893845303
838.839733358,-104.863716251
839.347020937,-104.833763844
839.862914596,-104.803439291
840.404601868,-104.771580325
840.90331662,-104.742566687
841.402062016,-104.714084689
841.909411111,-104.685192987
842.451143467,-104.654110062
843.577568204,-104.588876969
844.213970609,-104.553822696
844.859253206,-104.523810127
845.479011805,-104.502036382
846.081777497,-104.488627069
846.667443607,-104.483484394
847.270352577,-104.486141992
847.864566683,-104.496348645
848.467217158,-104.514200638
849.06100719,-104.538857835
849.688856103,-104.57258286
850.299048381,-104.612977814
850.917274993,-104.661667385
851.534813254,-104.718423985
852.1258473,-104.780660113
852.715952398,-104.851162268
853.322040781,-104.932545559
853.909842699,-105.020201048
854.49630198,-105.116430416
855.08123748,-105.221525809
855.672940913,-105.337255382
856.279715219,-105.465316928
856.859433233,-105.596166472
857.445615258,-105.737222925
857.996317214,-105.878208841
858.544944959,-106.027062024
859.132652476,-106.196077527
859.718015047,-106.373043707
860.301957721,-106.554640297
860.877096214,-106.735532537
861.460214559,-106.919758933
862.018782675,-107.095920505
862.561232922,-107.265912857
863.095737334,-107.432455574
863.638574787,-107.60120738
864.173124953,-107.767603187
864.699265526,-107.932034571
865.217042566,-108.094352251
865.734721595,-108.256982252
866.268800783,-108.424883605
866.802857142,-108.592857561
867.336990138,-108.76058765
867.871263829,-108.927869054
868.405507104,-109.095247563
868.915080314,-109.254941389
869.432923218,-109.417048822
869.942637428,-109.576292033
870.444215539,-109.732694146
870.937532512,-109.886655862
871.45543305,-110.048579072
871.973262813,-110.210728482
872.548465263,-110.391417247
873.04135405,-110.546744288
873.567124092,-110.712356624
874.084709835,-110.875283269
874.585814388,-111.03319607
875.08700062,-111.190849435
875.588223674,-111.348385705
876.557739838,-111.653327907
877.042543532,-111.805653914
877.5438776,-111.962836543
878.069869198,-112.127743855
878.562868833,-112.282718703
879.063983001,-112.440600991
879.556755131,-112.596297718
880.065833447,-112.757562234
880.56664724,-112.916394755
881.075647417,-113.077905726
881.560014559,-113.231614236
882.052529684,-113.388122055
882.544952459,-113.544920189
883.053818265,-113.706854019
883.56279005,-113.868454443
884.071848626,-114.029781251
884.556371364,-114.182998588
885.049250337,-114.338356768
885.558682504,-114.498499952
886.092797679,-114.666286794
886.594047347,-114.823738353
887.10348782,-114.983855124
887.604715353,-115.14137713
888.0978265,-115.295996803
888.706055125,-115.48650865
889.191110695,-115.638030685
889.659911547,-115.783813695
890.145262836,-115.934385812
891.140770585,-116.242778863
892.605207419,-116.696541947
893.090592946,-116.847003654
893.576074877,-116.997154013
894.045221245,-117.141821253
894.522587679,-117.28906079
895.008071204,-117.439205994
895.526322231,-117.600003903
896.011487779,-117.751173427
896.480144765,-117.897418271
896.948889659,-118.043381107
897.434245962,-118.193937059
897.936117734,-118.349394288
898.429783806,-118.502232937
898.940003478,-118.659849122
899.42547665,-118.810027795
900.412803173,-119.11572326
901.334457681,-119.400554903
901.844676375,-119.558174254
902.354857739,-119.715914387
902.856833352,-119.871035978
903.367049386,-120.028663937
903.869029967,-120.183769454
904.35467343,-120.333396527
904.85689406,-120.48772301
905.359107615,-120.642072514
905.836629983,-120.788805548
906.347183274,-120.945337687
907.327253742,-121.245329445
908.290792953,-121.54047359
908.776684788,-121.689292133
909.765101006,-121.991445668
910.259359841,-122.142356397
911.247936947,-122.443983131
911.733986446,-122.592285923
912.219992665,-122.740730495
912.722406584,-122.894426553
913.200021587,-123.040857773
913.710467145,-123.197740878
914.212651881,-123.352184121
914.723050926,-123.509218472
915.233424782,-123.666334679
915.735620592,-123.820741913
916.237874133,-123.974961249
916.732026558,-124.126220055
917.251059711,-124.284475164
917.74546346,-124.43491046
918.239858475,-124.585374459
918.758843498,-124.743787336
919.269452849,-124.900136511
919.771834313,-125.05393862
920.290809406,-125.212384031
920.785279249,-125.362601934
921.288198757,-125.51463546
921.956094628,-125.716235582
922.450892244,-125.865370297
922.945777911,-126.014212566
923.440665619,-126.163048046
923.960161,-126.319779172
924.471241452,-126.474581446
925.468604804,-126.776919495
925.963230575,-126.926623179
926.457840792,-127.076378239
926.96888126,-127.231312463
927.479901609,-127.386313036
928.369988112,-127.656570977
928.95529931,-127.833706999
929.558046073,-128.012670611
930.170860216,-128.187872352
930.777487262,-128.353206135
931.361241269,-128.503995883
931.947048983,-128.646598869
932.551589623,-128.784821272
933.174877362,-128.918047465
933.800059389,-129.042080754
934.427016251,-129.156806154
935.0640998,-129.26364685
935.719706663,-129.363758027
936.359652816,-129.451844945
936.983736478,-129.528338211
937.60032361,-129.594633944
938.2092955,-129.650487371
938.80189093,-129.695489991
939.438103782,-129.73383094
940.04904345,-129.760646808
940.668950831,-129.777666107
941.280434459,-129.785024158
941.90918614,-129.783304447
942.546449285,-129.771793141
943.183458423,-129.750434786
943.820077528,-129.719565034
944.473394906,-129.67871515
945.126108491,-129.629144104
945.778135047,-129.571233138
946.420881014,-129.506673064
947.071411477,-129.433855282
947.721011791,-129.353159901
948.369550941,-129.264338282
949.042493605,-129.163658168
949.697109411,-129.05725912
950.35880093,-128.941045474
951.035924016,-128.813420828
951.711266056,-128.676684395
952.367767354,-128.534040346
953.022266748,-128.382475766
953.683049494,-128.220135146
954.341614987,-128.049021712
954.981222588,-127.87367997
955.593609523,-127.696990793
956.187204869,-127.517493208
956.778669271,-127.331093966
957.368524099,-127.139662263
957.974219748,-126.94124451
958.531192945,-126.760103405
959.105024798,-126.575108018
959.662648876,-126.395980612
960.203993193,-126.222498616
960.737388355,-126.052436733
961.279297798,-125.880728179
961.829563946,-125.706879283
962.371620568,-125.535635921
962.888993056,-125.372033345
963.422833103,-125.203373192
963.964980933,-125.032418799
964.507198428,-124.861685497
965.049598132,-124.691531943
965.592288083,-124.522306384
966.110565233,-124.361592694
966.628935319,-124.20117902
967.163725446,-124.035556068
967.665574075,-123.88002414
968.15905998,-123.726604762
968.677049654,-123.564966927
969.18671782,-123.405576409
969.696155673,-123.245451312
970.188970603,-123.089890101
970.739386092,-122.916514613
971.265292009,-122.751334254
971.807756433,-122.58138714
972.333994267,-122.417267293
972.852067587,-122.255897748
973.378330738,-122.091859097
973.912745721,-121.925029638
974.438725521,-121.760084694
974.980956134,-121.58939306
975.506682671,-121.42364267
976.040410913,-121.254629044
976.590271343,-121.079501148
977.140017727,-120.904015579
977.665111217,-120.736270504
978.214845547,-120.560747183
978.73995211,-120.393043031
979.634071612,-120.106788271
980.216466633,-119.92028785
980.807095302,-119.731257186
981.39789377,-119.542757883
981.956830268,-119.367768651
982.53413523,-119.193914496
983.10540932,-119.030083801
983.678846121,-118.873991469
984.25431861,-118.725579905
984.840001307,-118.582464333
985.452570714,-118.440723879
986.050101631,-118.310634789
986.640915487,-118.190446284
987.233211482,-118.077788644
987.826786898,-117.972079073
988.421566565,-117.873370235
989.000501485,-117.784682016
989.60614335,-117.700039828
990.212844374,-117.623357133
990.837540483,-117.552038085
991.445849607,-117.489377268
992.071940555,-117.431569308
992.698595151,-117.380230727
993.317211096,-117.336766605
993.944953848,-117.30112012
994.581728918,-117.27365492
995.218811113,-117.254599769
995.864687526,-117.243022127
996.5192623,-117.238105305
997.182465729,-117.240060588
997.836993226,-117.249337765
998.508596775,-117.266365695
999.179980293,-117.290561815
999.851073433,-117.321791161
1000.53040741,-117.360439137
1001.17492097,-117.403943771
1002.05071463,-117.473267333
1002.67684051,-117.530695748
1003.31070431,-117.59743031
1003.93493207,-117.672738565
1004.55788638,-117.757941702
1005.20498945,-117.856683416
1005.83364044,-117.961729861
1006.4778655,-118.077774586
1007.10372257,-118.198355473
1007.72819008,-118.325937445
1008.35120449,-118.460435999
1008.95574238,-118.598670433
1009.57516887,-118.74882917
1010.18413972,-118.905309653
1010.81584306,-119.076899851
1011.49502758,-119.270621411
1012.13068781,-119.459773947
1012.75603746,-119.653242625
1013.3875621,-119.855774681
1014.01703214,-120.064604951
1014.63604252,-120.27748628
1015.24434271,-120.49488284
1015.8661113,-120.725634707
1016.48505587,-120.963857763
1017.11687669,-121.216426113
1017.71337293,-121.464383005
1018.32224558,-121.727283568
1018.9354095,-122.001821869
1019.5214048,-122.273667227
1020.08833948,-122.545543487
1020.63634202,-122.816946471
1021.18084645,-123.095301102
1021.73764847,-123.38736812
1022.28509941,-123.678696609
1022.80960765,-123.958134767
1023.31958,-124.228217102
1023.83795832,-124.500825176
1024.36474639,-124.775941341
1024.88431785,-125.046268451
1025.39621762,-125.312679591
1025.90812471,-125.57907667
1026.40479991,-125.837427561
1026.90121723,-126.096273639
1027.38965947,-126.351784426
1027.87806423,-126.607366832
1028.35907299,-126.858505589
1028.8252646,-127.100802116
1029.30722028,-127.350118816
1029.78188245,-127.594787562
1030.26446596,-127.842886843
1030.73949376,-128.08684495
1031.22233766,-128.334437072
1031.68222284,-128.57017309
1032.15728416,-128.814065939
1032.62462894,-129.054130679
1033.09961759,-129.298165012
1033.57467926,-129.54205717
1034.04226868,-129.781645061
1034.51004419,-130.020869421
1034.9780511,-130.25964077
1035.43100201,-130.490017214
1035.88418735,-130.719932167
1036.34517513,-130.953504664
1036.8214569,-131.195005497
1037.28991437,-131.43289165
1037.75059318,-131.667072941
1038.21878842,-131.905474783
1038.67923919,-132.140104136
1039.14741731,-132.378539606
1039.63088911,-132.624903403
1040.07596067,-132.851772305
1040.5211292,-133.078450881
1040.98177077,-133.312705414
1041.45022092,-133.550605978
1041.91095796,-133.784672687
1042.36392146,-134.015024396
1042.82451899,-134.249365497
1043.29271454,-134.487766752
1043.73764288,-134.714916409
1044.18986102,-134.946727935
1044.65704424,-135.187106951
1045.12394887,-135.428026624
1045.58298562,-135.665410506
1046.04950369,-135.907077869
1046.48544316,-136.132873572
1046.94445778,-136.370300249
1047.41123538,-136.611465943
1047.87797246,-136.852710059
1048.34459896,-137.094167996
1048.81877834,-137.339771122
1049.27770442,-137.577368878
1049.74450188,-137.818496137
1050.20371029,-138.055547783
1050.67833146,-138.300296059
1051.14558762,-138.540533245
1051.60534071,-138.776526758
1052.05755168,-139.008352283
1052.51777848,-139.243420652
1052.97826132,-139.477987064
1053.43877746,-139.712488084
1053.89933083,-139.946915972
1054.35984302,-140.18142475
1054.82019573,-140.416246444
1055.28039378,-140.651371107
1055.73280421,-140.882807137
1056.18513579,-141.114397236
1056.65291175,-141.353620716
1057.10556121,-141.584588913
1057.5583661,-141.815252219
1058.04981492,-142.064931301
1058.60304829,-142.34512348
1059.14881836,-142.620988293
1059.70250286,-142.900287944
1060.24836515,-143.175970236
1060.76998714,-143.442319137
1061.28918811,-143.713357127
1061.82788075,-144.002799017
1062.35485341,-144.295725808
1062.87702133,-144.597134089
1063.40159137,-144.91144705
1063.92130577,-145.233725372
1064.44345901,-145.568285997
1064.94607246,-145.901281498
1065.45077067,-146.24660176
1065.92948128,-146.584044187
1066.41034281,-146.933281601
1066.87253344,-147.278818996
1067.33686286,-147.635791594
1067.79593239,-147.999503577
1068.23624156,-148.359055388
1068.67167797,-148.72449322
1069.08937512,-149.08420237
1069.50901052,-149.454793213
1069.93702127,-149.841863068
1070.35408977,-150.228131806
1070.77290763,-150.62513038
1071.19389006,-151.032322022
1071.61120098,-151.443275598
1072.03065137,-151.864293353
1072.46353533,-152.308349987
1072.91492364,-152.782418438
1073.34876836,-153.249339831
1073.77798562,-153.720518526
1074.19354408,-154.180829279
1074.60903433,-154.641201594
1075.01369627,-155.088141194
1075.40754574,-155.52163148
1075.78439713,-155.935653795
1076.17880103,-156.368639713
1076.56204871,-156.788485978
1076.93975158,-157.201731651
1077.30560582,-157.602469432
1077.6769619,-158.00984671
1078.0539839,-158.423713655
1078.41366878,-158.818420839
1078.77302139,-159.213430556
1079.12585982,-159.602721277
1079.47234758,-159.986142823
1079.81268379,-160.363514121
1080.15865945,-160.747397814
1080.51065996,-161.137446359
1080.85145636,-161.514402123
1081.19823674,-161.897559027
1081.53923571,-162.274331553
1081.89157974,-162.664069809
1082.24960975,-163.060278704
1082.63086468,-163.481935373
1082.98344789,-163.871457268
1083.32492124,-164.24779991
1083.66706935,-164.623529209
1084.009514,-164.998988258
1084.35786773,-165.380715285
1084.70070208,-165.755818529
1085.04381644,-166.130665656
1085.37565415,-166.492481441
1085.7193011,-166.866840369
1086.0571741,-167.234807804
1086.401285,-167.608740319
1086.74582053,-167.982281618
1087.07887358,-168.342978985
1087.42957748,-168.722547977
1087.78593839,-169.108616783
1088.12440038,-169.476042523
1088.46261034,-169.843700269
1088.80662294,-170.217723217
1089.14480481,-170.585406803
1089.48315228,-170.952938005
1089.83353196,-171.332806311
1090.18407808,-171.712521018
1090.51118679,-172.066983869
1090.84976373,-172.434303697
1091.20006968,-172.814239985
1091.53908166,-173.181158331
1091.89013077,-173.560408072
1092.22364228,-173.920681583
1092.5745338,-174.30007713
1092.92522132,-174.679661257
1093.27579056,-175.059354627
1093.62635051,-175.439056571
1093.97106721,-175.812430685
1094.31573201,-176.185852709
1094.65429426,-176.553186071
1095.00428203,-176.933415487
1095.36000727,-177.320070087
1095.70974409,-177.700530336
1096.04179088,-178.062154245
1096.38522024,-178.436712795
1096.74000198,-178.824233309
1097.09470676,-179.211824258
1097.43785914,-179.586636575
1097.78097031,-179.961486631
1098.12967388,-180.342894111
1098.47810417,-180.724551255
1098.82612859,-181.10657854
1099.16227349,-181.476125291
1099.50435519,-181.851915058
1099.84670537,-182.227460246
1100.19491757,-182.609316381
1100.53688444,-182.985210638
1100.8665737,-183.34898518
1101.20738683,-183.725925822
1101.54777721,-184.103248263
1101.88194312,-184.474585489
1102.21020987,-184.839644208
1102.53834557,-185.204820721
1102.87222895,-185.576412006
1103.20067292,-185.941311288
1103.54105806,-186.318638459
1103.87590104,-186.689365276
1104.22217258,-187.072982096
1104.56850328,-187.456545508
1104.92084548,-187.846285416
1105.27939429,-188.242024882
1105.6326129,-188.630970685
1105.99725844,-189.032808622
1106.3499433,-189.422238479
1106.69087197,-189.799074618
1107.04325042,-190.188781755
1107.39576097,-190.578369408
1107.73715722,-190.954781992
1108.09050583,-191.3436097
1108.43811789,-191.726012233
1108.78582279,-192.108330357
1109.12807407,-192.483965686
1109.47072784,-192.859233889
1109.82505979,-193.247165703
1110.18493242,-193.641701721
1110.53296469,-194.023721854
1110.87500476,-194.399549509
1111.22260682,-194.781961135
1111.55858939,-195.151655477
1111.90633975,-195.533932255
1112.26005683,-195.922424788
1112.61384272,-196.310854662
1112.95619313,-196.686399647
1113.29901068,-197.061518245
1113.64818886,-197.44249127
1113.99213509,-197.816575243
1114.34238066,-198.196567203
1114.69868895,-198.582684575
1115.07233186,-198.987965415
1115.42792485,-199.374741641
1115.783142,-199.761863072
1116.14417516,-200.155337381
1116.49954597,-200.542317755
1116.83756313,-200.910152771
1117.1871785,-201.290724624
1117.54209872,-201.678118307
1117.90230058,-202.072353757
1118.25066739,-202.454068849
1118.59910705,-202.835717442
1118.94789859,-203.217044478
1119.29699806,-203.598089618
1119.65212346,-203.985295218
1120.00140968,-204.366169195
1120.33892085,-204.734468533
1120.67624468,-205.102939471
1121.02485501,-205.484432172
1121.38473636,-205.878960227
1121.73286633,-206.260891329
1122.09274827,-206.65541885
1122.83640797,-207.469308634
1123.21997925,-207.888859283
1123.59236123,-208.295299004
1123.98471618,-208.718470205
1124.36974144,-209.124902233
1124.77207444,-209.538598287
1125.18633175,-209.952629832
1125.60637754,-210.36078761
1126.03814769,-210.769161368
1126.47517004,-211.171909477
1126.92410531,-211.574356263
1127.37245134,-211.964459352
1127.84591396,-212.364968971
1128.31760937,-212.754160208
1128.79405475,-213.137521871
1129.28893881,-213.525363852
1129.78170068,-213.901874877
1130.27194866,-214.267420067
1130.78727757,-214.642483975
1131.30665923,-215.011915317
1131.85829908,-215.395366436
1132.41450584,-215.772162547
1132.97538061,-216.141974358
1133.79464978,-216.667393949
1134.35055247,-217.013030321
1134.92606407,-217.359624733
1135.47635081,-217.681216597
1136.0457779,-218.00408669
1136.61934129,-218.319550398
1137.18944715,-218.623309655
1137.7484053,-218.911228789
1138.326828,-219.198835388
1138.8781375,-219.463456261
1139.44090101,-219.7239789
1140.01518857,-219.979958258
1140.59313953,-220.227555361
1141.15875495,-220.460032385
1141.73575421,-220.687291407
1142.30794737,-220.903072214
1142.88314451,-221.110712812
1143.48565407,-221.318604746
1144.07480088,-221.512204467
1144.67501527,-221.699485858
1145.27786631,-221.878097921
1145.89146008,-222.05054938
1146.5072379,-222.215031902
1147.10818546,-222.36812287
1147.71913755,-222.516679849
1148.34016011,-222.660094638
1148.97970869,-222.799629319
1149.62084213,-222.93169078
1150.25508473,-223.054274246
1150.89078303,-223.169069941
1151.51055407,-223.274973148
1152.12236256,-223.376290435
1152.72591047,-223.474760193
1153.3209774,-223.571722203
1153.92428075,-223.671679339
1154.52718403,-223.774021979
1155.12987296,-223.877619369
1155.70713006,-223.976641953
1156.25898731,-224.070902355
1156.8108726,-224.164998424
1157.34578752,-224.256136343
1157.89771557,-224.349981269
1158.42418382,-224.439413702
1158.95059624,-224.529174163
1159.50246627,-224.623359637
1160.03741497,-224.714299107
1160.56387815,-224.803761339
1161.08179087,-224.892127886
1161.61657382,-224.984036969
1162.15122245,-225.076724284
1162.71119206,-225.174620696
1163.25411224,-225.270010764
1163.77156595,-225.361026636
1164.28900351,-225.452134185
1164.81492381,-225.544734512
1165.3493663,-225.638603147
1165.84993087,-225.726198476
1166.36751813,-225.816451734
1166.8936412,-225.907892919
1167.4113319,-225.997550942
1167.92899067,-226.087393181
1168.46360554,-226.180274972
1168.97282391,-226.26838002
1169.48197134,-226.356894101
1169.98251301,-226.444620245
1170.49993816,-226.535798275
1171.00881836,-226.625835994
1171.51766841,-226.716043915
1172.0519165,-226.811012732
1172.54378062,-226.89835046
1173.06961822,-226.991419201
1173.57852121,-227.081327974
1174.08749872,-227.170813944
1174.6049846,-227.26164674
1175.12245617,-227.352560948
1175.63996574,-227.443258628
1176.15751018,-227.533757152
1176.68356477,-227.625591456
1177.21810953,-227.71887595
1177.73568074,-227.809221176
1178.26179874,-227.900691569
1178.78799142,-227.991731285
1179.31417855,-228.082803157
1179.82340144,-228.170882026
1180.36667608,-228.264232209
1180.91001345,-228.3572165
1181.43637538,-228.447272538
1181.96272011,-228.537429067
1182.48900774,-228.62791837
1183.01521694,-228.718862561
1183.54981572,-228.811836988
1184.08435802,-228.90513553
1184.61890218,-228.998423472
1185.13645942,-229.088848706
1185.66246918,-229.180939492
1186.19692948,-229.274706626
1186.71443194,-229.365444877
1187.24049083,-229.457254533
1187.77501374,-229.550664185
1188.30943575,-229.644649291
1188.84377806,-229.739086522
1189.36118614,-229.830361409
1189.87869842,-229.921043624
1190.37074518,-230.007346475
1190.87967088,-230.097126643
1191.39699482,-230.188877222
1191.92267597,-230.282825624
1192.44819348,-230.377685075
1192.95659865,-230.470367483
1193.47341178,-230.564952955
1193.99025479,-230.65937506
1194.52405537,-230.756827769
1195.04942184,-230.852520212
1196.08336499,-231.039951468
1196.60037972,-231.133428669
1197.1174789,-231.226437632
1197.6516756,-231.321695069
1198.1774956,-231.414863186
1198.69488342,-231.50625286
1199.19530324,-231.594671382
1199.71265584,-231.686260188
1200.22151018,-231.776443913
1200.73037499,-231.866568591
1201.2561991,-231.959713498
1201.76500792,-232.050153693
1202.27383041,-232.140516973
1202.79973639,-232.23319854
1203.31734182,-232.323347553
1203.83515158,-232.412315386
1204.35314541,-232.500205207
1204.87126274,-232.587364013
1205.39788272,-232.675898585
1205.92448118,-232.764561041
1206.45961274,-232.854418195
1206.98630071,-232.942547446
1207.52158273,-233.031503908
1208.06548114,-233.121148169
1208.59239467,-233.207918639
1209.119294,-233.294775222
1209.66321512,-233.384281637
1210.22419764,-233.476196215
1210.75979438,-233.563237693
1211.30399828,-233.651008454
1211.86523574,-233.74135322
1212.4009974,-233.827373787
1212.93681099,-233.913070345
1213.47265959,-233.998547611
1214.01707592,-234.084990932
1214.57852838,-234.173989859
1215.10598364,-234.257404025
1215.65049992,-234.343215453
1216.19498773,-234.42920734
1216.73938185,-234.515790401
1217.3006862,-234.605718729
1217.84491257,-234.693350024
1218.38908597,-234.781309609
1218.94176617,-234.870618256
1219.49446423,-234.959816346
1220.05561393,-235.050704678
1220.5911719,-235.137984404
1221.11817691,-235.224197477
1221.65362422,-235.31215355
1222.20594,-235.403688949
1222.75820494,-235.49553053
1223.29354317,-235.584148106
1223.82038956,-235.671325276
1224.34721556,-235.758625556
1224.88258514,-235.847053496
1225.40097977,-235.932547546
1225.92782921,-236.019706262
1226.44613622,-236.105729922
1226.98989067,-236.196243364
1227.50812141,-236.282725317
1228.02635544,-236.369187498
1228.51912213,-236.451280059
1229.02034635,-236.535018431
1230.03966267,-236.706067021
1230.55779413,-236.793141756
1231.0504869,-236.875676823
1231.55174649,-236.959203206
1232.06150525,-237.044125842
1232.58819109,-237.132267762
1233.08083953,-237.215066965
1233.59899901,-237.301974815
1234.10021963,-237.385734729
1235.09412372,-237.552085375
1235.61222735,-237.639325595
1236.12181255,-237.725283527
1236.62294166,-237.809589203
1237.12407232,-237.893885709
1237.62519048,-237.97825646
1238.13480099,-238.064064241
1238.669946,-238.153841259
1239.18820031,-238.240181811
1239.69804373,-238.324594671
1240.22495276,-238.411392442
1241.23639543,-238.577274607
1241.7464413,-238.660455492
1242.27358719,-238.745802948
1242.79230948,-238.829285904
1243.80434987,-238.991481569
1244.32319096,-239.07422299
1244.84209747,-239.156553167
1245.35248024,-239.237641244
1245.88832781,-239.323124998
1246.41560083,-239.407683513
1246.93430589,-239.491273499
1247.43605093,-239.571832448
1247.96338398,-239.656015742
1248.49079765,-239.739692461
1249.01828435,-239.822907641
1249.52870654,-239.903747168
1250.0389831,-239.985500929
1250.55763083,-240.069445865
1251.08475033,-240.154956142
1251.62895299,-240.242734522
1252.15627574,-240.326982345
1252.67512994,-240.409641563
1253.19390627,-240.492788068
1253.72110324,-240.5778194
1254.26525809,-240.665893701
1254.77536361,-240.74870799
1255.28547077,-240.831512165
1256.31421822,-240.998307371
1256.83281841,-241.082545496
1257.35139646,-241.166919853
1257.8614204,-241.25023507
1258.36290911,-241.332374629
1258.87295898,-241.415530974
1259.39155389,-241.499801634
1259.91011323,-241.584290885
1260.43714098,-241.670364829
1260.93862831,-241.752512874
1261.43159807,-241.833377001
1261.92459485,-241.914076264
1262.43459292,-241.997549704
1262.95307461,-242.082514151
1263.46304664,-242.166146498
1263.94750162,-242.245709697
1264.44892378,-242.328254513
1264.96731748,-242.413754226
1265.46872905,-242.496363389
1265.96164745,-242.57754004
1266.48857452,-242.664228186
1266.98152164,-242.745230214
1267.47447977,-242.826165253
1267.97598624,-242.908196291
1268.46906506,-242.98839274
1268.97919163,-243.071077267
1269.47229174,-243.151142714
1269.9738886,-243.232619252
1270.47547836,-243.314139465
1270.99409123,-243.398299537
1271.51276834,-243.482062802
1272.58427201,-243.65422627
1273.21355453,-243.755420812
1273.88489532,-243.866280419
1274.49576501,-243.973112246
1275.08826341,-244.084700458
1275.67059834,-244.203362221
1276.24255706,-244.329435464
1276.82080254,-244.466646067
1277.42177865,-244.619624906
1278.00342932,-244.778334686
1278.59064054,-244.949066481
1279.18321604,-245.131902734
1279.79730368,-245.332369064
1280.40824877,-245.54221778
1281.00793519,-245.758118257
1281.61249639,-245.98570591
1282.21354196,-246.222422215
1282.79499374,-246.461682445
1283.34926536,-246.698936024
1283.89229103,-246.940426619
1284.42376539,-247.186528719
1284.96694916,-247.448172895
1285.51411152,-247.721265769
1286.10362361,-248.025104735
1286.66662237,-248.323884286
1287.22627721,-248.628881458
1287.78247861,-248.940131885
1288.33470671,-249.258378564
1288.86788078,-249.575080681
1289.39684311,-249.898768295
1289.9432846,-250.243285464
1290.47786846,-250.590354511
1291.01492938,-250.949319618
1291.56147419,-251.324994175
1292.09620606,-251.702557606
1292.61902856,-252.081961105
1293.15758218,-252.483584401
1293.66355059,-252.871183161
1294.18486625,-253.281149734
1294.68760843,-253.686785882
1295.18519704,-254.098727576
1295.68393973,-254.522694597
1296.44303911,-255.185481143
1296.9176129,-255.610941527
1297.3992878,-256.054203989
1297.88757523,-256.515632916
1298.36350528,-256.977512986
1298.82730783,-257.439443179
1299.29131416,-257.913300481
1299.73771212,-258.380225785
1300.1724207,-258.846343014
1300.60660873,-259.324643277
1301.01139205,-259.783028299
1301.41548274,-260.253438264
1301.82399671,-260.742675587
1302.22057902,-261.230583474
1302.61640481,-261.730142046
1302.99523887,-262.221120231
1303.37340683,-262.723435493
1303.74608525,-263.229836946
1304.1027359,-263.726593108
1304.44323403,-264.213682013
1304.77764794,-264.704967995
1305.13503658,-265.243079272
1305.48609857,-265.785339226
1305.83959274,-266.346484913
1306.17786544,-266.896813876
1306.52102246,-267.464339966
1306.86690139,-268.040281842
1307.20862898,-268.608669796
1307.54739012,-269.168788715
1307.86957688,-269.698666534
1308.18793892,-270.220789105
1308.50638307,-270.742861601
1308.81124124,-271.242954331
1309.11177795,-271.735594114
1309.42163061,-272.242729113
1309.71802771,-272.727804814
1310.00977048,-273.205630719
1310.30570072,-273.690991377
1310.59181115,-274.162162685
1310.87248719,-274.6265559
1311.16115473,-275.106245899
1311.44033571,-275.571539433
1311.73265839,-276.05908135
1312.02479565,-276.546734401
1312.30372288,-277.012180096
1312.58714827,-277.484971411
1312.87477262,-277.965287638
1313.15805502,-278.438164648
1313.4419611,-278.910667471
1313.73106795,-279.390092827
1314.01641298,-279.861728062
1314.31567401,-280.35514382
1314.59698721,-280.819151338
1314.88256266,-281.290647091
1315.1596037,-281.747172273
1315.44585136,-282.218260224
1315.7188032,-282.667191756
1316.00991792,-283.14540056
1316.29208304,-283.608890516
1316.56986267,-284.064966658
1316.83891013,-284.506191446
1317.12591922,-284.976815886
1317.40378658,-285.432838592
1317.68603374,-285.896278587
1317.95927064,-286.345036674
1318.22803835,-286.786431921
1318.50590915,-287.24245253
1318.77947147,-287.691012313
1319.0622195,-288.154146898
1319.33628445,-288.602399766
1319.61493617,-289.057943608
1319.89358231,-289.513490861
1320.17241765,-289.968922337
1320.44682611,-290.416964991
1320.72994955,-290.879870179
1321.00852608,-291.335460007
1321.28715756,-291.791016233
1321.55683861,-292.231854037
1321.8354005,-292.687452823
1322.11351346,-293.14332578
1322.39607532,-293.606573977
1322.67421332,-294.062431657
1322.95211806,-294.51843158
1323.22082086,-294.959866344
1323.49810972,-295.416241041
1323.77503885,-295.872834111
1324.05178595,-296.32953753
1324.31973665,-296.771429224
1324.59228833,-297.220603808
1324.85560724,-297.655231218
1325.13184428,-298.112243328
1325.39863126,-298.554838577
1325.66500648,-298.997681764
1325.92676452,-299.433251004
1326.19718247,-299.883713383
1326.46741809,-300.33428517
1326.72464666,-300.762527691
1326.9864,-301.198099757
1327.26102162,-301.656084409
1327.53090756,-302.106865734
1327.79153649,-302.54311153
1328.05172025,-302.979622984
1328.31611048,-303.42365412
1328.57580808,-303.86045498
1328.84362727,-304.312467264
1329.10651667,-304.757388615
1329.37356439,-305.209857112
1329.63646396,-305.654772455
1329.90882792,-306.114103322
1330.17303565,-306.558243078
1330.45112576,-307.024189409
1330.72990508,-307.489723713
1330.99990308,-307.940437926
1331.26513425,-308.383967263
1331.53923654,-308.842262918
1331.81794542,-309.307839392
1332.08799225,-309.758524354
1332.35406145,-310.20155147
1332.62031464,-310.644468032
1332.88662667,-311.087349221
1333.1666384,-311.552143291
1333.4334602,-311.994717548
1333.6958961,-312.429878704
1333.95858049,-312.864889904
1334.24366534,-313.33668246
1334.51528586,-313.786420735
1334.92470579,-314.464857761
1335.19198225,-314.907157588
1335.46408062,-315.356606922
1335.73180678,-315.798634689
1336.01312476,-316.262639307
1336.28130305,-316.704392919
1336.54541026,-317.138541754
1336.82328449,-317.594560273
1337.50446303,-318.712578625
1337.78218122,-319.168692187
1338.04659531,-319.602654196
1338.32442283,-320.058701173
1338.59747112,-320.507574047
1338.86604589,-320.949086717
1339.13458558,-321.390620719
1339.40719704,-321.839759023
1339.67034147,-322.274492095
1339.93739956,-322.716923814
1340.2083946,-323.167039257
1340.48357502,-323.62468837
1340.75868763,-324.08237825
1341.02470914,-324.525434001
1341.29917141,-324.983514163
1341.56018946,-325.419527254
1341.95840132,-326.08460279
1342.22794929,-326.535586289
1342.49241492,-326.979572521
1342.75183177,-327.416540179
1343.00657876,-327.84626354
1343.27478523,-328.298046132
1343.54309173,-328.749769328
1343.79757548,-329.179648632
1344.05570656,-329.617377063
1344.32214538,-330.070204383
1344.5839374,-330.515772315
1345.102567,-331.399829166
1345.35934246,-331.838354192
1345.61576958,-332.277083
1345.87185625,-332.716010615
1346.38317803,-333.594362126
1346.64737293,-334.048502283
1346.93380373,-334.539528825
1347.19480661,-334.985559477
1347.46060468,-335.438763193
1347.72678263,-335.89174391
1347.98857589,-336.337311111
1348.25442791,-336.790483183
1348.52022733,-337.243686114
1348.77741374,-337.681970249
1349.03469652,-338.120197823
1349.30081974,-338.573210687
1349.56268778,-339.018733945
1349.92496115,-339.635027848
1350.19539217,-340.095499389
1350.45288501,-340.533603569
1350.71545144,-340.97871559
1350.98307646,-341.430842864
1351.25549009,-341.890144279
1351.52377904,-342.341877904
1351.78794999,-342.786039535
1352.05658721,-343.237566128
1352.31619119,-343.674422638
1352.85288903,-344.577818637
1353.12136692,-345.02943999
1353.38996411,-345.480990402
1353.65881087,-345.932392262
1353.92365229,-346.376154439
1354.18884737,-346.819705354
1354.45880868,-347.27044155
1354.72460635,-347.713631621
1354.99037153,-348.156841184
1355.25154153,-348.592763271
1355.78274963,-349.479375553
1356.0485459,-349.922566462
1356.31428735,-350.365790255
1356.57525956,-350.801830781
1356.83565286,-351.238217266
1357.0998209,-351.682380627
1357.37262489,-352.141450293
1357.64543167,-352.600518299
1357.9137252,-353.052249198
1358.18196353,-353.504012879
1358.44567827,-353.948445532
1358.70497105,-354.385486819
1358.97321349,-354.837248061
1359.23264239,-355.27420856
1359.48752461,-355.70385173
1359.7466498,-356.140992401
1360.01879439,-356.60045328
1360.277571,-357.037800396
1360.53598351,-357.475362747
1360.79389667,-357.913219613
1361.06006301,-358.366207146
1361.32175436,-358.811834214
1361.57892823,-359.250125708
1361.83137135,-359.68120652
1362.09210658,-360.127393684
1362.35243352,-360.573819183
1362.61259409,-361.02034166
1362.87276283,-361.466859376
1363.12416764,-361.898546552
1363.38821898,-362.352770196
1363.66064468,-362.822050844
1363.92013868,-363.268961027
1364.17989607,-363.71571817
1364.45293283,-364.184643559
1364.7214383,-364.646240553
1364.99827335,-365.122920678
1365.52657562,-366.031251896
1365.80004476,-366.499925263
1366.0740405,-366.968290962
1366.34384968,-367.429127139
1366.61790261,-367.897459373
1366.89603089,-368.373386094
1367.17846506,-368.856772471
1367.44793208,-369.317808799
1367.72168667,-369.78631549
1367.99564942,-370.254700483
1368.27027498,-370.722697171
1368.54572629,-371.190208311
1368.81313239,-371.642465103
1369.08558528,-372.101743228
1369.358407,-372.560802357
1369.63142849,-373.019742702
1369.90465459,-373.478561261
1370.25742407,-374.070454345
1370.52652449,-374.521705032
1370.79579993,-374.97285131
1371.32618335,-375.859957172
1371.59175225,-376.303284368
1371.85741795,-376.746553564
1372.12307416,-377.189828447
1372.65870905,-378.083829133
1372.92861939,-378.53459585
1373.18507738,-378.963300286
1373.4546386,-379.414275866
1373.72412611,-379.865295495
1373.98871664,-380.309207302
1374.2615501,-380.768259453
1374.53386461,-381.227619647
1374.80129603,-381.679861459
1375.07299293,-382.139587213
1375.34029863,-382.591903352
1375.60763333,-383.044202349
1376.0765683,-383.837577143
1376.34811489,-384.297391697
1376.61946904,-384.75731984
1376.88211129,-385.202387136
1377.14499681,-385.647310777
1377.41639377,-386.107213661
1377.67813281,-386.552812716
1377.94783667,-387.01371054
1378.22140838,-387.482324042
1378.47282647,-387.914003481
1378.72406192,-388.345789243
1378.98386037,-388.792522509
1379.23909131,-389.231948274
1379.49818671,-389.679089658
1379.74373482,-390.104216759
1379.99292126,-390.537188251
1380.24596736,-390.977875792
1380.51206405,-391.440865558
1380.76572029,-391.881202185
1381.01556167,-392.313796082
1381.27881001,-392.768485578
1381.53783635,-393.215666971
1381.80522516,-393.67791171
1382.07232377,-394.140324195
1382.33076529,-394.587843837
1382.59366838,-395.042733039
1382.85693054,-395.497414535
1383.11621628,-395.94444557
1383.38876444,-396.413655112
1383.65291694,-396.86781993
1383.95161587,-397.381603472
1384.49715634,-398.319764427
1384.76589291,-398.781226915
1385.03893887,-399.250146946
1385.29882644,-399.696828376
1385.56750378,-400.158325353
1386.01476309,-400.924476326
1386.28027651,-401.377846871
1386.54180082,-401.82357199
1386.79879902,-402.261966516
1387.05985552,-402.707965784
1387.57776615,-403.592444022
1387.83468598,-404.030884478
1388.09618301,-404.476625606
1388.36675665,-404.937013352
1388.62435776,-405.375053878
1388.88622905,-405.820575226
1389.15255478,-406.27346907
1389.41042339,-406.711352172
1389.67278505,-407.156584927
1389.93499369,-407.60190781
1390.19241343,-408.040054946
1390.44937266,-408.478472316
1390.71908163,-408.939367147
1390.98445914,-409.392817255
1391.24995298,-409.84619927
1391.50652775,-410.284841743
1391.76721686,-410.731055854
1392.09331415,-411.288685605
1392.6244042,-412.195389672
1392.89415673,-412.656259009
1393.15044535,-413.095068734
1393.41513691,-413.548919597
1393.67534743,-413.995412967
1393.93510095,-414.442172357
1394.1854913,-414.874448736
1394.44402324,-415.321916143
1394.70662918,-415.776976957
1394.96460328,-416.224766201
1395.21774033,-416.665401504
1395.47043446,-417.106290961
1395.99222896,-418.018376153
1396.25278765,-418.474612269
1396.50434031,-418.916153991
1396.75536953,-419.35799352
1397.28736258,-420.294008122
1397.54320282,-420.743019948
1397.80800175,-421.206753171
1398.14950139,-421.805219308
1398.40923393,-422.26192625
1398.66008627,-422.703866221
1398.92787131,-423.175810357
1399.1787675,-423.617725438
1399.43421602,-424.066960232
1399.68974273,-424.516150552
1399.94940127,-424.972899572
1400.20479487,-425.422165589
1400.45582664,-425.864003664
1400.71103289,-426.313376134
1400.96644704,-426.762630469
1401.22624292,-427.219301381
1401.75450567,-428.14752892
1402.00618893,-428.588996212
1402.27953835,-429.067683668
1402.54049384,-429.52369294
1402.79781909,-429.971855366
1403.05570603,-430.419694813
1403.31829149,-430.874767449
1403.84408633,-431.784552414
1404.10280718,-432.231910623
1404.36130526,-432.679397589
1405.15404318,-434.051684915
1405.67641807,-434.953497768
1405.94452427,-435.415326781
1406.19528908,-435.847386042
1406.45882459,-436.301909157
1406.71781449,-436.749111655
1406.97650793,-437.196485717
1407.24345515,-437.658985617
1407.50147599,-438.106747933
1407.76328741,-438.562266319
1408.05881447,-439.077880843
1408.31981294,-439.53386552
1408.7170479,-440.22944447
1408.97713847,-440.685947615
1409.24546709,-441.157582902
1409.51353925,-441.629364009
1409.77731728,-442.093678692
1410.03697964,-442.550425542
1410.29234817,-442.999705806
1410.5641812,-443.479255999
1410.83533066,-443.95919303
1411.09777021,-444.424265559
1411.35583779,-444.881915373
1411.60920851,-445.332325322
1411.86626761,-445.790542347
1412.12728541,-446.256414308
1412.38391192,-446.714873749
1412.64032064,-447.17345503
1412.90942264,-447.654543064
1413.1620246,-448.105384605
1413.4274641,-448.578651936
1413.68464907,-449.036798324
1413.93788074,-449.48728647
1414.19101332,-449.9378303
1414.44375222,-450.388595084
1414.70481188,-450.854443587
1414.96587438,-451.320290501
1415.21433324,-451.763580506
1415.4672545,-452.214242997
1415.97325254,-453.115480681
1416.23031146,-453.573697807
1416.49159157,-454.039422706
1417.00152583,-454.948328093
1417.25888067,-455.406379084
1417.52121839,-455.871509061
1417.78431864,-456.33620814
1418.30259607,-457.250296428
1418.57434235,-457.729895784
1418.83766537,-458.194468665
1419.08855745,-458.636386078
1419.34828431,-459.093096254
1419.88115877,-460.028609353
1420.14564234,-460.492522512
1420.40189235,-460.941300601
1420.9624381,-461.920523001
1421.26984104,-462.459112129
1421.58216401,-463.014711973
1421.88441329,-463.566053075
1422.17142935,-464.106042101
1422.45058211,-464.650137776
1422.72910109,-465.213838772
1423.00274305,-465.789474855
1423.26392886,-466.361413319
1423.51266067,-466.929486644
1423.74925134,-467.49339375
1423.9773572,-468.060786104
1424.20061688,-468.639344603
1424.41006081,-469.204711319
1424.61455482,-469.781034639
1424.80792592,-470.352098477
1424.98982201,-470.917879701
1425.16303944,-471.486377986
1425.33276066,-472.073882093
1425.49842455,-472.680419076
1425.6570686,-473.297726849
1425.80852318,-473.925701286
1425.95309724,-474.564129555
1426.07993423,-475.16235923
1426.1996241,-475.770840251
1426.30520936,-476.355687523
1426.39854026,-476.925165893
1426.4785668,-477.470562389
1426.55385059,-478.051392477
1426.62281789,-478.659018907
1426.68122066,-479.250444046
1426.73161956,-479.842604947
1426.77373467,-480.435412586
1426.80743297,-481.037384938
1426.83136234,-481.622584584
1426.84635386,-482.199465444
1426.85327378,-482.828181397
1426.85122354,-483.413866497
1426.84111218,-483.999467899
1426.82195984,-484.619313044
1426.79470241,-485.23023317
1426.75983048,-485.840765984
1426.71900167,-486.425029836
1426.67003336,-487.008667862
1426.61291816,-487.591565018
1426.54619264,-488.182109076
1426.46929512,-488.780099929
1426.38156872,-489.394004559
1426.28660239,-490.006830973
1426.18493064,-490.618580654
1426.07453118,-491.237566595
1425.95110988,-491.880419217
1425.82063582,-492.513085717
1425.67610576,-493.169174386
1425.51862195,-493.839981789
1425.36632393,-494.450012076
1425.19867148,-495.082771878
1425.02612193,-495.696338073
1424.84356419,-496.307001232
1424.65603445,-496.898108171
1424.43738313,-497.55154166
1424.21534668,-498.185608765
1424.00453854,-498.768819486
1423.79397212,-499.342952004
1423.58861473,-499.900646294
1423.38320452,-500.458321134
1423.17823467,-501.016157974
1422.97121061,-501.582415271
1422.78001744,-502.108605936
1422.58338377,-502.651147614
1422.38917245,-503.185405634
1422.18871281,-503.735721158
1421.99089723,-504.277833018
1421.79251381,-504.819737337
1421.59399384,-505.361591643
1421.40156841,-505.887332929
1421.21842627,-506.388956225
1421.03309327,-506.89894816
1420.84826426,-507.409122962
1420.65453999,-507.943557785
1420.46932067,-508.453591017
1420.28077921,-508.971581077
1420.08929179,-509.497664727
1419.89814584,-510.023872546
1419.71553228,-510.525688515
1419.51788792,-511.067862817
1419.33521303,-511.569656461
1419.14700536,-512.087767895
1418.9651959,-512.589875745
1418.77167474,-513.124384148
1418.58383422,-513.642628802
1418.40212441,-514.144772724
1418.22347139,-514.638863126
1418.03578597,-515.157163969
1417.85081184,-515.667286179
1417.66588445,-516.17742533
1417.48091498,-516.687549224
1417.29282588,-517.205703713
1417.11047964,-517.707616876
1416.9252079,-518.217631065
1416.7431744,-518.719657738
1416.56421948,-519.213638877
1416.37900846,-519.723675118
1416.18474285,-520.257913406
1415.99940017,-520.76790182
1415.81683158,-521.269734147
1415.63722346,-521.763478158
1415.40483594,-522.402997007
1415.21645948,-522.921047094
1415.02211303,-523.455255976
1414.84240911,-523.948965125
1414.66245864,-524.442584468
1414.48235364,-524.936147444
1414.29886713,-525.437644876
1413.94246484,-526.407820525
1413.76063406,-526.90075033
1413.57830578,-527.393496328
1413.39308104,-527.894354364
1413.20808042,-528.395295222
1413.02871666,-528.879954368
1412.85173688,-529.356311369
1412.66526131,-529.85670505
1412.4787712,-530.357093315
1412.2958169,-530.849607221
1412.12230381,-531.318063625
1411.93983244,-531.810756658
1411.75716019,-532.303375245
1411.56847458,-532.812136322
1411.39171078,-533.288573513
1411.21795871,-533.756941331
1411.03563778,-534.249690051
1410.85351702,-534.742512793
1410.67411462,-535.227157634
1410.49778158,-535.703754417
1410.14019675,-536.673494832
1409.96489836,-537.150473143
1409.78673696,-537.635575565
1409.61136935,-538.112528431
