0.831789014915
1.29192761891
1.78746150014
2.35378593582
2.95550564874
3.59262063889
4.22973562904
4.84915298057
5.45087269349
6.12338296087
6.81359086686
8.30019251054
9.06119097099
11.4857674613
12.3352541148
13.1847407683
14.901411714
15.7862936448
16.6534779369
17.5206622291
20.2284009372
21.113282868
21.9981647987
22.9007443681
23.7856262989
24.6882058682
26.493365007
27.3959445764
28.3162217844
29.2188013537
30.1213809231
31.0416581311
31.9442377005
33.7670944778
34.7050693245
36.5102284632
37.4128080326
38.315387602
39.2356648099
40.1559420179
41.0762192259
41.9964964339
42.9167736419
43.8547484885
44.7573280579
45.6776052659
47.5535549591
50.3320842217
51.2523614297
52.1726386377
54.0131930537
54.9511679003
55.9422356627
56.8271175935
57.7296971629
58.6322767322
59.5348563016
60.437435871
61.3400154404
62.2602926484
63.1628722177
64.0831494257
64.9857289951
65.9060062031
66.8085857725
67.7288629805
68.6314425498
69.5517197578
70.4896946044
71.3922741738
72.3125513818
73.2151309512
74.1177105206
75.0202900899
75.9405672979
76.8785421445
77.7811217139
78.7190965605
80.5773486151
81.4976258231
83.3735755163
84.2761550857
85.2141299323
86.1521047789
88.169635581
89.1960986207
90.2225616604
91.2667223387
92.2754877398
93.3019507795
94.3107161805
95.3194815816
96.3282469827
97.3193147451
98.3103825076
99.3191479086
100.292518032
101.265888156
102.23925828
103.194930765
104.150603251
105.088578097
106.061948221
107.017620706
107.973293191
108.928965677
109.902335801
110.875705924
111.849076048
112.804748533
113.778118657
114.786884058
115.777951821
116.751321945
117.724692068
118.715759831
119.671432316
120.64480244
121.635870202
122.609240326
123.600308089
124.573678213
125.529350698
126.608906653
127.599974416
128.484856347
129.45822647
130.431596594
131.404966718
132.39603448
133.369404604
134.32507709
135.298447213
136.254119699
137.209792184
138.14776703
139.085741877
140.041414362
141.014784486
141.970456971
142.926129457
143.89949958
144.855172066
145.793146912
146.748819397
147.704491883
148.677862006
149.615836853
150.571509338
151.509484185
152.482854309
153.456224433
154.429594556
155.40296468
156.411730081
157.385100205
158.34077269
159.296445176
160.322908215
161.225487785
162.18116027
163.119135117
164.110202879
165.083573003
166.039245488
167.012615612
167.968288097
168.941658221
169.897330706
170.87070083
171.826373315
172.799743439
173.790811201
174.746483687
175.702156172
176.657828657
177.613501142
178.569173628
179.542543751
180.533611514
181.489283999
182.480351762
183.471419524
184.444789648
185.400462133
186.373832257
187.347202381
188.285177227
189.258547351
190.249615114
191.205287599
192.143262445
193.081237292
194.036909777
194.974884624
195.912859471
196.850834317
197.806506802
198.779876926
199.735549411
200.708919535
201.66459202
202.584869228
203.558239352
204.496214199
205.451886684
206.407559169
207.345534016
208.301206501
209.239181348
210.212551472
211.168223957
212.141594081
213.114964205
214.088334328
215.044006814
216.017376937
217.0084447
217.981814824
218.955184948
219.910857433
220.97271575
221.85759768
222.813270166
223.786640289
224.742312775
225.715682899
226.671355384
227.573934953
228.5119098
229.467582285
230.405557132
231.361229617
232.316902102
233.290272226
234.228247072
235.183919558
236.121894404
237.059869251
237.997844098
238.935818944
239.891491429
240.847163915
241.8028364
242.758508885
243.731879009
244.687551494
245.660921618
246.616594103
247.589964227
248.581031989
249.572099752
250.61626043
251.607328193
252.598395955
253.55406844
254.509740926
255.483111049
256.438783535
257.412153658
258.385523782
259.358893906
260.33226403
261.270238877
262.208213723
263.163886208
264.119558694
265.05753354
266.013206025
266.986576149
267.942248634
268.915618758
269.871291244
270.80926609
271.729543298
272.667518145
273.605492991
274.578863115
275.516837962
276.490208086
277.445880571
278.401553056
279.357225541
280.330595665
281.28626815
282.259638274
283.250706037
284.241773799
285.2505392
286.223909324
287.197279448
288.170649572
289.161717334
290.117389819
291.073062305
292.046432428
293.019802552
293.975475037
294.878054607
295.780634176
296.736306661
297.674281508
298.612256355
299.56792884
300.541298964
301.514669088
302.470341573
303.443711697
304.399384182
305.355056667
306.293031514
307.248703999
308.204376484
309.160048969
310.133419093
311.089091578
312.062461702
313.018134187
313.973806673
314.929479158
315.902849282
316.876219406
317.814194252
318.840657292
319.814027416
320.769699901
321.725372386
322.681044871
323.619019718
324.539296926
325.51266705
326.468339535
327.406314382
328.344289228
329.282264075
330.220238921
331.193609045
332.131583892
333.0518611
334.025231224
335.051694263
335.971971471
336.963039234
337.936409358
338.909779482
339.847754328
340.785729175
341.74140166
342.679376507
343.635048992
344.590721477
345.528696324
346.502066447
347.457738933
348.395713779
349.351386264
350.324756388
351.298126512
352.289194275
353.280262037
354.2713298
355.244699923
356.235767686
357.191440171
358.147112656
359.12048278
360.076155265
361.067223028
362.040593152
362.996265637
363.934240483
364.889912969
365.845585454
366.7835603
367.739232786
368.71260291
369.685973033
370.659343157
371.632713281
372.570688128
373.43787242
374.305056712
375.136845727
375.968634742
376.765028479
377.596817494
378.446304148
379.295790801
380.145277455
381.047857024
383.737898094
384.658175302
385.57845251
386.498729718
387.401309287
390.17983855
392.905274897
393.825552105
394.745829313
395.648408882
396.586383729
397.506660937
398.409240506
399.329517714
400.26749256
401.152374491
402.072651699
402.992928907
404.833483323
405.877644002
406.691735378
407.594314947
408.514592155
409.417171725
410.337448933
412.142608071
413.045187641
413.94776721
414.885742057
415.823716903
416.797087027
417.735061874
419.593313928
420.548986414
421.504658899
422.424936107
423.362910953
425.185767731
426.106044939
427.026322147
427.946599355
428.866876563
429.804851409
430.742826256
431.663103464
432.60107831
433.539053157
434.459330365
435.379607573
436.335280058
437.255557266
438.193532113
439.980993613
440.759689712
441.502990534
442.246291356
442.971894539
443.679800084
444.37000799
445.077913534
445.76812144
446.476026985
447.166234891
447.874140435
448.564348341
449.254556247
449.962461792
450.670367337
451.360575243
452.050783149
452.740991055
453.413501322
454.103709228
454.864707688
455.731891981
456.652169189
457.537051119
458.439630689
459.359907897
460.297882743
461.23585759
462.138437159
463.076412006
464.916966422
465.83724363
466.757520838
467.819379155
468.562679977
469.465259546
470.385536754
471.305813962
472.243788809
473.164066017
474.084343225
475.004620433
475.960292918
476.898267764
478.756519819
479.676797027
482.419931012
483.357905859
484.278183067
485.216157914
486.15413276
488.030082453
491.870470033
492.755351964
493.657931533
494.666696934
495.604671781
496.542646627
498.383201043
499.303478251
500.206057821
501.10863739
502.028914598
502.966889445
503.887166653
504.807443861
505.763116346
506.807277024
507.656763678
509.479620455
510.399897663
511.355570148
512.293544995
513.24921748
514.151797049
515.072074257
515.974653827
516.877233396
517.815208243
518.735485451
520.629132783
521.567107629
522.540477753
523.4784526
524.416427446
525.354402293
526.274679501
527.212654347
528.132931555
529.053208763
529.973485971
530.893763179
531.814040387
533.672292442
534.59256965
535.530544497
536.450821705
538.326771398
539.264746244
540.255814007
541.193788854
542.114066061
543.069738547
544.078503948
545.087269349
546.113732389
547.12249779
548.166658468
549.193121508
550.219584547
551.299140503
552.254812988
553.210485473
554.130762681
555.900526543
556.803106112
557.705685682
558.608265251
559.51084482
560.41342439
561.333701598
562.253978806
563.174256014
564.094533222
565.01481043
565.952785276
566.873062484
567.775642054
570.571868955
571.492146163
572.430121009
573.350398217
574.270675425
576.111229841
577.951784257
578.854363827
580.694918243
581.597497812
583.455749867
584.376027075
585.296304283
586.234279129
587.278439808
588.110228822
589.048203669
590.924153362
591.84443057
592.764707778
594.605262194
595.525539402
596.428118972
597.366093818
598.286371026
599.224345873
601.082597927
602.002875135
602.923152343
603.86112719
604.781404398
605.701681606
606.639656453
607.577631299
608.515606146
609.418185715
611.27643777
612.214412616
613.134689824
614.09036231
615.028337156
616.886589211
617.806866419
619.682816112
621.576463444
622.51443829
624.390387984
625.32836283
626.266337677
627.222010162
628.159985009
629.115657494
630.053632341
631.009304826
631.947279672
632.885254519
633.840927004
634.778901851
635.699179059
637.522035836
638.424615406
639.309497336
640.229774544
641.167749391
642.07032896
642.990606168
643.910883376
644.866555861
645.786833069
646.724807916
647.645085124
648.565362332
649.48563954
650.423614387
652.264168803
653.184446011
655.025000427
656.90095012
659.71487466
660.652849506
661.608521991
662.546496838
663.484471685
664.422446531
666.298396225
668.174345918
669.076925487
669.979505056
670.899782264
671.837757111
672.722639042
673.64291625
674.563193458
675.501168304
677.359420359
679.199974775
680.137949622
681.05822683
682.898781246
683.819058454
684.774730939
686.739168825
687.765631865
688.827490182
689.853953221
690.915811538
691.942274578
693.021830533
694.065991212
695.11015189
696.083522014
697.003799222
698.755865445
699.623049737
700.490234029
701.410511237
702.295393168
703.180275099
704.065157029
704.985434237
705.888013807
706.825988653
709.604517916
710.507097485
711.409677055
712.312256624
713.232533832
714.15281104
715.055390609
715.975667817
716.789759194
717.550757654
718.276360837
719.001964021
719.727567204
720.435472748
721.161075932
721.868981476
722.559189382
723.249397288
724.010395749
724.877580041
725.815554888
726.735832095
727.656109303
728.576386511
729.496663719
730.416940927
731.319520497
732.222100066
733.142377274
734.062654482
735.036024606
736.062487646
737.088950685
738.115413725
739.177272042
740.186037443
741.212500483
742.2743588
743.283124201
744.291889602
745.282957364
746.291722765
747.282790528
748.256160652
749.229530775
750.220598538
751.140875746
752.008060038
753.724730984
754.574217637
755.423704291
756.308586222
757.211165791
758.11374536
759.034022568
759.936602138
760.874576984
761.812551831
762.732829039
763.759292079
764.591081093
765.511358301
766.413937871
767.334215079
768.272189925
770.148139619
772.006391673
772.94436652
773.882341366
774.802618574
775.740593421
776.678568268
777.616543114
778.607610877
779.350911699
780.111910159
780.855210981
781.580814164
782.324114986
783.049718169
783.775321352
784.500924536
785.226527719
785.952130902
786.677734085
787.403337268
788.235126283
789.120008214
790.022587784
790.925167353
791.827746922
792.712628853
794.53548563
795.455762838
797.260921977
798.163501547
799.083778755
800.004055963
801.862308017
802.800282864
803.73825771
804.658534918
806.499089334
807.419366542
808.321946112
809.224525681
810.12710525
811.065080097
812.233124246
814.215259771
815.24172281
816.26818585
817.312346528
818.338809568
819.365272608
820.391735647
821.400501048
822.409266449
823.400334212
824.426797252
825.435562653
826.462025692
827.453093455
828.444161217
829.346740787
830.213925079
831.930596024
832.780082678
833.64726697
834.461358346
835.18696153
835.912564713
836.638167896
837.363771079
838.089374262
838.797279807
839.487487713
840.177695619
840.867903525
841.558111431
842.248319337
842.938527243
843.628735149
844.318943055
845.009150961
845.717056506
846.531147882
847.416029813
848.283214105
849.168096036
850.035280328
850.920162259
851.822741828
852.707623759
855.344571912
856.194058566
857.078940497
857.981520066
859.822074482
860.777746967
861.680326537
862.618301383
863.573973868
864.494251076
865.414528284
866.334805492
867.2550827
868.175359908
870.015914324
870.936191532
871.838771102
872.75904831
873.661627879
874.581905087
875.502182295
877.325039072
878.263013919
880.121265974
881.926425112
882.84670232
883.766979528
884.651861459
885.554441029
886.457020598
887.341902529
888.262179737
889.164759306
890.031943598
890.952220806
891.872498014
893.730750069
894.633329638
895.553606846
896.491581693
897.411858901
898.349833747
899.287808594
900.225783441
901.163758287
902.137128411
903.163591451
904.19005449
905.21651753
906.24298057
907.269443609
908.27820901
909.322369689
910.33113509
911.357598129
912.330968253
913.215850184
914.083034476
914.93252113
915.746612506
916.59609916
917.48098109
918.454351214
919.339233145
920.224115076
921.108997006
921.993878937
923.816735715
924.807803477
925.639592492
926.542172061
927.444751631
928.382726477
929.303003685
930.240978532
931.178953379
932.18771878
933.001810156
934.806969295
935.709548864
936.647523711
937.585498557
938.505775765
939.443750612
940.36402782
941.284305028
943.124859444
944.06283429
945.000809137
947.7793384
948.681917969
951.425051954
952.327631524
953.247908732
955.106160786
956.044135633
956.964412841
957.849294772
958.787269618
959.725244465
960.645521673
963.424050935
965.28230299
967.122857406
968.981109461
970.839361515
971.795034
972.856892317
973.706378971
974.626656179
975.546933387
976.467210595
977.405185442
980.148319427
981.068596635
983.794032982
985.652285036
988.430814299
990.289066353
991.209343561
992.111923131
993.952477547
994.872754755
995.793031963
996.713309171
998.571561225
999.509536072
1000.44751092
1001.4031834
1002.35885589
1003.29683074
1004.21710794
1005.17278043
1006.11075528
1008.00440261
1008.94237745
1009.86265466
1010.78293187
1011.70320908
1012.60578865
1013.54376349
1014.4640407
1015.41971319
1016.37538567
1017.31336052
1018.23363773
1019.17161257
1021.04756227
1021.98553711
1022.92351196
1023.86148681
1024.78176401
1025.70204122
1026.62231843
1027.64878147
1028.51596576
1029.43624297
1030.39191546
1031.3298903
1032.28556279
1033.24123527
1034.17921012
1035.11718497
1036.05515981
1038.86908435
1039.78936156
1040.72733641
1041.64761361
1042.56789082
1043.59435386
1044.46153815
1045.399513
1046.31979021
1048.1957399
1049.13371475
1050.9919668
1053.80589134
1054.72616855
1055.6641434
1056.60211824
1057.48700018
1058.42497502
1059.32755459
1060.23013416
1061.16810901
1062.10608385
1063.06175634
1064.01742882
1064.93770603
1065.87568088
1066.83135336
1067.75163057
1068.68960542
1069.60988263
1070.53015983
1071.45043704
1072.35301661
1073.27329382
1074.19357103
1075.11384824
1076.05182308
1080.72399968
1081.64427689
1082.56455409
1083.52022658
1086.2810582
1087.20133541
1088.10391498
1089.02419219
1089.9444694
1090.8647466
1091.80272145
1093.6609735
1094.58125071
1095.51922556
1096.45720041
1097.39517525
1099.30652022
1100.24449507
1101.18246992
1102.12044476
1103.04072197
1103.97869682
1104.89897403
1105.81925123
1106.75722608
1107.69520093
1108.65087341
1109.6065459
1111.48249559
1118.03062188
1119.85347866
1121.71173071
1122.63200792
1123.5876804
1124.54335289
1125.56981593
1126.59627897
1127.60504437
1128.63150741
1129.67566809
1130.71982877
1131.7462918
1132.77275484
1133.79921788
1134.79028565
1135.71056285
1136.61314242
1137.46262908
1138.32981337
1139.17930002
1140.06418195
1140.96676152
1141.88703873
1143.70989551
1144.64787036
1145.65663576
1146.66540116
1147.6918642
1148.68293196
1149.709395
1150.7181604
1151.70922816
1152.71799356
1153.69136369
1154.68243145
1155.67349921
1156.66456698
1157.65563474
1158.61130722
1159.58467735
1160.55804747
1161.51371996
1162.48709008
1163.4604602
1164.41613269
1165.38950281
1166.3451753
1167.30084778
1168.27421791
1169.22989039
1170.16786524
1171.03504953
1171.90223382
1172.75172048
1173.60120713
1174.45069378
1175.31787808
1176.22045764
1178.94589399
1179.84847356
1182.57390991
1183.47648948
1184.39676669
1185.31704389
1186.21962346
1187.12220303
1188.0247826
1188.96275745
1189.88303466
1190.80331186
1191.70589143
1192.608471
1193.49335293
1194.41363014
1195.31620971
1196.23648692
1197.15676413
1198.0593437
1198.99731854
1199.91759575
1201.74045253
1202.69612501
1203.63409986
1204.57207471
1206.4480244
1207.36830161
1209.26194894
1210.21762142
1211.15559627
1212.07587348
1212.97845305
1213.88103262
1214.81900746
1215.73928467
1216.64186424
1217.57983909
1219.43809114
1220.35836835
1221.26094792
1222.19892277
1223.17229289
1224.00408191
1224.80047564
1225.57917174
1226.32247256
1227.06577339
1227.80907421
1228.55237503
1229.29567585
1230.02127904
1230.74688222
1231.4724854
1232.19808858
1232.94138941
1233.70238787
1234.44568869
1235.17129187
1235.89689506
1236.62249824
1237.3834967
1238.10909988
1238.8524007
1239.59570153
1240.30360707
1241.02921025
1241.75481344
1242.48041662
1243.2060198
1243.93162299
1244.65722617
1245.38282935
1246.10843254
1246.83403572
1247.5596389
1248.32063736
1249.18782166
1250.1257965
1251.11686426
1252.12562967
1253.11669743
1254.10776519
1255.11653059
1256.08990072
1257.06327084
1258.0543386
1259.02770873
1260.00107885
1260.97444897
1261.96551674
1262.92118922
1263.87686171
1264.83253419
1265.78820668
1266.74387916
1267.68185401
1268.5490383
1270.24801161
1271.09749826
1271.94698491
1272.81416921
1273.69905114
1274.60163071
1275.48651264
1276.40678985
1277.36246233
1278.31813482
1279.34459786
1280.2825727
1281.18515227
1282.10542948
1283.04340433
1283.96368153
1284.88395874
1285.80423595
1286.72451316
1287.64479037
1288.54736994
1289.44994951
1290.35252907
1291.27280628
1292.19308349
1293.13105834
1294.06903318
1294.98931039
1295.94498288
1296.84756245
1297.76783965
1298.68811686
1299.62609171
1300.58176419
1301.5020414
1302.44001625
1304.2982683
1307.0944952
1308.03247005
1308.9704449
1309.90841974
1310.86409223
1311.80206708
1313.69571441
1315.5716641
1316.50963895
1317.41221852
1318.31479809
1320.1553525
1321.09332735
1322.01360456
1323.83646133
1324.75673854
1325.67701575
1326.6149906
1327.55296544
1328.47324265
1329.37582222
1330.33149471
1332.17204912
1333.09232633
1334.13648701
1335.10985713
1336.13632017
1337.16278321
1338.18924625
1339.23340693
1340.27756761
1341.32172829
1342.33049369
1343.33925909
1344.34802449
1345.35678989
1346.29476474
1347.19734431
1348.0645286
1348.89631761
1349.74580427
1350.6306862
1351.53326577
1352.40045006
1353.32072727
1355.16128168
1356.09925653
1357.0018361
1357.86902039
1358.7892976
1359.69187717
1360.59445674
1361.49703631
1362.41731352
1363.31989309
1364.24017029
1365.12505222
1366.00993415
1366.947909
1367.86818621
1368.78846342
1369.7441359
1371.60238796
1372.5403628
1373.46064001
1375.31889207
1376.27456455
1377.2125394
1378.13281661
1379.05309381
1379.97337102
1380.91134587
1382.75190028
1383.65447985
1384.62784998
1385.53042955
1386.43300912
1388.29126117
1389.28232893
1391.10518571
1393.83062206
1394.71550399
1395.6357812
1396.53836077
1397.44094034
1399.24609947
1400.16637668
1401.10435153
1402.02462874
1402.98030122
1404.83855328
1408.57275502
1409.49303223
1410.43100708
1411.33358665
1412.27156149
1413.1918387
1414.11211591
1417.81092238
1418.74889723
1419.66917444
1420.58945164
1421.50972885
1422.4477037
1423.40337618
1425.22623296
1426.11111489
1427.01369446
1427.89857639
1428.80115596
1429.70373553
1430.58861746
1433.33175145
1434.23433102
1435.15460822
1436.07488543
1436.99516264
1437.93313749
1439.82678482
1441.66733923
1443.57868421
1444.49896141
1445.41923862
1447.27749068
1448.21546552
1449.17113801
1450.09141522
1452.8345492
1453.77252405
1454.69280126
1455.61307846
1456.53335567
1458.35621245
1459.27648966
1460.17906923
1461.0816488
1461.98422836
1462.88680793
1463.80708514
1464.70966471
1465.61224428
1466.53252149
1467.41740342
1470.17823504
1471.09851225
1472.01878946
1472.93906667
1473.85934388
1474.79731872
1475.71759593
1478.47842755
1479.39870476
1480.30128433
1481.22156154
1482.15953639
1483.09751123
1484.03548608
1486.81401534
1488.63687212
1489.55714933
1490.4597289
1491.3800061
1492.30028331
1493.20286288
1494.14083773
1495.07881258
1495.98139214
1496.90166935
1497.8396442
1498.74222377
1499.68019862
1502.4233326
1503.32591217
1504.24618938
1505.18416422
1507.02471864
1507.96269349
1508.91836597
1509.85634082
1510.79431567
1511.74998815
1512.687963
1513.62593784
1514.54621505
1515.4841899
1516.42216475
1517.37783723
1518.29811444
1519.21839165
1520.13866885
1521.11203898
1523.11187214
1524.15603282
1525.2001935
1526.24435418
1527.27081722
1528.29728026
1529.3237433
1530.29711342
1531.23508827
1532.13766784
1533.00485213
1533.87203642
1534.72152307
1535.57100973
1536.43819402
1537.34077359
1540.08390757
1541.02188242
1544.75608417
1545.69405901
1546.61433622
1547.55231107
1548.50798355
1549.4459584
1550.36623561
1551.30421046
1552.29527822
1553.18016015
1554.08273972
1555.02071457
1555.95868941
1556.89666426
1557.8346391
1558.77261395
1559.69289116
1560.61316837
1562.48911806
1563.42709291
1564.34737012
1565.26764732
1566.17022689
1567.07280646
1568.01078131
1568.93105852
1569.83363809
1570.75391529
1571.69189014
1572.62986499
1573.5501422
1574.4704194
1576.3463691
1577.30204158
1578.22231879
1580.06287321
1580.98315041
1583.76167968
1584.69965452
1585.61993173
1586.54020894
1587.47818379
1588.41615863
1589.33643584
1590.25671305
1591.19468789
1593.08833523
1594.04400771
1594.96428492
1595.86686449
1599.54797332
1600.45055289
1601.3708301
1602.29110731
1603.22908215
1604.167057
1606.00761142
1606.94558626
1609.0693029
1609.9895801
1610.94525259
1611.84783216
1612.76810937
1613.68838657
1614.60866378
1615.51124335
1616.4492182
1617.36949541
1619.26314274
1620.21881522
1621.12139479
1622.041672
1622.99734449
1623.89992406
1625.75817611
1626.69615096
1627.59873053
1628.53670537
1629.43928494
1630.35956215
1631.26214172
1632.16472129
1633.0849985
1634.0052757
1634.92555291
1635.86352776
1636.78380497
1642.32316585
1643.24344306
1645.10169512
1646.00427469
1646.90685426
1648.76510631
1649.68538352
1650.60566073
1651.54363557
1652.48161042
1654.33986247
1655.26013968
1657.11839174
1658.02097131
1658.94124851
1660.76410529
1661.66668486
1662.71084554
1663.63112275
1664.56909759
1665.50707244
1666.40965201
1667.31223158
1668.23250879
1669.15278599
1671.01103805
1673.75417203
1674.69214688
1675.64781937
1677.50607142
1679.36432348
1681.24027317
1682.16055038
1683.08082758
1684.00110479
1684.95677728
1685.89475212
1686.83272697
1687.77070182
1688.67328139
1689.57586096
1690.49613816
1691.43411301
1692.35439022
1693.25696979
1694.19494464
1696.03549905
1696.93807862
1699.71660788
1700.63688509
1702.49513715
1703.39771672
1705.20287585
1706.1408507
1708.17607914
1709.20254218
1710.24670286
1711.29086354
1712.33502422
1713.36148726
1714.3879503
1715.41441333
1716.44087637
1717.44964178
1718.59998829
1719.59105605
1720.59982145
1721.59088921
1722.56425934
1723.51993182
1724.49330194
1725.43127679
1726.38694928
1727.28952885
1728.15671314
1729.02389743
1729.87338408
1730.7051731
1731.53696211
1732.42184404
1733.30672597
1734.19160791
1735.14728039
1735.97906941
1736.86395134
1738.66911048
1739.55399241
1740.43887434
1741.35915154
1742.27942875
1743.19970596
1744.13768081
1746.03132814
1746.96930299
1748.84525268
1749.78322753
1750.72120237
1751.64147958
1752.57945443
1753.49973163
1754.4023112
1755.32258841
1756.22516798
1757.12774755
1758.04802476
1758.98599961
1759.90627681
1761.76452887
1764.52536049
1765.4456377
1767.30388975
1768.18877169
1770.01162846
1770.91420803
1771.83448524
1773.69273729
1774.6130145
1775.55098935
1776.45356892
1777.37384613
1778.29412333
1779.1967029
1780.15237539
1781.0726526
1781.99292981
1782.91320701
1783.83348422
1784.75376143
1785.67403864
1786.59431585
1787.51459305
1788.43487026
1789.37284511
1790.31081995
1791.21339952
1793.07165158
1793.88574295
1794.66443905
1795.42543751
1796.16873834
1796.91203916
1797.63764234
1798.34554789
1799.05345343
1799.76135898
1800.45156688
1801.1948677
1802.04435436
1802.9823292
1803.92030405
1804.80518598
1805.70776555
1806.59264748
1807.49522705
1808.41550426
1809.37117674
1810.29145395
1812.11431073
1813.93716751
1814.87514235
1816.71569677
1817.63597398
1818.55625118
1819.47652839
1820.43220088
1821.35247809
1822.29045293
1823.21073014
1824.14870499
1825.08667983
1826.00695704
1827.82981382
1829.67036823
1831.63480612
1832.64357152
1833.65233692
1834.6964976
1835.72296064
1836.74942368
1837.77588672
1838.78465212
1839.79341752
1840.78448529
1841.75785541
1842.74892317
1843.75768857
1844.76645397
1845.7398241
1846.83707769
1847.73965726
1848.71302738
1849.66869987
1850.60667472
1851.54464956
1852.50032205
1853.45599453
1854.53555049
1855.42043242
1856.39380254
1857.34947503
1858.30514751
1859.24312236
1860.19879485
1861.13676969
1862.07474454
1863.03041702
1863.98608951
1864.92406436
1865.87973684
1866.81771169
1867.77338417
1868.72905666
1869.66703151
1870.58730871
1871.52528356
1872.46325841
1873.41893089
1874.3392081
1875.25948531
1876.21515779
1877.17083028
1878.12650276
1879.09987289
1880.07324301
1881.0289155
1882.19695964
1883.15263213
1884.09060698
1885.04627946
1886.00195195
1886.93992679
1887.91329692
1888.81587649
1889.78924661
1890.72722146
1891.68289394
1892.62086879
1893.55884364
1894.51451612
1895.48788624
1896.42586109
1897.39923122
1898.37260134
1899.32827382
1900.31934159
1901.29271171
1902.28377947
1903.23945196
1904.21282208
1905.16849457
1906.08877178
1907.00904898
1907.96472147
1908.88499868
1909.84067116
1910.79634365
1911.75201613
1912.70768862
1913.6633611
1914.61903359
1915.59240371
1916.56577384
1917.53914396
1918.53021172
1919.50358185
1920.47695197
1921.52111265
1922.45908749
1923.4678529
1924.4766183
1925.46768606
1926.44105618
1927.41442631
1928.38779643
1929.36116655
1930.2991414
1931.27251152
1932.24588165
1933.20155413
1934.1926219
1935.14829438
1936.10396687
1937.07733699
1938.03300948
1939.07717015
1940.03284264
1941.00621276
1941.97958289
1942.93525537
1943.9086255
1944.86429798
1945.83766811
1946.79334059
1947.78440835
1948.77547612
1949.76654388
1950.739914
1951.73098176
1952.72204953
1953.69541965
1954.65109214
1955.6421599
1956.72171585
1957.60659778
1958.61536319
1959.60643095
1960.57980107
1961.5531712
1962.52654132
1963.51760908
1964.49097921
1965.49974461
1966.49081237
1967.46418249
1968.45525026
1969.41092274
1970.36659523
1971.32226771
1972.29563783
1973.26900796
1974.24237808
1975.21574821
1976.18911833
1977.16248845
1978.15355622
1979.14462398
1980.13569174
1981.1267595
1982.1355249
1983.12659267
1984.13535807
1985.09103055
1986.06440068
1987.02007316
1988.01114093
1989.01990633
1990.01097409
1991.00204185
1992.02850489
1993.05496793
1994.04603569
1995.03710346
1996.02817122
1997.12542481
1998.09879494
1999.0898627
2000.06323282
2001.03660295
2002.02767071
2003.01873847
2004.00980623
2004.98317636
2005.95654648
2006.9299166
2007.88558909
2008.85895921
2009.83232934
2010.75260655
2011.67288375
2012.6108586
2013.54883345
2014.50450593
2015.49557369
2016.52203673
2017.5131045
2018.5218699
2019.49524002
2020.46861015
2021.40658499
2022.37995512
2023.35332524
2024.32669536
2025.31776313
2026.29113325
2027.28220101
2028.25557114
2029.22894126
2030.20231138
2031.17568151
2032.09595872
2033.0516312
2034.00730369
2034.94527853
2035.88325338
2036.8566235
2037.81229599
2038.78566611
2039.7413386
2040.71470872
2041.67038121
2042.62605369
2043.59942382
2044.53739866
2045.49307115
2046.51953419
2047.47520667
2048.4485768
2049.43964456
2050.44840996
2051.43947772
2052.44824312
2053.43931089
2054.46577393
2055.45684169
2056.43021181
2057.3858843
2058.35925442
2059.35032218
2060.34138995
2061.33245771
2062.30582783
2063.26150032
2064.2171728
2065.15514765
2065.98693666
2066.81872568
2067.65051469
2068.48230371
2069.31409272
2070.1281841
2070.95997311
2071.82715741
2072.72973698
2073.61461891
2075.40208041
2076.30465998
2077.20723955
2078.12751675
2079.03009632
2079.93267589
2080.8529531
2081.77323031
2082.67580988
2083.59608709
2084.55175957
2085.47203678
2086.41001163
2087.33028883
2088.25056604
2089.18854089
2090.12651574
2091.0290953
2091.94937251
2092.88734736
2093.78992693
2094.71020414
2095.64817898
2096.56845619
2097.52412868
2098.55059172
2099.57705476
2100.56812252
2101.59458556
2102.63874624
2103.64751164
2104.65627704
2105.66504244
2106.67380784
2107.64717796
2108.54975753
2109.47003474
2110.28412612
2111.13361277
2111.98309942
2112.86798136
2113.75286329
2114.67314049
2115.57572006
2116.49599727
2117.43397212
2119.29222417
2120.23019902
2121.20356914
2122.15924163
2123.11491411
2124.03519132
2124.93777089
2125.8580481
2126.77832531
2127.71630015
2128.654275
2129.57455221
2130.49482942
2131.39740899
2132.33538383
2133.25566104
2134.17593825
2135.09621546
2136.05188794
2137.02525807
2137.92783763
2138.8304172
2139.73299677
2140.65327398
2141.55585355
2142.45843312
2143.37871033
2144.2812899
2145.20156711
2146.10414667
2147.92700345
2148.8649783
2149.80295315
2150.74092799
2151.69660048
2152.63457532
2153.57255017
2154.51052502
2155.44849986
2156.40417235
2157.3421472
2159.21809689
2160.12067646
2161.11174422
2161.96123087
2163.83718057
2164.75745778
2165.67773498
2166.58031455
2167.5182894
2168.43856661
2169.42963437
2170.3145163
2171.23479351
2173.94253222
2174.84511179
2175.74769136
2176.65027092
2177.64133869
2178.52622062
2180.3490774
2182.20732945
2183.1453043
2184.08327914
2185.02125399
2185.9415312
2186.87950604
2187.83517853
2189.72882586
2191.58707792
2192.52505276
2194.41870009
2196.25925451
2197.19722936
2199.05548141
2199.97575862
2200.91373347
2201.83401067
2202.71889261
2203.65686745
2204.61253994
2205.53281714
2206.45309435
2207.35567392
2208.31134641
2210.32887721
2211.33764261
2212.36410565
2213.40826633
2214.45242701
2215.46119241
2216.50535309
2217.47872321
2218.39900042
2219.30157999
2220.18646192
2221.05364621
2221.95622578
2222.89420063
2223.81447783
2226.61070474
2228.48665443
2229.46002455
2230.43339468
2231.4067648
2232.34473965
2234.16759642
2235.10557127
2236.02584848
2236.94612569
2237.88410053
2238.80437774
2239.74235259
2242.52088185
2243.4588567
2246.2550836
2247.15766317
2248.09563801
2248.99821758
2249.91849479
2252.71472169
2254.57297375
2255.61713443
2257.42229356
2258.36026841
2259.35133617
2260.30700866
2263.13863084
2265.04997581
2266.94362314
2267.98778382
2268.83727047
2269.75754768
2270.66012725
2271.61579973
2272.55377458
2273.49174943
2275.36769912
2276.30567397
2277.24364881
2278.16392602
2279.10190087
2280.92475765
2282.76531206
2283.75637982
2284.60586648
2285.52614369
2287.40209338
2290.23371556
2291.1716904
2292.12736289
2293.10073301
2294.03870786
2294.99438034
2295.93235519
2296.87033004
2297.80830488
2298.76397737
2299.70195222
2300.63992706
2301.56020427
2303.5423398
2304.5511052
2305.57756824
2306.63942655
2307.68358723
2308.72774791
2309.75421095
2310.78067399
2311.78943939
2312.81590243
2313.78927255
2314.78034032
2315.78910572
2316.7447782
2317.7535436
2318.76230901
2319.73567913
2320.70904925
2321.71781465
2322.72658005
2323.73534546
2324.7618085
2325.75287626
2326.72624638
2327.71731414
2328.74377718
2329.68175203
2330.67281979
2331.66388756
2332.67265296
2333.64602308
2334.58399793
2335.53967041
2336.61922637
2337.46871302
2338.40668787
2339.39775563
2340.40652103
2341.37989116
2342.38865656
2343.34432904
2344.31769917
2345.27337165
2346.24674177
2347.2201119
2348.21117966
2349.20224742
2350.17561755
2351.14898767
2352.14005543
2353.1311232
2354.1398886
2355.148654
2356.13972176
2357.13078952
2358.15725256
2359.14832033
2360.13938809
2361.13045585
2362.10382597
2363.21877721
2364.10365914
2365.0947269
2366.12118994
2367.12995534
2368.10332546
2369.04130031
2369.9969728
2370.98804056
2371.96141068
2372.93478081
2373.90815093
2374.88152105
2375.85489118
2376.8282613
2377.78393379
2378.73960627
2379.7129764
2380.68634652
2381.65971664
2382.65078441
2383.62415453
2384.57982702
2385.55319714
2386.52656726
2387.49993739
2388.47330751
2389.48207291
2390.50853595
2391.49960371
2392.49067148
2393.48173924
2394.45510936
2395.42847949
2396.41954725
2397.41061501
2398.40168277
2399.42814581
2400.41921358
2401.37488606
2402.33055855
2403.26853339
2404.24190352
2405.21527364
2406.15324849
2407.12661861
2408.09998873
2409.23263761
2410.08212426
2411.07319202
2412.04656215
2413.00223463
2413.95790712
2414.9135796
2415.85155445
2416.80722693
2417.76289942
2418.7185719
2419.69194203
2420.68300979
2421.67407755
2422.66514532
2423.67391072
2424.66497848
2425.65604624
2426.647114
2427.60278649
2428.59385425
2429.58492201
2430.59368741
2431.58475518
2432.5581253
2433.5668907
2434.55795846
2435.53132859
2436.50469871
2437.47806884
2438.4691366
2439.44250672
2440.36278393
2441.33615405
2442.30952418
2443.2828943
2444.25626443
2445.24733219
2446.22070231
2447.19407244
2448.1851402
2449.15851032
2450.09648517
2451.05215765
2452.04322542
2453.01659554
2454.0076633
2454.99873107
2455.98979883
2456.96316895
2457.97193435
2458.94530448
2459.95406988
2460.94513764
2461.9362054
2462.9449708
2463.93603857
2464.92710633
2465.90047645
2466.87384658
2467.86491434
2468.83828446
2469.75856167
2470.57265305
2471.40444206
2472.2008358
2473.01492718
2473.84671619
2474.67850521
2475.5456895
2476.43057143
2477.43933683
2478.23573057
2479.13831014
2480.02319207
2480.92577164
2481.81065357
2482.6955355
2483.59811507
2484.50069464
2485.42097184
2486.41203961
2487.38540973
2488.41187277
2489.42063817
2490.44710121
2491.49126189
2492.55312021
2493.59728088
2494.62374392
2495.56171877
2496.46429834
2497.34918027
2498.21636456
2499.08354886
2499.96843079
2500.85331272
2501.75589229
2502.67616949
2503.57874906
2504.44593336
2505.33081529
2506.25109249
2507.15367206
2508.07394927
2508.97652884
2510.85247853
2511.77275574
2512.69303295
2514.53358737
2516.40953706
2518.39167258
2519.41813562
2520.42690103
2521.41796879
2522.46212947
2523.47089487
2524.51505555
2525.50612331
2526.44409815
2527.39977064
2528.37314076
2529.34651089
2530.31988101
2531.31094877
2532.2843189
2533.27538666
2534.28415206
2535.27521982
2536.19549703
2537.08037896
2537.94756325
2538.77935227
2539.61114128
2540.51372085
2541.4516957
2542.42506582
2543.41613359
2544.40720135
2545.30978092
2546.17696521
2547.07954478
2548.03521727
2548.99088975
2549.96425987
2550.93763
2551.87560484
2552.77818441
2553.66306634
2555.37973729
2556.31771214
2557.27338462
2558.26445238
2559.29091542
2560.29968083
2561.27305095
2562.2110258
2563.14900064
2564.08697549
2565.06034561
2566.05141338
2567.04248114
2568.0335489
2569.02461666
2569.94489387
2570.8297758
2571.67926246
2572.58184202
2573.48442159
2574.44009408
2575.43116184
2576.4222296
2577.44869264
2578.40436513
2579.28924706
2580.15643135
2581.04131328
2581.97928813
2582.93496061
2583.8906331
2584.88170086
2585.83737335
2586.81074347
2587.80181123
2588.72208844
2589.58927273
2590.42106175
2591.23515313
2592.08463978
2592.96952171
2593.85440364
2594.73928557
2596.56214235
2597.50011719
2598.4203944
2600.27864646
2601.2166213
2603.03947808
2603.95975529
2604.91542777
2606.75598219
2608.61423425
2609.55220909
2610.45478866
2611.42815879
2612.34843599
2613.28641084
2614.22438569
2616.11803302
2617.12679842
2618.15326146
2619.19742214
2620.20618754
2621.23265058
2622.27681126
2623.26787902
2624.3120397
2625.33850274
2626.36496578
2627.37373118
2628.38249658
2629.39126198
2630.40002738
2631.39109514
2632.38216291
2633.37323067
2634.36429843
2635.35536619
2636.34643396
2637.33750172
2638.36396476
2639.37273016
2640.34610028
2641.31947041
2642.31053817
2643.30160593
2644.25727842
2645.24834618
2646.16862339
2647.05350532
2647.88529433
2648.73478099
2649.58426764
2650.43375429
2651.30093859
2652.18582052
2653.08840009
2653.99097965
2654.89355922
2655.81383643
2656.716416
2657.60129793
2658.52157514
2659.42415471
2660.34443192
2661.26470913
2662.16728869
2663.10526354
2664.02554075
2664.94581796
2666.80407001
2668.43225276
2669.17555359
2669.90115677
2670.60906231
2671.31696786
2672.0248734
2672.73277895
2673.44068449
2674.25477587
2674.89189086
2675.61749404
2676.30770195
2677.01560749
2677.7058154
2678.39602331
2679.10392885
2679.79413676
2680.5020423
2681.19225021
2681.88245811
2682.59036366
2683.26287392
2683.95308183
2684.64328974
2685.3158
2685.98831027
2686.66082054
2687.35102844
2688.05893399
2688.890723
2689.79330257
2690.69588214
2691.5453688
2692.41255309
2693.31513266
2694.21771223
2695.17338471
2696.16445247
2697.15552024
2698.16428564
2699.1553534
2700.1641188
2701.1728842
2702.1816496
2703.17271737
2704.18148277
2705.17255053
2706.19901357
2707.19008133
2708.16345146
2709.13682158
2710.12788934
2711.10125947
2712.05693195
2713.03030207
2713.96827692
2714.85315885
2715.72034314
2716.5698298
2717.41931645
2718.28650074
2719.18908031
2720.07396224
2720.97654181
2721.9322143
2723.7196758
2724.63995301
2727.40078463
2728.32106184
2730.16161625
2731.0995911
2732.00217067
2733.87812036
2734.79839757
2735.73637242
2736.65664963
2737.59462447
2738.51490168
2739.43517889
2740.37315374
2741.31112858
2742.23140579
2743.151683
2745.00993505
2746.86818711
2747.78846432
2748.7441368
2749.68211165
2750.58469122
2751.50496842
2752.44294327
2753.36322048
2754.28349769
2756.14174974
2757.06202695
2757.98230416
2758.90258137
2760.74313578
2761.68111063
2762.61908547
2763.55706032
2764.49503517
2765.41531238
2766.33558958
2767.27356443
2768.176144
2770.08748897
2771.00776618
2772.84832059
2773.87478363
2774.79506084
2775.69764041
2776.61791762
2777.5735901
2778.51156495
2779.4495398
2780.33442173
2781.25469894
2782.19267378
2783.11295099
2784.01553056
2785.05969124
2785.87378262
2786.79405982
2787.69663939
2788.59921896
2789.51949617
2790.42207574
2791.34235295
2793.16520972
2794.10318457
2795.02346178
2795.94373899
2798.73996589
2801.51849515
2802.43877236
2803.37674721
2805.19960398
2806.13757883
2807.05785604
2807.97813325
2808.91610809
2809.85408294
2810.73896487
2811.65924208
2812.57951929
2813.51749413
2814.45546898
2815.39344383
2817.26939352
2818.18967073
2819.0922503
2820.93280471
2821.83538428
2822.75566149
2823.69363634
2824.59621591
2825.53419075
2826.43677032
2827.33934989
2828.34811529
2829.28609014
2832.11771232
2833.05568716
2833.97596437
2834.91393922
2835.83421643
2836.77219127
2837.69246848
2838.59504805
2840.41790483
2842.27615688
2843.21413173
2844.15210658
2845.05468614
2845.97496335
2846.9129382
2847.83321541
2848.73579498
2849.67376982
2850.61174467
2851.54971952
2852.45229909
2854.2928535
2856.11571028
2857.05368513
2857.9562647
2858.8765419
2859.81451675
2860.73479396
2861.65507117
2862.59304601
2863.51332322
2864.43360043
2865.37157527
2867.22982733
2869.08807938
2870.00835659
2870.94633144
2871.86660865
2872.78688585
2873.68946542
2874.59204499
2875.49462456
2876.43259941
2877.45906245
2878.29085146
2879.21112867
2880.11370824
2881.03398545
2882.96302806
2883.79481707
2884.73279192
2885.67076677
2887.49362354
2888.52008658
2889.33417796
2890.25445517
2891.19243001
2892.11270722
2893.05068207
2893.98865692
2894.89123649
2895.81151369
2897.70516102
2898.73162406
2899.74038947
2900.76685251
2901.82871082
2902.85517386
2903.84624162
2904.87270466
2905.86377243
2906.85484019
2907.84590795
2908.74848752
2909.65106709
2910.53594902
2911.36773804
2912.21722469
2913.08440898
2913.96929091
2914.8364752
2915.72135714
2916.6239367
2917.54421391
2918.46449112
2919.36707069
2922.11020468
2923.03048188
2923.95075909
2924.8710363
2925.80901115
2926.71159072
2927.61417028
2928.55214513
2933.20662409
2934.14459893
2935.06487614
2936.00285099
2937.91419596
2939.80784329
2941.64839771
2942.56867491
2943.48895212
2944.42692697
2945.34720418
2946.24978375
2948.05494289
2948.99291773
2949.91319494
2950.81577451
2951.75374936
2952.6917242
2953.61200141
2954.53227862
2955.43485819
2956.37283303
2957.29311024
2958.19568981
2959.13366466
2960.05394187
2962.81477349
2963.71735306
2964.67302554
2965.61100039
2967.46925245
2968.42492493
2969.34520214
2970.30087462
2972.15912668
2973.09710153
2974.01737873
2975.85793315
2976.76051272
2977.68078993
2978.61876477
2979.53904198
2980.44162155
2981.36189876
2982.26447833
2983.1670579
2984.06963747
2984.98991468
2985.92788952
2986.86586437
2987.78614158
2989.60899835
2990.52927556
2991.44955277
2992.59989928
2993.29010719
2995.14835924
2996.08633409
2996.98891366
2997.90919086
2998.84716571
3000.74081304
3002.63446037
3003.55473758
3004.51041007
3005.43068728
3007.4128228
3009.12949375
3010.06746859
3011.02314108
3011.94341829
3012.96988133
3013.7839727
3014.70424991
3015.60682948
3017.46508153
3018.3676611
3019.28793831
3020.29670371
3021.34086439
3022.34962979
3023.34069755
3024.38485823
3025.41132127
3026.43778431
3027.44654971
3028.43761748
3029.51717343
3030.43745064
3031.34003021
3033.09209643
3033.97697836
3034.86186029
3035.72904458
3036.61392652
3037.53420372
3038.47217857
3039.37475814
3041.25070783
3042.17098504
3044.0292371
3044.96721194
3045.90518679
3046.84316164
3047.76343884
3048.70141369
3049.60399326
3050.50657283
3051.42685004
3052.34712724
3053.26740445
3054.59472735
3056.39988649
3057.3201637
3058.2404409
3059.16071811
3060.06329768
3060.98357489
3061.9038521
3062.80643167
3063.72670887
3064.64698608
3065.54956565
3068.36349019
3069.30146504
3070.23943988
3071.17741473
3072.13308722
3073.0887597
3074.00903691
3075.8849866
3076.80526381
3078.6812135
3079.61918835
3081.49513804
3082.41541525
3083.33569246
3085.19394451
3086.09652408
3087.01680129
3087.95477614
3089.81302819
3090.71560776
3091.61818733
3092.53846454
3093.45874175
3095.3169938
3096.23727101
3097.13985058
3098.07782543
3098.980405
3100.80326177
3101.74123662
3102.6969091
3103.65258159
3104.59055644
3106.46650613
3107.42217862
3108.36015346
3109.31582595
3110.25380079
3111.19177564
3112.11205285
3113.05002769
3113.98800254
3114.92597739
3115.8462546
3117.75759957
3119.52736343
3120.429943
3121.36791784
3122.28819505
3125.04902668
3125.95160625
3126.88958109
3127.79216066
3128.69474023
3129.52652925
3130.28752771
3131.01313089
3131.73873407
3132.46433726
3133.18994044
3133.89784598
3134.60575153
3135.29595943
3136.00386498
3136.72946816
3137.43737371
3138.14527925
3138.9947659
3140.92380851
3141.86178336
3142.85285112
3143.84391889
3144.88807956
3145.93224024
3146.95870328
3148.00286396
3149.029327
3150.05579004
3151.06455544
3152.09101848
3153.11748152
3154.12624692
3155.1704076
3156.28535883
3157.29412423
3158.33828491
3159.32935267
3160.33811807
3161.32918584
3162.24946305
3163.11664734
3163.98383163
3164.79792301
3165.62971202
3166.4438034
3167.27559241
3168.17817198
3168.99226336
3169.87714529
3170.76202722
3171.68230443
3174.42543841
3175.32801798
3176.24829519
3177.18627004
3178.10654724
3179.02682445
3179.85861347
3180.61961193
3181.36291275
3182.12391121
3182.88490967
3183.62821049
3184.38920895
3185.13250977
3185.92890351
3186.61911142
3187.32701696
3188.03492251
3188.72513041
3189.4507336
3190.30022025
3191.2381951
3193.0256566
3193.91053853
3194.8131181
3195.73339531
3196.65367251
3197.53855444
3198.42343637
3199.32601594
3200.22859551
3201.11347744
3202.95403186
3203.87430907
3204.81228391
3206.68823361
3207.76778956
3209.60834398
3210.54631883
3211.50199131
3212.43996616
3214.29821821
3215.23619306
3216.19186554
3217.11214275
3218.0501176
3218.97039481
3219.89067201
3220.82864686
3221.74892407
3223.60717612
3225.44773054
3227.28828496
3229.14653701
3230.13760477
3231.00478907
3231.92506627
3232.84534348
3233.76562069
3234.66820026
3235.57077983
3236.49105704
3237.41133424
3238.34930909
3240.20756115
3241.14553599
3243.92406525
3244.84434246
3245.76461967
3247.64056936
3248.57854421
3249.51651906
3250.43679626
3251.37477111
3252.27735068
3253.17993025
3254.1179051
3255.0381823
3255.95845951
3256.87873672
3257.81671157
3259.65726598
3262.52428344
3263.44456065
3266.29388046
3267.30264587
3268.31141127
3269.32017667
3270.34663971
3271.40849802
3272.4526587
3273.47912174
3274.52328242
3275.53204782
3276.61160378
3277.47878807
3278.38136764
3279.26624957
3280.09803858
3280.96522288
3281.83240717
3282.69959146
3283.60217103
3284.52244824
3285.44272545
3286.36300265
3287.28327986
3288.22125471
3289.14153192
3290.96438869
3291.93775882
3292.8934313
3293.79601087
3294.71628808
3296.5568425
3297.49481734
3298.41509455
3299.33537176
3300.25564897
3302.09620338
3302.98108531
3303.90136252
3305.75961458
3306.69758942
3307.61786663
3308.53814384
3309.44072341
3310.37869825
3311.29897546
3313.13952988
3314.05980709
3314.96238666
3315.88266386
3316.89142927
3318.73198368
3319.65226089
3320.5725381
3322.41309251
3323.33336972
3324.23594929
3325.1562265
3326.09420134
3327.97015104
3328.87273061
3329.77531018
3330.69558738
3331.61586459
3332.5361418
3333.45641901
3335.27927579
3336.21725063
3338.02240977
3338.92498934
3339.84526655
3343.54407302
3344.48204787
3345.40232507
3346.30490464
3347.26057713
3348.19855198
3350.02140875
3351.06556943
3351.86196317
3352.7468451
3353.63172703
3354.5343066
3355.43688617
3356.35716338
3357.27744058
3358.19771779
3359.10029736
3360.03827221
3361.89652426
3362.79910383
3363.73707868
3365.54223782
3366.48021266
3367.40048987
3368.30306944
3369.20564901
3370.10822858
3371.01080815
3372.07266647
3374.85119573
3376.65635487
3377.43505097
3378.19604943
3378.95704789
3379.70034871
3380.44364953
3381.16925272
3381.87715826
3382.56736617
3383.27527171
3383.96547962
3384.65568752
3385.32819779
3386.0184057
3386.69091596
3387.38112387
3388.05363414
3388.7261444
3389.46944523
3390.44281535
3391.48697603
3392.53113671
3393.55759975
3394.56636515
3395.55743291
3396.58389595
3397.57496371
3398.58372911
3399.57479688
3400.58356228
3401.57463004
3402.54800016
3403.5744632
3404.56553096
3405.591994
3406.60075941
3407.62722245
3408.61829021
3409.62705561
3410.63582101
3411.55609822
3412.44098015
3413.2904668
3414.13995346
3414.98944011
3415.82122912
3416.68841342
3417.57329535
3418.44047964
3419.34305921
3420.24563878
3421.14821835
3423.05956332
3424.82932718
3425.73190675
3426.63448632
3427.55476353
3428.51043601
3431.25357
3432.1738472
3434.01440162
3434.95237647
3436.82832616
3437.74860337
3438.65118294
3440.49173735
3441.4297122
3443.32335953
3444.26133438
3445.19930923
3446.13728407
3447.05756128
3447.97783849
3448.91581333
3449.85378818
3450.77406539
3451.6943426
3452.63231744
3453.55259465
3454.47287186
3455.39314907
3457.21600585
3458.11858541
3459.03886262
3460.87941704
3462.71997145
3464.56052587
3465.48080308
3466.41877793
3467.33905513
3468.25933234
3469.19730719
3470.09988676
3471.02016396
3472.8253231
3473.72790267
3474.66587752
3475.58615473
3476.52412957
3477.46210442
3478.40007927
3480.27602896
3481.302492
3482.15197865
3483.0899535
3484.01023071
3484.93050792
3485.85078512
3486.78875997
3487.72673482
3488.64701203
3489.56728923
3490.48756644
3491.40784365
3493.24839807
3494.15097764
3496.96490217
3497.86748174
3498.85854951
3499.69033852
3500.62831337
3501.54859058
3502.48656542
3503.40684263
3504.32711984
3505.26509469
3506.20306953
3508.07901923
3508.99929643
3510.87524613
3511.81322097
3512.76889346
3513.7068683
3514.64484315
3515.582818
3516.52079284
3518.3790449
3520.20190168
3521.13987652
3522.07785137
3523.01582622
3523.93610342
3524.83868299
3525.72356492
3526.62614449
3527.5464217
3528.46669891
3529.38697612
3530.30725333
3531.22753053
3532.14780774
3533.06808495
3533.98836216
3534.89094173
3535.7935213
3536.74919378
3537.66947099
3538.5897482
3539.49232777
3540.41260498
3542.27085703
3545.10247921
3546.04045405
3546.96073126
3547.89870611
3548.85437859
3552.55318507
3553.47346227
3554.39373948
3555.33171433
3556.25199154
3559.04821844
3559.93310037
3560.83567994
3561.73825951
3562.64083908
3563.56111628
3564.48139349
3567.1891322
3568.12710705
3569.02968662
3569.91456855
3570.83484575
3571.75512296
3573.59567738
3574.51595459
3576.37420664
3578.21476106
3579.17043354
3580.12610603
3581.04638324
3582.94003057
3583.87800541
3584.81598026
3585.75395511
3586.67423232
3587.61220716
3588.56787965
3590.44382934
3591.36410655
3592.28438376
3593.18696333
3594.10724053
3595.94779495
3596.85037452
3597.78834937
3599.62890378
3600.51378571
3601.39866764
3602.31894485
3603.23922206
3604.15949927
3605.06207884
3605.96465841
3606.86723798
3607.80521282
3608.74318767
3609.75195307
3610.77841611
3611.80487915
3612.84903983
3613.85780523
3614.86657063
3615.89303367
3616.88410143
3617.89286683
3618.8839346
3619.76881653
3620.65369846
3621.52088275
3622.3703694
3623.23755369
3624.12243563
3625.00731756
3625.89219949
3626.75938378
3627.66196335
3628.56454292
3629.44942485
3630.35200442
3631.25458399
3633.0951384
3633.98002033
3634.86490226
3635.76748183
3636.68775904
3637.57264097
3638.49291818
3639.39549775
3641.23605217
3643.18279241
3644.20925545
3645.23571849
3646.26218153
3647.28864457
3648.29740997
3649.30617537
3650.31494078
3651.23521798
3652.15549519
3653.05807476
3653.88986378
3654.75704807
3655.64193
3656.50911429
3657.39399622
3658.29657579
3659.19915536
3660.10173493
3661.03970978
3661.97768462
3665.5880029
3666.49058247
3667.3754644
3668.27804397
3669.1629259
3670.04780783
3670.93268976
3671.81757169
3672.7378489
3673.62273083
3675.18012303
3675.95881913
3676.70211995
3677.46311841
3678.20641923
3678.94972006
3679.69302088
3680.4363217
3681.16192488
3681.86983043
3682.59543361
3683.28564152
3683.99354706
3684.68375497
3685.35626523
3686.08186842
3686.91365743
3687.83393464
3688.78960713
3689.70988433
3690.63016154
3691.56813639
3694.29357273
3695.21384994
3696.13412715
3697.05440436
3697.97468157
3698.89495877
3699.81523598
3700.75321083
3703.47864718
3704.39892438
3706.2394788
3707.14205837
3708.04463794
3708.96491515
3709.88519235
3710.78777192
3712.64602398
3713.56630119
3714.50427603
3716.38022573
3717.31820057
3718.27387306
3720.13212511
3721.0877976
3721.99037717
3722.92835201
3723.86632686
3724.80430171
3725.75997419
3727.60052861
3728.52080582
3729.44108302
3730.37905787
3731.29933508
3732.21961229
3733.1398895
3736.80330069
3738.62615747
3739.54643467
3740.46671188
3741.36929145
3742.25417338
3743.17445059
3744.0947278
3744.96191209
3745.89988694
3747.72274371
3748.66071856
3749.56329813
3750.50127298
3751.42155018
3752.37722267
3753.29749988
3755.13805429
3756.04063386
3756.94321343
3757.86349064
3758.80146549
3759.73944033
3760.65971754
3761.54459947
3762.44717904
3763.34975861
3765.17261539
3766.99547217
3767.93344701
3768.87142186
3769.77400143
3770.65888336
3771.57916057
3772.49943778
3773.41971498
3774.32229455
3775.24257176
3776.14515133
3777.0477309
3777.95031047
3778.85289004
3781.59602402
3782.53399887
3785.29483049
3786.23280534
3788.0910574
3789.96700709
3790.8872843
3791.8075615
3792.74553635
3793.6835112
3794.62148604
3795.55946089
3796.44434282
3797.36462003
3798.30259488
3799.22287208
3800.12545165
3801.04572886
3802.92167855
3803.82425812
3805.68251018
3806.60278739
3807.50536696
3808.40794653
3809.31052609
3810.21310566
3811.11568523
3812.03596244
3812.92084437
3813.84112158
3814.76139879
3816.6019532
3817.52223041
3818.46020526
3819.38048247
3820.31845731
3821.23873452
3822.15901173
3823.07928894
3824.93754099
3826.77809541
3827.73376789
3830.47690188
3831.41487673
3832.33515393
3833.25543114
3835.09598556
3836.0339604
3836.97193525
3837.87451482
3838.77709439
3839.6973716
3840.61764881
3842.44050558
3844.24566472
3845.16594193
3846.0685215
3846.95340343
3847.87368064
3848.77626021
3849.69653741
3850.63451226
3853.41304152
3854.33331873
3855.25359594
3857.09415036
3857.99672993
3858.91700713
3859.85498198
3860.79295683
3861.73093167
3862.65120888
3863.57148609
3865.39434287
3866.33231771
3867.27029256
3869.09314934
3870.03112418
3871.85398096
3872.77425817
3873.69453538
3874.61481259
3875.53508979
3877.37564421
3878.27822378
3879.18080335
3881.00366013
3881.94163497
3883.78218939
3884.7024666
3885.60504617
3886.54302101
3888.40127307
3889.32155027
3890.25952512
3893.00265911
3893.92293631
3894.84321352
3895.78118837
3896.71916322
3897.63944042
3899.47999484
3900.41796969
3901.32054926
3902.24082646
3903.17880131
3904.11677616
3905.03705336
3906.87760778
3907.79788499
3908.7181622
3909.62074177
3910.54101897
3911.47899382
3914.22212781
3915.12470738
3916.06268222
3916.98295943
3917.90323664
3918.84121148
3919.76148869
3920.6817659
3921.60204311
3923.46029516
3924.38057237
3925.31854722
3927.15910163
3928.09707648
3929.01735369
3929.95532853
3930.87560574
3932.7338578
3933.67183264
3934.59210985
3935.5300847
3937.37063911
3938.3263116
3939.24658881
3940.14916838
3941.06944559
3942.00742043
3942.91
3943.84797485
3944.76825206
3945.67083163
3946.59110883
3947.52908368
3948.43166325
3950.27221767
3951.19249487
3952.11277208
3953.12153748
3954.13030288
3955.01518481
3955.93546202
3956.85573923
3957.7583188
3958.69629365
3959.63426849
3960.53684806
3961.45712527
3962.37740248
3963.29767969
3964.21795689
3965.10283882
3966.02311603
3969.7219225
3970.62450207
3971.58017456
3972.5181494
3973.42072897
3974.34100618
3975.27898103
3976.21695588
3977.13723308
3978.05751029
3978.96008986
3980.78294664
3982.62350105
3983.54377826
3984.48175311
3985.40203032
3986.32230752
3988.18055958
3989.11853443
3990.97678648
3991.91476133
3992.83503853
3993.7376181
3994.64019767
3996.60463556
3997.57800568
3998.51598053
3999.45395538
4000.35653495
4001.24141688
4002.16169409
4003.08197129
4004.0022485
4004.92252571
4005.86050056
4006.7984754
4007.70105497
4010.44418896
4011.3821638
4012.28474337
4013.32890405
4014.24918126
4015.16945847
4016.08973568
4016.99231524
4017.91259245
4018.8505673
4021.6467942
4022.56707141
4023.50504625
4025.34560067
4026.26587788
4027.22155036
4028.19492049
4029.20368589
4030.21245129
4031.25661197
4032.28307501
4033.30953805
4034.31830345
4035.34476649
4036.37122953
4037.37999493
4038.37106269
4039.37982809
4040.38859349
4041.37966126
4042.38842666
4043.27330859
4043.80423775
4044.44135274
4044.6537244
4044.81300315
4044.95458426
4045.09616537
4045.22004884
4045.32623467
4045.57400161
4045.59169925
4045.57400161
4045.57400161
4045.57400161
4045.57400161
4045.57400161
4045.57400161
4045.57400161
4045.57400161
4045.57400161
4045.57400161
4045.57400161
4045.57400161
4045.57400161
4045.57400161
4045.57400161
4045.57400161
4045.57400161
4045.57400161
4045.57400161
4045.57400161
4045.57400161
4045.57400161
4045.57400161
4045.57400161
4045.57400161
4045.57400161
4045.57400161
4045.57400161
4045.57400161
4045.57400161
4046.40579062
4046.97211506
4047.59153241
4048.2286474
4048.93655295
4049.64445849
4050.37006167
4051.14875777
4051.99824443
4052.83003344
4053.66182246
4054.51130911
4055.3784934
4056.24567769
4057.09516435
4057.96234864
4058.82953293
4059.71441486
4060.59929679
4061.44878345
4062.2982701
4063.16545439
4064.05033632
4064.95291589
4065.82010018
4066.70498211
4067.58986405
4068.4393507
4069.32423263
4070.2268122
4071.12939177
4072.0142737
4072.95224855
4073.87252575
4074.77510532
4075.69538253
4076.63335738
4077.55363459
4078.45621416
4079.394189
4080.31446621
4081.23474342
4082.15502063
4083.11069311
4084.04866796
4084.96894517
4085.90692001
4086.8625925
4087.81826498
4088.79163511
4089.76500523
4090.72067772
4091.71174548
4092.66741796
4093.60539281
4094.57876293
4095.53443542
4096.50780554
4097.46347803
4098.40145287
4099.374823
4100.33049548
4101.28616797
4102.22414282
4103.19751294
4104.17088306
4105.12655555
4106.0645304
4107.03790052
4107.97587537
4108.89615257
4109.85182506
4110.80749754
4111.74547239
4112.68344724
4113.62142208
4114.55939693
4115.51506942
4116.45304426
4117.42641439
4118.34669159
4119.30236408
4120.24033893
4121.19601141
4122.1516839
4123.10735638
4124.08072651
4125.00100371
4125.9566762
4126.89465105
4127.83262589
4128.7529031
4129.69087795
4130.62885279
4131.53143236
4132.46940721
4133.44277733
4134.39844982
4135.31872703
4136.27439951
4137.230072
4138.20344212
4139.15911461
4140.11478709
4141.07045958
4142.0438297
4142.98180455
4143.95517467
4144.91084716
4145.848822
4146.76909921
4147.70707406
4148.6450489
4149.60072139
4150.55639387
4151.51206636
4152.45004121
4153.40571369
4154.37908381
4155.3347563
4156.29042879
4157.26379891
4158.27256431
4159.26363207
4160.2370022
4161.22806996
4162.20144008
4163.15711257
4164.11278505
4165.0507599
4165.98873475
4166.94440723
4167.90007972
4168.82035692
4169.75833177
4170.69630662
4171.63428146
4172.58995395
4173.5279288
4174.46590364
4175.45697141
4176.43034153
4177.38601401
4178.35938414
4179.29735898
4180.23533383
4181.17330868
4182.11128352
4183.06695601
4184.00493086
4184.92520806
4185.86318291
4186.74806484
4187.70373733
4188.64171217
4189.68587285
4190.55305714
4191.54412491
4192.53519267
4193.49086515
4194.46423528
4195.38451249
4196.34018497
4197.27815982
4198.21613466
4199.15410951
4200.07438672
4201.01236157
4201.95033641
4202.87061362
4203.79089083
4204.72886567
4205.66684052
4206.60481537
4207.56048785
4208.4984627
4209.45413519
4210.40980767
4211.34778252
4212.28575736
4213.18833693
4214.10861414
4215.06428663
4215.98456383
4216.94023632
4217.8959088
4218.85158129
4219.84264905
4220.7806239
4221.75399402
4222.74506179
4223.70073427
4224.69180203
4225.70056743
4226.6916352
4227.68270296
4228.65607308
4229.62944321
4230.60281333
4231.55848582
4232.54955358
4233.50522606
4234.46089855
4235.45196631
4236.42533643
4237.36331128
4238.31898377
4239.27465625
4240.24802638
4241.18600122
4242.12397607
4243.07964855
4244.07071632
4245.0263888
4246.01745656
4246.97312905
4247.94649917
4248.88447402
4249.80475123
4250.76042371
4251.69839856
4252.67176868
4253.60974353
4254.54771838
4255.50339086
4256.44136571
4257.39703819
4258.35271068
4259.3260808
4260.35254384
4261.30821633
4262.31698173
4263.30804949
4264.28141962
4265.21939446
4266.17506695
4267.14843707
4268.10410956
4269.07747968
4270.06854744
4271.0596152
4272.03298533
4272.98865781
4273.96202794
4274.91770042
4275.85567527
4276.82904539
4277.80241552
4278.77578564
4279.73145813
4280.72252589
4281.66050074
4282.66926614
4283.55414807
4284.50982055
4285.4477954
4286.40346788
4287.35914037
4288.29711522
4289.27048534
4290.22615783
4291.18183031
4292.15520043
4293.1462682
4294.1550336
4295.12840372
4296.08407621
4297.03974869
4298.01311882
4298.9687913
4299.94216142
4300.91553155
4301.8535064
4302.72069069
4303.58787498
4304.43736163
4305.25145301
4306.08324202
4306.95042632
4308.72019018
4309.60507211
4310.48995404
4311.39253361
4313.25078566
4314.13566759
4315.03824716
4315.95852437
4316.86110394
4317.76368351
4318.66626308
4319.56884265
4320.47142222
4321.39169943
4322.31197663
4323.23225384
4325.0905059
4326.94875795
4327.86903516
4328.80701001
4329.74498485
4330.70065734
4331.62093455
4332.54121175
4333.46148896
4334.39946381
4335.40822921
4336.45238989
4337.5142482
4338.57610652
4339.60256956
4340.6290326
4341.65549564
4342.68195868
4343.69072408
4344.71718712
4345.74365016
4346.75241556
4347.69039041
4348.68145817
4349.65482829
4350.61050078
4351.5838709
4352.55724103
4353.53061115
4354.52167891
4355.49504904
4356.45072152
4357.40639401
4358.39746177
4359.31773898
4360.20262091
4361.0698052
4361.90159422
4362.75108087
4363.60056752
4364.50314709
4366.29060859
4367.2108858
4368.13116301
4369.97171743
4370.90969227
4371.84766712
4372.78564197
4373.70591917
4374.62619638
4375.54647359
4376.4667508
4378.28960757
4379.19218714
4380.11246435
4381.03274156
4381.95301877
4382.89099361
4383.81127082
4385.66952288
4387.56317021
4388.48344742
4389.31523643
4390.07623489
4390.80183808
4391.5451389
4392.28843972
4393.0140429
4393.73964609
4394.44755163
4395.15545717
4395.86336272
4396.57126826
4397.29687145
4398.00477699
4398.73038017
4399.45598336
4400.18158654
4400.90718972
4401.61509527
4402.34069845
4403.048604
4403.77420718
4404.48211272
4405.19001827
4405.91562145
4406.65892227
4407.36682782
4408.05703573
4408.74724363
4409.43745154
4410.1099618
4410.80016971
4411.47267998
4412.16288788
4412.83539815
4413.52560606
4414.26890688
4415.08299826
4415.98557782
4416.94125031
4417.8084346
4418.79950236
4419.79057013
4420.78163789
4421.79040329
4422.79916869
4423.79023645
4424.78130422
4425.77237198
4426.76343974
4427.73680987
4428.65708707
4429.55966664
4430.44454857
4431.29403523
4432.16121952
4433.02840381
4434.83356295
4435.71844488
4436.63872209
4437.54130166
4438.44388123
4439.38185607
4440.30213328
4442.95677907
4443.48770823
4443.85935864
4444.10712558
4444.30179961
4444.44338072
4444.56726419
4444.67345002
4444.74424057
4444.81503113
4444.86812404
4444.92121696
4444.97430988
4445.00970515
4445.00970515
4445.00970515
4445.00970515
4445.00970515
4445.00970515
4445.46984376
4445.89458708
4446.39012097
4446.9564454
4447.55816511
4448.23067538
4448.9739762
4449.80576522
4450.67294951
4451.52243616
4452.38962046
4453.23910711
4454.08859376
4454.93808042
4455.75217179
4456.2123104
4456.49547262
4456.70784428
4456.86712303
4457.00870413
4457.13258761
4457.23877344
4457.30956399
4457.39805218
4457.39805218
4457.39805218
4457.39805218
4457.39805218
4457.39805218
4457.39805218
4457.39805218
4457.39805218
4457.9997719
4458.38911995
4458.84925855
4459.34479243
4459.91111687
4460.49513894
4461.22074213
4462.0348335
4462.90201779
4463.80459736
4464.68947929
4465.45047775
4465.8398258
4466.10529038
4466.44154552
4466.56542899
4466.65391718
4466.74240537
4466.83089357
4466.86628884
4466.88398648
4466.88398648
4466.88398648
4466.88398648
4466.88398648
4466.88398648
4466.88398648
4466.88398648
4466.88398648
4466.88398648
4466.88398648
4466.88398648
4466.88398648
4466.88398648
4466.88398648
4466.88398648
4466.88398648
4466.88398648
4466.88398648
4466.88398648
4466.88398648
4466.88398648
4466.88398648
4466.88398648
4466.88398648
4466.88398648
4466.88398648
4466.88398648
4466.88398648
4466.88398648
4466.88398648
4466.88398648
4466.88398648
4466.88398648
4466.88398648
4466.88398648
4466.88398648
4466.88398648
4466.88398648
4466.88398648
4466.88398648
4466.88398648
4466.88398648
4466.88398648
4466.88398648
4466.88398648
4466.88398648
4466.88398648
4466.88398648
4466.88398648
4466.88398648
4466.88398648
4466.88398648
4466.88398648
4466.88398648
4466.88398648
4466.88398648
4466.88398648
4466.88398648
4466.88398648
4466.88398648
4466.88398648
4466.88398648
4466.88398648
4466.88398648
4466.88398648
4466.88398648
4466.88398648
4466.88398648
4466.88398648
4466.88398648
4466.88398648
4466.88398648
4466.88398648
4466.88398648
4466.88398648
4466.88398648
4466.88398648
4466.88398648
4466.88398648
4466.88398648
4466.88398648
4466.88398648
4466.88398648
4466.88398648
4466.88398648
4466.88398648
4466.88398648
4466.88398648
4466.88398648
4466.88398648
4466.88398648
4466.88398648
4466.88398648
4466.88398648
4466.88398648
4466.88398648
4466.88398648
4466.88398648
4466.88398648
4466.88398648
4466.88398648
4466.88398648
4466.88398648
4466.88398648
4466.88398648
4466.88398648
4466.88398648
4466.88398648
4466.88398648
4466.88398648
4466.88398648
4466.88398648
4466.88398648
4466.88398648
4466.88398648
4466.88398648
4466.88398648
4466.88398648
4466.88398648
4466.88398648
4466.88398648
4466.88398648
4466.88398648
4466.88398648
4466.88398648
4466.88398648
4466.88398648
4466.88398648
4466.88398648
4466.88398648
4466.88398648
4466.88398648
4466.88398648
4466.88398648
4466.88398648
4466.88398648
4466.88398648
4466.88398648
4466.88398648
4466.88398648
4466.88398648
4466.88398648
4466.88398648
4466.88398648
4466.88398648
4466.88398648
4466.88398648
4466.88398648
4466.88398648
4466.88398648
4466.88398648
4466.88398648
4466.88398648
4466.88398648
4466.88398648
4466.88398648
4466.88398648
4466.88398648
4466.88398648
4466.88398648
4466.88398648
4466.88398648
4466.88398648
4466.88398648
4466.88398648
4466.88398648
4466.88398648
4466.88398648
4466.88398648
4466.88398648
4466.88398648
4466.88398648
4466.88398648
4466.88398648
4466.88398648
4466.88398648
4466.88398648
4466.88398648
4466.88398648
4466.88398648
4466.88398648
4466.88398648
4466.88398648
4466.88398648
4466.88398648
4466.88398648
4466.88398648
4466.88398648
4466.88398648
4466.88398648
4466.88398648
4466.88398648
4466.88398648
4466.88398648
4466.88398648
4466.88398648
4466.88398648
4466.88398648
4466.88398648
4466.88398648
4466.88398648
4466.88398648
4466.88398648
4466.88398648
4466.88398648
4466.88398648
4466.88398648
4466.88398648
4466.88398648
4466.88398648
4466.88398648
4466.88398648
4466.88398648
4466.88398648
4466.88398648
4466.88398648
4466.88398648
4466.88398648
4466.88398648
4466.88398648
4466.88398648
4466.88398648
4466.88398648
4466.88398648
4466.88398648
4466.88398648
4466.88398648
4466.88398648
4466.88398648
4466.88398648
4466.88398648
4466.88398648
4466.88398648
4466.88398648
4466.88398648
4466.88398648
4466.88398648
4466.88398648
4466.88398648
4466.88398648
4466.88398648
4466.88398648
4466.88398648
4466.88398648
4466.88398648
4466.88398648
4466.88398648
4466.88398648
4466.88398648
4466.88398648
4466.88398648
4466.88398648
4466.88398648
4466.88398648
4466.88398648
4466.88398648
4466.88398648
4466.88398648
4466.88398648
4466.88398648
4466.88398648
4466.88398648
4466.88398648
4466.88398648
4466.88398648
4466.88398648
4466.88398648
4466.88398648
4466.88398648
4466.88398648
4466.88398648
4466.88398648
4466.88398648
4466.88398648
4466.88398648
4466.88398648
4466.88398648
4466.88398648
4466.88398648
4466.88398648
4466.88398648
4466.88398648
4466.88398648
4466.88398648
4466.88398648
4466.88398648
4466.88398648
4466.88398648
4466.88398648
4466.88398648
4466.88398648
4466.88398648
4466.88398648
4466.88398648
4466.88398648
4466.88398648
4466.88398648
4466.88398648
4466.88398648
4466.88398648
4466.88398648
4466.88398648
4466.88398648
4466.88398648
4466.88398648
4466.88398648
4466.88398648
4466.88398648
4466.88398648
4466.88398648
4466.88398648
4466.88398648
4466.88398648
4466.88398648
4466.88398648
4466.88398648
4466.88398648
4466.88398648
4466.88398648
4466.88398648
4466.88398648
4466.88398648
4466.88398648
4466.88398648
4466.88398648
4466.88398648
4466.88398648
4466.88398648
4466.88398648
4466.88398648
4466.88398648
4466.88398648
4466.88398648
4466.88398648
4466.88398648
4466.88398648
4466.88398648
4466.88398648
4466.88398648
4466.88398648
4466.88398648
4466.88398648
4466.88398648
4466.88398648
4466.88398648
4466.88398648
4466.88398648
4466.88398648
4466.88398648
4466.88398648
4466.88398648
4466.88398648
4466.88398648
4466.88398648
4466.88398648
4466.88398648
4466.88398648
4466.88398648
4466.88398648
4466.88398648
4466.88398648
4466.88398648
4466.88398648
4466.88398648
4466.88398648
4466.88398648
4466.88398648
4466.88398648
4466.88398648
4466.88398648
4466.88398648
4466.88398648
4466.88398648
4466.88398648
4466.88398648
4466.88398648
4466.88398648
4466.88398648
4466.88398648
4466.88398648
4466.88398648
4466.88398648
4466.88398648
4466.88398648
4466.88398648
4466.88398648
4466.88398648
4466.88398648
4466.88398648
4466.88398648
4466.88398648
4466.88398648
4466.88398648
4466.88398648
4466.88398648
4466.88398648
4466.88398648
4466.88398648
4466.88398648
4466.88398648
4466.88398648
4466.88398648
4466.88398648
4466.88398648
4466.88398648
4466.88398648
4466.88398648
4466.88398648
4466.88398648
4466.88398648
4466.88398648
4466.88398648
4466.88398648
4466.88398648
4466.88398648
4466.88398648
4466.88398648
4466.88398648
4466.88398648
4466.88398648
4466.88398648
4466.88398648
4466.88398648
4466.88398648
4466.88398648
4466.88398648
4466.88398648
4466.88398648
4466.88398648
4466.88398648
4466.88398648
4466.88398648
4466.88398648
4466.88398648
4466.88398648
4466.88398648
4466.88398648
4466.88398648

