-0.0163542749963,0.00523598775598 0.00523598775598
-0.048275324989,0.00523598775598 0.00523598775598
-0.114583874974,0.00523598775598 0.00523598775598
-0.241617424945,0.00523598775598 0.00523598775598
-0.358938474918,0.00523598775598 0.00523598775598
-0.385522024912,0.00523598775598 0.00523598775598
-0.355843074919,0.00523598775598 0.00523598775598
-0.358014124918,0.00523598775598 0.00523598775598
-0.399997674909,0.00523598775598 0.00523598775598
-0.447493724898,0.00523598775598 0.00523598775598
-0.491577274888,0.00523598775598 0.00523598775598
-0.532773324878,0.00523598775598 0.00523598775598
-0.592081874865,0.00523598775598 0.00523598775598
-0.694265424841,0.00523598775598 0.00523598775598
-0.826986474811,0.00523598775598 0.00523598775598
-0.940282524785,0.00523598775598 0.00523598775598
-1.00186607477,0.00523598775598 0.00523598775598
-1.04008712476,0.00523598775598 0.00523598775598
-1.03735817476,0.00523598775598 0.00523598775598
-0.988604224774,0.00523598775598 0.00523598775598
-0.931712774787,0.00523598775598 0.00523598775598
-0.8756088248,0.00523598775598 0.00523598775598
-0.835342374809,0.00523598775598 0.00523598775598
