-2.25103840276,-1.43507516084,3.98253592043
-2.25103840276,-1.43507516084,3.98253592043
-2.25103840276,-1.43507516084,3.98253592043
-2.25103840276,-1.43507516084,3.98253592043
-2.25103840276,-1.43507516084,3.98253592043
-2.25103840276,-1.43507516084,3.98253592043
-2.25103840276,-1.43507516084,3.98253592043
-2.25103840276,-1.43507516084,3.98253592043
-2.25103840276,-1.43507516084,3.98253592043
-2.25103840276,-1.43507516084,3.98253592043
-2.25103840276,1.6136005267,-3.95626871519
1.73271924815,1.6136005267,-3.95626871519
1.73271924815,1.6136005267,-3.95626871519
1.73271924815,1.6136005267,-3.95626871519
1.73271924815,1.6136005267,-3.95626871519
1.73271924815,1.6136005267,-3.95626871519
1.73271924815,1.6136005267,-3.95626871519
1.73271924815,1.6136005267,-3.95626871519
1.73271924815,1.6136005267,-3.95626871519
1.73271924815,1.6136005267,-3.95626871519
1.73271924815,1.6136005267,-3.95626871519
1.73271924815,1.6136005267,-3.95626871519
1.73271924815,1.6136005267,-3.95626871519
1.73271924815,1.6136005267,-3.95626871519
1.73271924815,1.6136005267,-3.95626871519
1.73271924815,1.6136005267,-3.95626871519
1.73271924815,0.427911099358,0.0232128790515
-1.28831478736,0.427911099358,0.0232128790515
-1.28831478736,0.427911099358,0.0232128790515
-1.28831478736,0.427911099358,0.0232128790515
-1.28831478736,0.427911099358,0.0232128790515
-1.28831478736,0.427911099358,0.0232128790515
-1.28831478736,0.427911099358,0.0232128790515
-1.28831478736,0.427911099358,0.0232128790515
-1.28831478736,0.427911099358,0.0232128790515
-1.28831478736,0.427911099358,0.0232128790515
-1.28831478736,0.427911099358,0.0232128790515
-1.28831478736,0.427911099358,0.0232128790515
-1.28831478736,0.427911099358,0.0232128790515
-1.28831478736,0.427911099358,0.0232128790515
-1.28831478736,0.427911099358,0.0232128790515
-1.28831478736,0.427911099358,0.0232128790515
-1.28831478736,0.427911099358,0.0259617726234
-1.31091680117,0.436005063764,0.0259617726234
-1.31091680117,0.436005063764,0.0259617726234
-1.31091680117,0.436005063764,0.0259617726234
-1.31091680117,0.436005063764,0.0259617726234
-1.31091680117,0.436005063764,0.0259617726234
-1.31091680117,0.436005063764,0.0259617726234
-1.31091680117,0.436005063764,0.0259617726234
-1.31091680117,0.436005063764,0.0259617726234
-1.31091680117,0.436005063764,0.0259617726234
-1.31091680117,0.436005063764,0.0259617726234
-1.31091680117,0.436005063764,0.0259617726234
-1.31091680117,0.436005063764,0.0259617726234
-1.31091680117,0.436005063764,0.0259617726234
-1.31091680117,0.436005063764,0.0259617726234
-1.31091680117,0.436005063764,0.0259617726234
-1.31091680117,0.433561602811,0.0267253541712
-1.31702545355,0.433561602811,0.0267253541712
-1.31702545355,0.433561602811,0.0267253541712
-1.31702545355,0.433561602811,0.0267253541712
-1.31702545355,0.433561602811,0.0267253541712
-1.31702545355,0.433561602811,0.0267253541712
-1.31839990034,0.43386703543,0.0253509073852
-1.31839990034,0.43386703543,0.0253509073852
-1.31839990034,0.43386703543,0.0253509073852
-1.31839990034,0.43386703543,0.0253509073852
-1.31839990034,0.43386703543,0.0253509073852
-1.31839990034,0.43386703543,0.0253509073852
-1.31839990034,0.43386703543,0.0253509073852
-1.31839990034,0.43386703543,0.0253509073852
-1.31839990034,0.43386703543,0.0253509073852
-1.31839990034,0.43386703543,0.0253509073852
-1.31839990034,0.43386703543,0.0253509073852
-1.31839990034,0.43386703543,0.0253509073852
-1.31839990034,0.43386703543,0.0394008078638
-1.30221197153,0.441502850908,0.0394008078638
-1.30221197153,0.441502850908,0.0394008078638
-1.30221197153,0.441502850908,0.0394008078638
-1.30221197153,0.441502850908,0.0394008078638
-1.30221197153,0.441502850908,0.0394008078638
-1.30221197153,0.441502850908,0.0394008078638
-1.30221197153,0.441502850908,0.0394008078638
-1.30221197153,0.441502850908,0.0394008078638
-1.30221197153,0.441502850908,0.0394008078638
-1.30221197153,0.441502850908,0.0394008078638
-1.30221197153,0.441502850908,0.0394008078638
-1.30221197153,0.441502850908,0.0394008078638
-1.30221197153,0.441502850908,0.0394008078638
-1.30221197153,0.441502850908,0.0394008078638
-1.30221197153,0.441502850908,0.0394008078638
-1.30221197153,0.441502850908,0.0855211333477
-1.18263510115,0.453109290433,0.0855211333477
-1.18263510115,0.453109290433,0.0855211333477
-1.18263510115,0.453109290433,0.0855211333477
-1.18263510115,0.453109290433,0.0855211333477
-1.18263510115,0.453109290433,0.0855211333477
-1.18263510115,0.453109290433,0.0855211333477
-1.18263510115,0.453109290433,0.0855211333477
-1.18263510115,0.453109290433,0.0855211333477
-1.18263510115,0.453109290433,0.0855211333477
-1.18263510115,0.453109290433,0.0855211333477
-1.18263510115,0.453109290433,0.0855211333477
-1.18263510115,0.453109290433,0.0855211333477
-1.18263510115,0.453109290433,0.0855211333477
-1.18263510115,0.453109290433,0.0855211333477
-1.18263510115,0.453109290433,0.0855211333477
-1.18263510115,0.453109290433,0.120951317163
-1.06534897542,0.452192992576,0.120951317163
-1.06534897542,0.452192992576,0.120951317163
-1.06534897542,0.452192992576,0.120951317163
-1.06534897542,0.452192992576,0.120951317163
-1.06534897542,0.452192992576,0.120951317163
-1.06534897542,0.452192992576,0.120951317163
-1.06534897542,0.452192992576,0.120951317163
-1.06534897542,0.452192992576,0.120951317163
-1.06534897542,0.452192992576,0.120951317163
-1.06534897542,0.452192992576,0.120951317163
-1.06534897542,0.452192992576,0.120951317163
-1.06534897542,0.452192992576,0.120951317163
-1.06534897542,0.452192992576,0.120951317163
-1.06534897542,0.452192992576,0.120951317163
-1.06534897542,0.452192992576,0.120951317163
-1.06534897542,0.384845100065,0.127823551093
-0.851851574667,0.384845100065,0.127823551093
-0.851851574667,0.384845100065,0.127823551093
-0.851851574667,0.384845100065,0.127823551093
-0.851851574667,0.384845100065,0.127823551093
-0.851851574667,0.384845100065,0.127823551093
-0.851851574667,0.384845100065,0.127823551093
-0.851851574667,0.384845100065,0.127823551093
-0.851851574667,0.384845100065,0.127823551093
-0.851851574667,0.384845100065,0.127823551093
-0.851851574667,0.384845100065,0.127823551093
-0.851851574667,0.384845100065,0.127823551093
-0.851851574667,0.384845100065,0.127823551093
-0.851851574667,0.384845100065,0.127823551093
-0.851851574667,0.384845100065,0.127823551093
-0.851851574667,0.384845100065,0.112857352757
-0.592997429981,0.272445896236,0.112857352757
-0.592997429981,0.272445896236,0.112857352757
-0.592997429981,0.272445896236,0.112857352757
-0.592997429981,0.272445896236,0.112857352757
-0.592997429981,0.272445896236,0.112857352757
-0.592997429981,0.272445896236,0.112857352757
-0.592997429981,0.272445896236,0.112857352757
-0.592997429981,0.272445896236,0.112857352757
-0.592997429981,0.272445896236,0.112857352757
-0.592997429981,0.272445896236,0.112857352757
-0.592997429981,0.272445896236,0.112857352757
-0.592997429981,0.272445896236,0.112857352757
-0.592997429981,0.272445896236,0.112857352757
-0.592997429981,0.272445896236,0.112857352757
-0.592997429981,0.272445896236,0.112857352757
-0.592997429981,0.272445896236,0.112857352757
-0.592997429981,0.272445896236,0.0618501053675
-0.266031811235,0.125990955378,0.0618501053675
-0.266031811235,0.125990955378,0.0618501053675
-0.266031811235,0.125990955378,0.0618501053675
-0.266031811235,0.125990955378,0.0618501053675
-0.266031811235,0.125990955378,0.0618501053675
-0.266031811235,0.125990955378,0.0618501053675
-0.266031811235,0.125990955378,0.0618501053675
-0.266031811235,0.125990955378,0.0618501053675
-0.266031811235,0.125990955378,0.0618501053675
-0.266031811235,0.125990955378,0.0618501053675
-0.266031811235,0.125990955378,0.0618501053675
-0.266031811235,0.125990955378,0.0618501053675
-0.266031811235,0.125990955378,0.0618501053675
-0.266031811235,0.125990955378,0.0618501053675
-0.266031811235,0.125990955378,0.0618501053675
-0.266031811235,0.125990955378,0.0618501053675
-0.266031811235,0.125990955378,0.0618501053675
0.00503963821513,0.00565050345333,-0.00778853178702
0.00503963821513,0.00565050345333,-0.00778853178702
0.00503963821513,0.00565050345333,-0.00778853178702
0.00503963821513,0.00565050345333,-0.00778853178702
0.00503963821513,0.00565050345333,-0.00778853178702
0.00503963821513,0.00565050345333,-0.00778853178702
0.00503963821513,0.00565050345333,-0.00778853178702
0.00503963821513,0.00565050345333,-0.00778853178702
0.00503963821513,0.00565050345333,-0.00778853178702
0.00503963821513,0.00565050345333,-0.00778853178702
0.00503963821513,0.00565050345333,-0.00778853178702
0.00503963821513,0.00565050345333,-0.00778853178702
0.00503963821513,0.00565050345333,-0.00778853178702
0.00503963821513,0.00565050345333,-0.00778853178702
0.00503963821513,0.00565050345333,-0.00778853178702
0.00503963821513,0.00565050345333,-0.00778853178702
0.00503963821513,0.00565050345333,-0.00778853178702
0.00503963821513,0.0116064395258,-0.0105374253589
-0.00580321976288,0.0116064395258,-0.0105374253589
-0.00580321976288,0.0116064395258,-0.0105374253589
-0.00580321976288,0.0116064395258,-0.0105374253589
-0.00580321976288,0.0116064395258,-0.0105374253589
-0.00580321976288,0.0116064395258,-0.0105374253589
-0.00580321976288,0.0116064395258,-0.0105374253589
-0.00580321976288,0.0116064395258,-0.0105374253589
-0.00580321976288,0.0116064395258,-0.0105374253589
-0.00580321976288,0.0116064395258,-0.0105374253589
-0.00580321976288,0.0116064395258,-0.0105374253589
-0.00580321976288,0.0116064395258,-0.0105374253589
-0.00580321976288,0.0116064395258,-0.0105374253589
-0.00580321976288,0.0116064395258,-0.0105374253589
-0.00580321976288,0.0116064395258,-0.0105374253589
-0.00580321976288,0.0116064395258,-0.0105374253589
-0.00580321976288,0.0116064395258,-0.0105374253589
-0.00580321976288,0.0116064395258,-0.00412334035784
0.000458148928649,0.0102319927398,-0.00412334035784
0.000458148928649,0.0102319927398,-0.00412334035784
0.000458148928649,0.0102319927398,-0.00412334035784
0.000458148928649,0.0102319927398,-0.00412334035784
0.000458148928649,0.0102319927398,-0.00412334035784
0.000458148928649,0.0102319927398,-0.00412334035784
0.000458148928649,0.0102319927398,-0.00412334035784
0.000458148928649,0.0102319927398,-0.00412334035784
0.000458148928649,0.0102319927398,-0.00412334035784
0.000458148928649,0.0102319927398,-0.00412334035784
0.000458148928649,0.0102319927398,-0.00412334035784
0.000458148928649,0.0102319927398,-0.00412334035784
0.000458148928649,0.0102319927398,-0.00412334035784
0.000458148928649,0.0102319927398,-0.00412334035784
0.000458148928649,0.0102319927398,-0.00412334035784
0.000458148928649,0.0102319927398,-0.00412334035784
0.000458148928649,0.0102319927398,-0.00702495023928
0.00198531202414,0.0100792764303,-0.00702495023928
0.00198531202414,0.0100792764303,-0.00702495023928
0.00198531202414,0.0100792764303,-0.00702495023928
0.00198531202414,0.0100792764303,-0.00702495023928
0.00198531202414,0.0100792764303,-0.00702495023928
0.00198531202414,0.0100792764303,-0.00702495023928
0.00198531202414,0.0100792764303,-0.00702495023928
0.00198531202414,0.0100792764303,-0.00702495023928
0.00198531202414,0.0100792764303,-0.00702495023928
0.00198531202414,0.0100792764303,-0.00702495023928
0.00198531202414,0.0100792764303,-0.00702495023928
0.00198531202414,0.0100792764303,-0.00702495023928
0.00198531202414,0.0100792764303,-0.00702495023928
0.00198531202414,0.0100792764303,-0.00702495023928
0.00198531202414,0.0100792764303,-0.00702495023928
0.00198531202414,0.0100792764303,-0.00702495023928
0.00198531202414,0.0100792764303,-0.00702495023928
0.00198531202414,0.0132863189308,-0.00901026226342
0.00198531202414,0.0132863189308,-0.00901026226342
0.00198531202414,0.0132863189308,-0.00901026226342
0.00198531202414,0.0132863189308,-0.00901026226342
0.00198531202414,0.0132863189308,-0.00901026226342
0.00198531202414,0.0132863189308,-0.00901026226342
-------------------
