375,285
375,286
375,287
375,288
375,289
375,290
375,291
375,292
375,293
375,294
375,295
375,296
375,297
375,298
375,299
375,300
375,301
375,302
375,303
375,304
375,305
375,306
375,307
375,308
375,309
375,310
375,311
375,312
375,313
375,314
375,315
375,316
375,317
375,318
375,319
375,320
375,321
375,322
375,323
375,324
375,325
375,326
375,327
375,328
375,329
375,330
375,331
375,332
375,333
375,334
375,335
375,336
375,337
375,338
375,339
375,340
375,341
375,342
375,343
375,344
375,345
375,346
375,347
375,348
375,349
375,350
375,351
375,352
375,353
375,354
375,355
375,356
375,357
375,358
375,359
375,360
375,361
375,362
375,363
375,364
375,365
375,366
375,367
375,368
375,369
375,370
375,371
375,372
375,373
375,374
375,375
375,376
375,377
375,378
375,379
375,380
375,381
375,382
375,383
375,384
375,385
375,386
375,387
375,388
375,389
375,390
375,391
375,392
375,393
375,394
375,395
375,396
375,397
375,398
375,399
375,400
375,401
375,402
375,403
375,404
375,405
375,406
375,407
375,408
375,409
375,410
375,411
375,412
375,413
375,414
375,415
375,416
375,417
375,418
375,419
375,420
375,421
375,422
375,423
375,424
375,425
375,426
375,427
375,428
375,429
375,430
375,431
375,432
375,433
375,434
375,435
375,436
375,437
375,438
375,439
375,440
375,441
375,442
375,443
375,444
375,445
375,446
375,447
375,448
375,449
375,450
375,451
375,452
375,453
375,454
375,455
375,456
375,457
375,458
375,459
375,460
375,461
375,462
375,463
375,464
375,465
374,466
373,467
372,468
371,469
370,470
369,471
368,472
367,473
366,474
365,475
364,476
363,477
362,478
361,479
360,480
359,481
358,481
357,481
356,481
355,481
354,481
353,481
352,481
351,481
350,481
349,481
348,482
347,483
346,484
345,485
344,486
343,487
342,488
341,489
340,490
339,491
338,492
337,493
336,494
335,495
334,496
333,497
332,498
331,499
330,500
329,501
329,502
329,503
329,504
329,505
329,506
329,507
329,508
329,509
329,510
329,511
328,512
327,513
326,514
325,515
324,516
323,517
322,518
321,519
320,520
319,521
318,522
317,523
316,524
315,525
314,526
313,527
312,528
311,529
310,530
309,531
308,532
307,533
306,534
305,535
304,536
304,537
304,538
304,539
304,540
304,541
303,542
302,543
301,544
300,545
299,546
298,547
297,548
296,549
295,550
294,551
293,552
292,553
291,554
290,555
289,556
288,557
287,558
286,559
285,560
284,561
283,562
282,563
281,564
280,565
279,566
279,567
279,568
279,569
279,570
279,571
278,572
277,573
276,574
275,575
274,576
273,577
272,578
271,579
270,580
269,581
268,582
267,583
266,584
265,585
264,586
263,587
262,588
261,589
260,590
259,591
259,592
259,593
259,594
259,595
259,596
259,597
259,598
259,599
259,600
259,601
258,602
257,603
256,604
255,605
254,606
253,607
252,608
251,609
250,610
249,611
248,612
247,613
246,614
245,615
244,616
243,617
242,618
241,619
240,620
239,621
239,622
239,623
239,624
239,625
239,626
239,627
239,628
239,629
239,630
239,631
238,632
237,633
236,634
235,635
234,636
233,637
232,638
231,639
230,640
229,641
228,642
227,643
226,644
225,645
224,646
223,647
222,648
221,649
220,650
219,651
218,652
217,653
216,654
215,655
214,656
213,657
212,658
211,659
210,660
209,661
208,662
207,663
206,664
205,665
204,666
203,667
202,668
201,669
200,670
199,671
198,672
197,673
196,674
195,675
194,676
193,677
192,678
191,679
190,680
189,681
189,682
189,683
189,684
189,685
189,686
189,687
189,688
189,689
189,690
189,691
188,692
187,693
186,694
185,695
184,696
183,697
182,698
181,699
180,700
179,701
178,702
177,703
176,704
175,705
174,706
173,707
172,708
171,709
170,710
169,711
169,712
169,713
169,714
169,715
169,716
169,717
169,718
169,719
169,720
169,721
168,722
167,723
166,724
165,725
164,726
163,727
162,728
161,729
160,730
159,731
158,732
157,733
156,734
155,735
154,736
153,737
152,738
151,739
150,740
149,741
148,742
147,743
146,744
145,745
144,746
143,747
142,748
141,749
140,750
139,751
138,752
137,753
136,754
135,755
134,756
134,757
134,758
134,759
134,760
134,761
134,762
134,763
134,764
134,765
134,766
134,767
134,768
134,769
134,770
134,771
134,772
134,773
134,774
134,775
134,776
134,777
134,778
134,779
134,780
135,781
135,782
135,783
135,784
135,785
135,786
135,787
135,788
135,789
135,790
135,791
135,792
135,793
135,794
135,795
135,796
135,797
135,798
135,799
135,800
135,801
135,802
135,803
135,804
135,805
135,806
135,807
135,808
135,809
135,810
135,811
135,812
135,813
135,814
135,815
135,816
135,817
135,818
135,819
135,820
135,821
135,822
135,823
135,824
135,825
135,826
135,827
135,828
135,829
135,830
135,831
135,832
135,833
135,834
135,835
135,836
135,837
135,838
135,839
135,840
135,841
135,842
135,843
135,844
135,845
135,846
135,847
135,848
135,849
135,850
135,851
135,852
135,853
135,854
135,855
135,856
135,857
135,858
135,859
135,860
135,861
135,862
135,863
135,864
135,865
135,866
135,867
135,868
135,869
135,870
135,871
135,872
135,873
135,874
135,875
135,876
135,877
135,878
135,879
135,880
135,881
135,882
135,883
135,884
135,885
135,886
135,887
135,888
135,889
135,890
135,891
135,892
135,893
135,894
135,895
135,896
135,897
135,898
135,899
135,900
135,901
135,902
135,903
135,904
135,905
135,906
135,907
135,908
135,909
135,910
135,911
135,912
135,913
135,914
135,915
135,916
135,917
135,918
135,919
135,920
135,921
135,922
135,923
135,924
135,925
135,926
135,927
135,928
135,929
135,930
136,931
137,932
138,933
139,934
140,935
141,936
142,937
143,938
144,939
145,940
146,941
147,942
148,943
149,944
150,945
151,946
151,947
151,948
151,949
151,950
151,951
151,952
151,953
151,954
151,955
151,956
152,957
153,958
154,959
155,960
156,961
157,962
158,963
159,964
160,965
161,966
162,967
163,968
164,969
165,970
166,971
167,971
168,971
169,971
170,971
171,971
172,971
173,971
174,971
175,971
176,971
177,971
178,971
179,971
180,971
181,971
182,972
183,973
184,974
185,975
186,976
187,976
188,976
189,976
190,976
191,976
192,976
193,976
194,976
195,976
196,976
197,976
198,976
199,976
200,976
201,976
202,976
203,976
204,976
205,976
206,976
207,976
208,976
209,976
210,976
211,975
212,975
213,975
214,975
215,975
216,975
217,975
218,975
219,975
220,975
221,975
222,975
223,975
224,975
225,975
226,975
227,975
228,975
229,975
230,975
231,975
232,975
233,975
234,975
235,975
236,975
237,975
238,975
239,975
240,975
241,975
242,975
243,975
244,975
245,975
246,975
247,975
248,975
249,975
250,975
251,975
252,975
253,975
254,975
255,975
256,975
257,975
258,975
259,975
260,975
261,975
262,975
263,975
264,975
265,975
266,975
267,975
268,975
269,975
270,975
271,975
272,975
273,975
274,975
275,975
276,975
277,975
278,975
279,975
280,975
281,975
282,975
283,975
284,975
285,975
286,975
287,975
288,975
289,975
290,975
291,975
292,975
293,975
294,975
295,975
296,975
297,975
298,975
299,975
300,975
301,975
302,975
303,975
304,975
305,975
306,975
307,975
308,975
309,975
310,975
311,975
312,975
313,975
314,975
315,975
316,975
317,975
318,975
319,975
320,975
321,975
322,975
323,975
324,975
325,975
326,975
327,975
328,975
329,975
330,975
331,974
332,973
333,972
334,971
335,970
336,969
337,968
338,967
339,966
340,965
341,964
342,963
343,962
344,961
345,960
346,959
347,959
348,959
349,959
350,959
351,959
352,958
353,957
354,956
355,955
356,954
357,953
358,952
359,951
360,950
361,949
362,948
363,947
364,946
365,945
366,944
367,943
368,942
369,941
370,940
371,939
371,938
371,937
371,936
371,935
371,934
371,933
371,932
371,931
371,930
371,929
372,928
373,927
374,926
375,925
376,924
377,923
378,922
379,921
380,920
381,919
381,918
381,917
381,916
381,915
381,914
381,913
381,912
381,911
381,910
381,909
381,908
381,907
381,906
381,905
381,904
381,903
381,902
381,901
381,900
379,779
378,778
377,777
376,776
375,775
374,774
373,773
372,772
371,771
370,770
369,769
368,768
367,767
366,766
365,765
364,764
363,763
362,762
361,761
360,760
359,759
359,758
359,757
359,756
359,755
359,754
359,753
359,752
359,751
359,750
359,749
358,748
357,747
356,746
355,745
354,744
353,743
352,742
351,741
350,740
349,739
348,738
347,737
346,736
345,735
344,734
343,733
342,732
341,731
340,730
339,729
338,728
337,727
336,726
335,725
334,724
333,723
332,722
331,721
330,720
329,719
328,718
327,717
326,716
325,715
324,714
323,713
322,712
321,711
320,710
319,709
318,708
317,707
316,706
315,705
314,704
313,703
312,702
311,701
310,700
309,699
309,698
309,697
309,696
309,695
309,694
309,693
309,692
309,691
309,690
309,689
308,688
307,687
306,686
305,685
304,684
303,683
302,682
301,681
300,680
299,679
298,678
297,677
296,676
295,675
294,674
293,673
292,672
291,671
290,670
289,669
288,668
287,667
286,666
285,665
284,664
284,663
284,662
284,661
284,660
284,659
283,658
282,657
281,656
280,655
279,654
278,653
277,652
276,651
275,650
274,649
273,648
272,647
271,646
270,645
269,644
269,643
269,642
269,641
269,640
269,639
269,638
269,637
269,636
269,635
269,634
269,633
269,632
269,631
269,630
269,629
268,628
267,627
266,626
265,625
264,624
263,623
262,622
261,621
260,620
259,619
258,618
257,617
256,616
255,615
254,614
253,613
252,612
251,611
250,610
249,609
248,608
247,607
246,606
245,605
244,604
243,603
242,602
241,601
240,600
239,599
238,598
237,597
236,596
235,595
234,594
233,593
232,592
231,591
230,590
229,589
228,588
227,587
226,586
225,585
224,584
223,583
222,582
221,581
220,580
219,579
218,578
217,577
216,576
215,575
214,574
213,573
212,572
211,571
210,570
209,569
208,568
207,567
206,566
205,565
204,564
203,563
202,562
201,561
200,560
199,559
198,558
197,557
196,556
195,555
194,554
193,553
192,552
191,551
190,550
189,549
189,548
189,547
189,546
189,545
189,544
189,543
189,542
189,541
189,540
189,539
188,538
187,537
186,536
185,535
184,534
183,533
182,532
181,531
180,530
179,529
178,528
177,527
176,526
175,525
174,524
173,523
172,522
171,521
170,520
169,519
168,518
167,517
166,516
165,515
164,514
164,513
164,512
164,511
164,510
164,509
163,508
162,507
161,506
160,505
159,504
158,503
157,502
156,501
155,500
154,499
153,498
152,497
151,496
150,495
149,494
149,493
149,492
149,491
149,490
149,489
149,488
149,487
149,486
149,485
149,484
149,483
149,482
149,481
149,480
151,329
152,328
153,327
154,326
155,325
156,324
157,323
158,322
159,321
160,320
161,319
162,318
163,317
164,316
165,315
166,314
167,313
168,312
169,311
170,310
171,309
172,308
173,307
174,306
175,305
176,304
177,303
178,302
179,301
180,300
181,299
182,298
183,297
184,296
185,295
186,294
187,293
188,292
189,291
190,290
191,289
192,289
193,289
194,289
195,289
196,289
197,289
198,289
199,289
200,289
201,289
202,289
203,289
204,289
205,289
206,289
207,289
208,289
209,289
210,289
211,289
212,288
213,287
214,286
215,285
216,284
217,284
218,284
219,284
220,284
221,284
222,284
223,284
224,284
225,284
226,284
227,284
228,284
229,284
230,284
231,284
232,284
233,284
234,284
235,284
236,284
237,284
238,284
239,284
240,284
241,285
242,285
243,285
244,285
245,285
246,285
247,285
248,285
249,285
250,285
251,285
252,285
253,285
254,285
255,285
256,285
257,285
258,285
259,285
260,285
261,285
262,285
263,285
264,285
265,285
266,285
267,285
268,285
269,285
270,285
271,284
272,283
273,282
274,281
275,280
276,279
277,279
278,279
279,279
280,279
281,279
282,279
283,279
284,279
285,279
286,279
287,279
288,279
289,279
290,279
291,279
292,279
293,279
294,279
295,279
296,279
297,279
298,279
299,279
300,279
301,280
302,280
303,280
304,280
305,280
306,280
307,280
308,280
309,280
310,280
311,280
312,280
313,280
314,280
315,280
316,280
317,280
318,280
319,280
320,280
321,280
322,280
323,280
324,280
325,280
326,280
327,280
328,280
329,280
330,280
331,281
332,282
333,282
334,282
335,282
336,282
337,282
338,282
339,282
340,282
341,282
342,282
343,282
344,282
345,282
346,282
347,282
348,282
349,282
350,282
351,282
352,282
353,282
354,282
355,282
356,282
357,282
358,282
359,282
360,282
361,282
362,283
363,284
364,285
365,286
366,286
367,286
368,286
369,286
370,286
371,286
372,286
373,286
374,286
375,286
