-0.50167307687,0.160962990265,-0.0149661983359
-0.50167307687,0.160962990265,-0.0149661983359
-0.50167307687,0.160962990265,-0.0149661983359
-0.50167307687,0.160962990265,-0.0149661983359
-0.50167307687,0.160962990265,-0.0149661983359
-0.50167307687,0.160962990265,-0.0149661983359
-0.50167307687,0.160962990265,-0.0149661983359
-0.50167307687,0.160962990265,-0.0149661983359
-0.50167307687,0.160962990265,-0.0149661983359
-0.50167307687,0.160962990265,-0.0149661983359
-0.50167307687,0.160962990265,-0.0149661983359
-1.10597151376,0.363922965656,0.0387899426256
-1.10597151376,0.363922965656,0.0387899426256
-1.10597151376,0.363922965656,0.0387899426256
-1.10597151376,0.363922965656,0.0387899426256
-1.10597151376,0.363922965656,0.0387899426256
-1.10597151376,0.363922965656,0.0387899426256
-1.10597151376,0.363922965656,0.0387899426256
-1.10597151376,0.363922965656,0.0387899426256
-1.10597151376,0.363922965656,0.0387899426256
-1.10597151376,0.363922965656,0.0387899426256
-1.10597151376,0.363922965656,0.0387899426256
-1.10597151376,0.363922965656,0.0387899426256
-1.10597151376,0.363922965656,0.0387899426256
-1.10597151376,0.363922965656,0.0387899426256
-1.10597151376,0.363922965656,0.0387899426256
-1.10597151376,0.363922965656,0.0387899426256
-1.10597151376,0.363922965656,0.0387899426256
-1.28923108522,0.423482326381,0.0258090563139
-1.28923108522,0.423482326381,0.0258090563139
-1.28923108522,0.423482326381,0.0258090563139
-1.28923108522,0.423482326381,0.0258090563139
-1.28923108522,0.423482326381,0.0258090563139
-1.28923108522,0.423482326381,0.0258090563139
-1.28923108522,0.423482326381,0.0258090563139
-1.28923108522,0.423482326381,0.0258090563139
-1.28923108522,0.423482326381,0.0258090563139
-1.28923108522,0.423482326381,0.0258090563139
-1.28923108522,0.423482326381,0.0258090563139
-1.28923108522,0.423482326381,0.0258090563139
-1.28923108522,0.423482326381,0.0258090563139
-1.28923108522,0.423482326381,0.0258090563139
-1.28923108522,0.423482326381,0.0258090563139
-1.28923108522,0.423482326381,0.0258090563139
-1.28923108522,0.423482326381,0.0258090563139
-1.31733088617,0.437074077931,0.0302378292908
-1.31733088617,0.437074077931,0.0302378292908
-1.31733088617,0.437074077931,0.0302378292908
-1.31733088617,0.437074077931,0.0302378292908
-1.31733088617,0.437074077931,0.0302378292908
-1.31733088617,0.437074077931,0.0302378292908
-1.31733088617,0.437074077931,0.0302378292908
-1.31733088617,0.437074077931,0.0302378292908
-1.31733088617,0.437074077931,0.0302378292908
-1.31733088617,0.437074077931,0.0302378292908
-1.31733088617,0.437074077931,0.0302378292908
-1.31733088617,0.437074077931,0.0302378292908
-1.31733088617,0.437074077931,0.0302378292908
-1.31733088617,0.437074077931,0.0302378292908
-1.31733088617,0.437074077931,0.0302378292908
-1.31733088617,0.437074077931,0.0302378292908
-1.31733088617,0.437074077931,0.0326812902436
-1.31565100677,0.433408886501,0.0326812902436
-1.31565100677,0.433408886501,0.0326812902436
-1.31565100677,0.433408886501,0.0326812902436
-1.31565100677,0.433408886501,0.0326812902436
-1.31565100677,0.433408886501,0.0326812902436
-1.31565100677,0.433408886501,0.0326812902436
-1.31565100677,0.433408886501,0.0326812902436
-1.31565100677,0.433408886501,0.0326812902436
-1.31565100677,0.433408886501,0.0326812902436
-1.31565100677,0.433408886501,0.0326812902436
-1.31565100677,0.433408886501,0.0326812902436
-1.31565100677,0.433408886501,0.0326812902436
-1.31565100677,0.433408886501,0.0326812902436
-1.31565100677,0.433408886501,0.0326812902436
-1.31565100677,0.433408886501,0.0326812902436
-1.31565100677,0.433408886501,0.0326812902436
-1.31565100677,0.433408886501,0.0284052335762
-1.31565100677,0.434325184359,0.0284052335762
-1.31565100677,0.434325184359,0.0284052335762
-1.31565100677,0.434325184359,0.0284052335762
-1.31565100677,0.434325184359,0.0284052335762
-1.31565100677,0.434325184359,0.0284052335762
-1.31565100677,0.434325184359,0.0284052335762
-1.31565100677,0.434325184359,0.0284052335762
-1.31565100677,0.434325184359,0.0284052335762
-1.31565100677,0.434325184359,0.0284052335762
-1.31565100677,0.434325184359,0.0284052335762
-1.31565100677,0.434325184359,0.0284052335762
-1.31565100677,0.434325184359,0.0284052335762
-1.31565100677,0.434325184359,0.0284052335762
-1.31565100677,0.434325184359,0.0284052335762
-1.31565100677,0.434325184359,0.0284052335762
-1.31565100677,0.434325184359,0.0284052335762
-1.31565100677,0.434325184359,0.018631389765
-1.28999466676,0.43065999293,0.018631389765
-1.28999466676,0.43065999293,0.018631389765
-1.28999466676,0.43065999293,0.018631389765
-1.28999466676,0.43065999293,0.018631389765
-1.28999466676,0.43065999293,0.018631389765
-1.28999466676,0.43065999293,0.018631389765
-1.28999466676,0.43065999293,0.018631389765
-1.28999466676,0.43065999293,0.018631389765
-1.28999466676,0.43065999293,0.018631389765
-1.28999466676,0.43065999293,0.018631389765
-1.28999466676,0.43065999293,0.018631389765
-1.28999466676,0.43065999293,0.018631389765
-1.28999466676,0.43065999293,0.018631389765
-1.28999466676,0.43065999293,0.018631389765
-1.28999466676,0.43065999293,0.018631389765
-1.28999466676,0.43065999293,0.018631389765
-1.28999466676,0.44058655305,0.0465784744126
-1.22463208628,0.44058655305,0.0465784744126
-1.22463208628,0.44058655305,0.0465784744126
-1.22463208628,0.44058655305,0.0465784744126
-1.22463208628,0.44058655305,0.0465784744126
-1.22463208628,0.44058655305,0.0465784744126
-1.22463208628,0.44058655305,0.0465784744126
-1.22463208628,0.44058655305,0.0465784744126
-1.22463208628,0.44058655305,0.0465784744126
-1.22463208628,0.44058655305,0.0465784744126
-1.22463208628,0.44058655305,0.0465784744126
-1.22463208628,0.44058655305,0.0465784744126
-1.22463208628,0.44058655305,0.0465784744126
-1.22463208628,0.44058655305,0.0465784744126
-1.22463208628,0.44058655305,0.0465784744126
-1.22463208628,0.44058655305,0.0465784744126
-1.22463208628,0.44058655305,0.0465784744126
-1.22463208628,0.44058655305,0.0905607715629
-1.1722503921,0.453414723052,0.0905607715629
-1.1722503921,0.453414723052,0.0905607715629
-1.1722503921,0.453414723052,0.0905607715629
-1.1722503921,0.453414723052,0.0905607715629
-1.1722503921,0.453414723052,0.0905607715629
-1.1722503921,0.453414723052,0.0905607715629
-1.1722503921,0.453414723052,0.0905607715629
-1.1722503921,0.453414723052,0.0905607715629
-1.1722503921,0.453414723052,0.0905607715629
-1.1722503921,0.453414723052,0.0905607715629
-1.1722503921,0.453414723052,0.0905607715629
-1.1722503921,0.453414723052,0.0905607715629
-1.1722503921,0.453414723052,0.0905607715629
-1.1722503921,0.453414723052,0.0905607715629
-1.1722503921,0.453414723052,0.0905607715629
-1.1722503921,0.453414723052,0.0905607715629
-1.1722503921,0.453414723052,0.129656146808
-1.07115219518,0.456010900315,0.122631196568
-1.07115219518,0.456010900315,0.122631196568
-1.07115219518,0.456010900315,0.122631196568
-1.07115219518,0.456010900315,0.122631196568
-1.07115219518,0.456010900315,0.122631196568
-1.07115219518,0.456010900315,0.122631196568
-1.07115219518,0.456010900315,0.122631196568
-1.07115219518,0.456010900315,0.122631196568
-1.07115219518,0.456010900315,0.122631196568
-1.07115219518,0.456010900315,0.122631196568
-1.07115219518,0.456010900315,0.122631196568
-1.07115219518,0.456010900315,0.122631196568
-1.07115219518,0.456010900315,0.122631196568
-1.07115219518,0.456010900315,0.122631196568
-1.07115219518,0.456010900315,0.122631196568
-1.07115219518,0.456010900315,0.122631196568
-1.07115219518,0.456010900315,0.132863189308
-0.850324411572,0.380263610778,0.132863189308
-0.850324411572,0.380263610778,0.132863189308
-0.850324411572,0.380263610778,0.132863189308
-0.850324411572,0.380263610778,0.132863189308
-0.850324411572,0.380263610778,0.132863189308
-0.850324411572,0.380263610778,0.132863189308
-0.850324411572,0.380263610778,0.132863189308
-0.850324411572,0.380263610778,0.132863189308
-0.850324411572,0.380263610778,0.132863189308
-0.850324411572,0.380263610778,0.132863189308
-0.850324411572,0.380263610778,0.132863189308
-0.850324411572,0.380263610778,0.132863189308
-0.850324411572,0.380263610778,0.132863189308
-0.850324411572,0.380263610778,0.132863189308
-0.850324411572,0.380263610778,0.132863189308
-0.850324411572,0.380263610778,0.132863189308
-0.850324411572,0.380263610778,0.132863189308
-0.583987167717,0.261603038258,0.117133409424
-0.583987167717,0.261603038258,0.117133409424
-0.583987167717,0.261603038258,0.117133409424
-0.583987167717,0.261603038258,0.117133409424
-0.583987167717,0.261603038258,0.117133409424
-0.583987167717,0.261603038258,0.117133409424
-0.583987167717,0.261603038258,0.117133409424
-0.583987167717,0.261603038258,0.117133409424
-0.583987167717,0.261603038258,0.117133409424
-0.583987167717,0.261603038258,0.117133409424
-0.583987167717,0.261603038258,0.117133409424
-0.583987167717,0.261603038258,0.117133409424
-0.583987167717,0.261603038258,0.117133409424
-0.583987167717,0.261603038258,0.117133409424
-0.583987167717,0.261603038258,0.117133409424
-0.583987167717,0.261603038258,0.117133409424
-0.583987167717,0.261603038258,0.0652098641776
-0.251065612899,0.114689948472,0.0652098641776
-0.251065612899,0.114689948472,0.0652098641776
-0.251065612899,0.114689948472,0.0652098641776
-0.251065612899,0.114689948472,0.0652098641776
-0.251065612899,0.114689948472,0.0652098641776
-0.251065612899,0.114689948472,0.0652098641776
-0.251065612899,0.114689948472,0.0652098641776
-0.251065612899,0.114689948472,0.0652098641776
-0.251065612899,0.114689948472,0.0652098641776
-0.251065612899,0.114689948472,0.0652098641776
-0.251065612899,0.114689948472,0.0652098641776
-0.251065612899,0.114689948472,0.0652098641776
-0.251065612899,0.114689948472,0.0652098641776
-0.251065612899,0.114689948472,0.0652098641776
-0.251065612899,0.114689948472,0.0652098641776
-0.251065612899,0.114689948472,0.0652098641776
-0.251065612899,0.114689948472,0.0652098641776
0.018631389765,0.00381790773874,-0.00351247511964
0.018631389765,0.00381790773874,-0.00351247511964
0.018631389765,0.00381790773874,-0.00351247511964
0.018631389765,0.00381790773874,-0.00351247511964
0.018631389765,0.00381790773874,-0.00351247511964
0.018631389765,0.00381790773874,-0.00351247511964
0.018631389765,0.00381790773874,-0.00351247511964
0.018631389765,0.00381790773874,-0.00351247511964
0.018631389765,0.00381790773874,-0.00351247511964
0.018631389765,0.00381790773874,-0.00351247511964
0.018631389765,0.00381790773874,-0.00351247511964
0.018631389765,0.00381790773874,-0.00351247511964
0.018631389765,0.00381790773874,-0.00351247511964
0.018631389765,0.00381790773874,-0.00351247511964
0.018631389765,0.00381790773874,-0.00351247511964
0.018631389765,0.00381790773874,-0.00351247511964
0.018631389765,0.00381790773874,-0.00870482964432
0.00778853178702,0.015271630955,-0.00870482964432
0.00778853178702,0.015271630955,-0.00870482964432
0.00778853178702,0.015271630955,-0.00870482964432
0.00778853178702,0.015271630955,-0.00870482964432
0.00778853178702,0.015271630955,-0.00870482964432
0.00778853178702,0.015271630955,-0.00870482964432
0.00778853178702,0.015271630955,-0.00870482964432
0.00778853178702,0.015271630955,-0.00870482964432
0.00778853178702,0.015271630955,-0.00870482964432
0.00778853178702,0.015271630955,-0.00870482964432
0.00778853178702,0.015271630955,-0.00870482964432
0.00778853178702,0.015271630955,-0.00870482964432
0.00778853178702,0.015271630955,-0.00870482964432
0.00778853178702,0.015271630955,-0.00870482964432
0.00778853178702,0.015271630955,-0.00870482964432
0.00778853178702,0.015271630955,-0.00870482964432
0.00778853178702,0.015271630955,-0.00870482964432
-------------------
