0.0235553499946,(-0.008, 0.0, -1.012)
0.0685660499843,(-0.008, 0.004, -1.004)
0.108239249975,(-0.004, 0.0, -1.008)
0.185449949958,(-0.008, 0.0, -1.008)
0.330123149925,(-0.008, 0.0, -1.016)
0.460971349895,(-0.008, 0.0, -1.016)
0.52391954988,(-0.008, 0.0, -1.012)
0.445642749898,(-0.148, 0.632, -1.516)
0.335865949923,(-0.012, 0.248, -0.536)
0.345351649921,(0.276, 0.16, -0.5)
0.52581234988,(-0.28, 0.26, -1.056)
0.91819804979,(-0.316, 0.22, -0.684)
1.37017124969,(-0.34800000000000003, 0.6960000000000001, -1.6320000000000001)
1.82643194958,(-0.38, 0.5680000000000001, -0.808)
2.24174264949,(-0.124, 0.376, -1.168)
2.6264283494,(-0.532, 0.496, -0.28400000000000003)
2.96281404932,(0.008, 0.032, -0.6)
3.0443122493,(0.024, 0.328, -1.744)
3.0663979493,(-0.1, -0.496, -0.86)
3.18420864927,(0.328, 0.516, -0.9440000000000001)
3.31295684924,(0.136, 0.0, -1.06)
3.48011754921,(0.064, -0.14, 0.036000000000000004)
3.67204074916,(-0.20800000000000002, 0.152, -1.228)
3.86081394912,(-0.368, 0.396, -1.044)
4.06341214907,(-0.128, 0.156, -0.024)
4.26828534903,(-0.74, 0.232, -1.504)
4.391433549,(0.296, 0.092, -1.168)
4.45210674898,(-0.024, -0.132, -0.20800000000000002)
4.48635494898,(-0.2, 0.212, -1.828)
4.43905314899,(0.04, 0.108, -0.048)
4.34660134901,(-1.26, 0.78, -1.188)
4.21704954904,(-1.1, -0.1, -1.54)
4.09729774906,(-0.428, -0.488, -0.8)
4.09208344907,(-0.156, -0.14, -0.96)
4.07190664907,(-0.22, -0.136, -1.032)
4.06056734907,(0.17200000000000001, 0.196, -0.6)
4.10015304906,(0.17200000000000001, 0.248, -0.808)
4.05897624907,(-0.20800000000000002, -0.168, -0.704)
3.9523494491,(-0.048, -0.012, -1.668)
3.84843514912,(0.232, 0.312, -1.584)
3.77610834914,(-0.352, 0.14400000000000002, -1.816)
3.72390654915,(0.316, -0.124, -1.1520000000000001)
3.71772974915,(-0.26, 0.224, -1.872)
3.79975294913,(0.516, -0.264, -1.324)
3.9271011491,(-0.152, 0.20800000000000002, -0.804)
4.00667434909,(-0.388, 0.16, -1.212)
3.98658504909,(-0.536, -0.256, -0.504)
3.9202082491,(-0.62, 0.72, -1.348)
3.85321894912,(-1.084, 0.5760000000000001, -1.024)
3.78456714914,(0.06, 0.424, -1.1440000000000001)
3.78679034914,(0.216, -0.3, -1.028)
3.84247604912,(-0.312, -0.244, -0.596)
3.84793674912,(0.088, 0.332, -1.9000000000000001)
3.81752244913,(-0.084, 0.028, -0.584)
3.78535814914,(-0.08, -0.14, -1.088)
3.75459384914,(0.20800000000000002, 0.044, -0.896)
3.76670454914,(0.596, 0.36, -1.1440000000000001)
3.82361524913,(0.536, 0.188, -0.8320000000000001)
3.87361344912,(0.196, 0.34, -0.62)
3.86341164912,(-0.388, -0.076, -1.288)
3.78242234914,(-0.52, 0.132, -0.264)
3.71202054915,(-0.212, -0.244, -1.688)
3.64861874917,(-0.5680000000000001, 0.156, -1.276)
3.59720444918,(-0.852, -0.248, -1.44)
3.57107764918,(-1.452, -0.304, -1.516)
3.53375084919,(0.036000000000000004, 0.136, -1.072)
3.47621154921,(-0.212, 0.136, -0.884)
3.39670974922,(-0.232, -0.372, -1.712)
3.30504544925,(-0.404, -0.22, -0.9)
3.30429364925,(0.492, -0.084, -0.964)
3.35936684923,(-0.54, -0.328, -0.912)
3.37926504923,(-0.848, 0.04, -0.908)
3.35532574923,(-0.036000000000000004, 0.124, -0.604)
3.28868644925,(-0.272, -0.12, -1.444)
3.23254714926,(-0.356, -0.092, -1.6320000000000001)
3.22033284926,(0.488, 0.152, -1.248)
3.29535604925,(-0.508, -0.08, -0.676)
3.30702924924,(-0.72, 0.392, -1.1280000000000001)
3.24257744926,(-1.08, 0.532, -0.988)
3.23500064926,(-1.028, 0.24, -0.636)
3.21097384927,(-0.23600000000000002, 0.176, -0.748)
3.15982204928,(0.38, -0.04, -0.516)
3.13002024929,(0.176, 0.116, -0.752)
3.0698559493,(-0.7000000000000001, 0.308, -1.044)
2.96016664932,(-0.088, 0.664, -1.068)
2.91601484933,(0.124, 0.20400000000000001, -0.58)
2.95315054933,(0.10400000000000001, -0.16, -0.8)
3.0556487493,(0.168, 0.324, -0.47600000000000003)
3.16952194928,(0.324, 0.336, -0.86)
3.16273264928,(0.024, -0.124, -0.484)
3.0740433493,(-0.07200000000000001, 0.156, -1.028)
2.97459154932,(-0.364, -0.088, -0.47200000000000003)
2.87295224934,(-0.524, -0.16, -1.1320000000000001)
2.88725044934,(-0.156, -0.17200000000000001, -1.412)
2.98624864932,(-0.46, -0.004, -1.6640000000000001)
3.01183434931,(-0.556, 0.492, -1.34)
2.99174504932,(-0.76, 0.732, -0.20400000000000001)
2.94190574933,(0.14400000000000002, 0.496, -1.112)
2.88147894934,(0.20400000000000001, -0.584, -1.676)
2.82385214936,(-0.116, -0.292, -0.856)
2.72028784938,(-0.188, 0.28400000000000003, -1.156)
2.66712354939,(-0.132, -0.22, -1.044)
2.70653424938,(-0.18, -0.224, -0.808)
2.73815744937,(0.292, -0.20800000000000002, -0.672)
2.73766814937,(-0.028, -0.012, -0.656)
2.72204134938,(0.092, 0.064, -0.704)
2.66922704939,(-0.624, -0.052000000000000005, -1.088)
2.59480024941,(-0.428, 0.508, -1.208)
2.6163609494,(-0.72, 0.22, -0.864)
2.70765914938,(-0.244, 0.528, -1.932)
2.76308234937,(-0.16, 0.436, -1.008)
2.76276804937,(-0.632, 0.192, -1.184)
2.71476624938,(-0.556, -0.068, 0.004)
2.65503944939,(-0.516, -0.164, -1.568)
2.6201626494,(0.212, -0.116, -1.212)
2.6313108494,(0.068, 0.156, -0.232)
2.6228590494,(-0.676, 0.296, -1.532)
2.60416974941,(-0.588, 0.20800000000000002, -1.768)
2.6229304494,(0.176, 0.272, -0.968)
2.65604114939,(0.38, 0.064, -0.26)
2.67173934939,(0.076, 0.02, -0.776)
2.6245250494,(-0.272, -0.064, -0.464)
2.6134482494,(0.14, -0.252, -1.52)
2.68024644939,(-0.20800000000000002, 0.048, -1.84)
2.76786964937,(-0.084, 0.024, -1.204)
2.83808034935,(-0.228, -0.396, -0.116)
2.83269104935,(-0.368, -0.156, -1.924)
2.74758924937,(-0.432, -0.232, -0.556)
2.6424499494,(-0.512, -0.188, -0.872)
2.56793564941,(-0.004, -0.28, -1.288)
2.56070884942,(-0.032, 0.016, -0.912)
2.6216445494,(-0.244, 0.064, -1.168)
2.6466177494,(-0.648, 0.0, -1.184)
2.6415784494,(0.04, 0.424, -1.82)
2.6271766494,(-0.12, 0.20800000000000002, -0.36)
2.58004984941,(0.196, -0.084, -1.26)
2.50711054943,(0.364, -0.092, -0.496)
2.43828374944,(0.23600000000000002, 0.108, -0.72)
2.46334444944,(-0.108, 0.0, -0.656)
2.53084264942,(-0.108, -0.036000000000000004, -1.356)
2.57891584941,(-0.54, 0.388, -0.4)
2.6126390494,(-0.212, 0.296, -1.368)
2.57469974941,(-0.168, 0.9480000000000001, -1.364)
2.44584794944,(-0.232, 0.088, -0.296)
2.34315864946,(0.136, 0.212, -0.552)
2.39595684945,(0.068, -0.38, -1.744)
2.39835504945,(-0.62, 0.488, -1.108)
2.28735324948,(-0.384, 0.352, -1.276)
2.22893894949,(-0.052000000000000005, -0.136, -0.328)
2.2009746495,(0.352, -0.132, -0.904)
2.1700353495,(0.668, 0.124, -0.604)
2.15860854951,(0.6880000000000001, -0.248, -1.252)
2.2107942495,(-0.112, 0.02, -1.284)
2.23961744949,(-0.264, -0.024, -0.512)
2.23624064949,(-0.48, -0.28, -1.028)
2.25465134949,(-0.6920000000000001, -0.26, -0.808)
2.2083995495,(0.116, -0.1, -0.992)
2.13073524951,(-0.124, -0.136, -1.72)
2.06295844953,(0.048, -0.292, -0.012)
2.00183164954,(-0.124, 0.23600000000000002, 0.048)
1.97369234955,(0.384, 0.156, -0.904)
1.94546554956,(-0.092, 0.184, -0.852)
1.94462624956,(0.188, 0.47600000000000003, -1.124)
1.95052444955,(-0.38, 0.42, -0.6960000000000001)
1.93288514956,(-0.468, -0.164, -1.008)
2.03389584954,(-0.3, -0.17200000000000001, -0.5640000000000001)
2.27656904948,(-0.188, -0.356, -0.808)
2.6375422494,(0.196, -0.272, -0.548)
3.13947794928,(0.47200000000000003, -0.176, 0.116)
3.76146364914,(0.108, 0.0, -0.596)
4.46053684898,(-0.152, -0.044, -0.86)
5.19049754881,(0.272, -0.16, -0.864)
5.98240824863,(0.148, 0.024, -1.02)
6.80835644845,(-0.468, -0.308, -1.6440000000000001)
7.57786714827,(-0.624, 0.028, -1.348)
8.3019653481,(-0.088, 0.224, -0.272)
9.02510104794,(0.12, 0.148, -1.432)
9.65951174779,(-0.28, -0.16, -1.424)
10.1502474477,(-0.232, -0.588, -1.228)
10.6092206476,(-0.484, -0.028, -0.68)
11.0755438475,(-0.40800000000000003, -0.328, -1.452)
11.4310045474,(0.936, 0.12, -1.6280000000000001)
11.6363152473,(0.47600000000000003, 0.26, -1.624)
11.6888509473,(0.304, -0.064, -0.664)
11.6638616473,(-0.528, 0.18, -0.41600000000000004)
11.6036098474,(-0.672, 0.3, -0.72)
11.5628705474,(-0.364, 0.136, -0.28)
11.5649187474,(0.748, 0.024, -0.428)
11.6086169473,(0.17200000000000001, -0.42, -0.704)
11.7346526473,(-0.132, 0.252, -1.436)
11.8662008473,(-0.508, 0.192, -0.592)
11.9411365473,(-0.20400000000000001, 0.496, -0.672)
11.9369722473,(0.452, 0.0, -0.876)
11.8880079473,(-0.036000000000000004, 0.216, -0.892)
11.8221561473,(-0.17200000000000001, -0.336, -0.388)
11.7395918473,(-0.016, -0.136, -1.052)
11.6562400473,(-0.128, -0.38, -0.276)
11.6291507473,(0.8240000000000001, -0.632, -1.6320000000000001)
11.6680364473,(0.076, -0.316, -0.836)
11.6772596473,(-0.068, -0.056, 0.02)
11.6483328473,(0.12, -0.14400000000000002, -0.316)
11.6196685473,(-0.516, -0.64, -1.34)
11.6165542473,(0.2, -0.684, -1.6560000000000001)
11.5543774474,(-0.024, -0.036000000000000004, -0.592)
11.4545756474,(0.424, -0.08, -0.3)
11.3810238474,(0.148, -0.10400000000000001, -1.096)
11.3947970474,(-0.164, 0.216, -0.872)
11.5334327474,(-0.5640000000000001, 0.108, -0.548)
11.6779309473,(-0.604, 0.012, -0.756)
11.7867291473,(-0.196, -0.312, -1.48)
11.8341023473,(-0.116, -0.1, -1.76)
11.8225880473,(0.5680000000000001, -0.004, -0.912)
11.7499112473,(0.41600000000000004, 0.128, -1.668)
11.6236844473,(-0.248, -0.316, -0.8200000000000001)
11.5121576474,(-0.132, 0.048, -0.852)
11.5430808474,(0.316, -0.108, 0.084)
11.6774290473,(0.22, 0.52, -1.68)
11.6859522473,(-0.496, -0.316, -1.1280000000000001)
11.5487879474,(-0.192, 0.012, -1.42)
11.4305236474,(-0.136, 0.26, -0.508)
11.3819968474,(0.404, -0.384, -0.028)
11.4011950474,(-0.06, -0.20800000000000002, -1.56)
11.5013307474,(-0.192, -0.312, -0.636)
11.6544039473,(0.24, -0.23600000000000002, -1.024)
11.7656521473,(-0.392, -0.004, -1.428)
11.8124128473,(0.12, 0.212, -0.8240000000000001)
11.8085110473,(-0.08, 0.016, -0.96)
11.7671592473,(0.388, -0.056, -0.684)
11.7354324473,(0.228, 0.164, -1.516)
11.7843806473,(-0.07200000000000001, 0.10400000000000001, -0.88)
11.8698163473,(-0.532, 0.036000000000000004, -0.06)
11.9597145473,(0.23600000000000002, 0.26, -0.888)
12.1877752472,(0.184, -0.16, -1.82)
12.5599484471,(-0.084, -0.484, -0.776)
12.930634147,(0.3, -0.124, -0.556)
13.336144847,(0.28800000000000003, -0.116, -0.46)
13.8325680468,(0.084, -0.228, -0.444)
14.3626787467,(0.28, -0.16, -0.812)
14.9076644466,(0.64, -0.41200000000000003, -0.404)
15.4812626465,(0.844, 0.004, -1.868)
16.1257358463,(-0.20400000000000001, 0.096, -1.24)
16.8604215462,(0.216, 0.28, -1.188)
17.649269746,(-0.672, -0.076, -0.316)
18.3822929458,(-0.456, -0.10400000000000001, -0.456)
19.1187286456,(0.308, 0.28400000000000003, -1.6480000000000001)
19.8960268455,(-0.152, 0.368, -1.524)
20.6005250453,(-0.084, -0.028, -0.404)
21.2405357452,(-0.176, 0.272, -0.532)
21.923333945,(-0.588, -0.2, -1.84)
22.6591571448,(0.17200000000000001, -0.248, -1.4000000000000001)
23.4126553447,(-0.644, -0.168, -0.56)
24.1849660445,(0.452, -0.008, -1.6280000000000001)
24.9923642443,(0.496, -0.14400000000000002, -1.216)
25.8725624441,(0.332, -0.372, -0.584)
26.8316856439,(0.14400000000000002, 0.192, -1.3960000000000001)
27.8155713436,(0.216, -0.256, -0.296)
28.7599070434,(-0.384, 0.004, -0.78)
29.6966302432,(-0.052000000000000005, -0.20800000000000002, -0.396)
30.670540943,(-0.548, 0.22, -1.248)
31.6090141428,(-0.608, 0.152, -1.4000000000000001)
32.5090748426,(-0.20400000000000001, -0.164, -0.8160000000000001)
33.4667105424,(0.0, 0.452, -0.984)
34.5198962421,(-0.312, 0.364, -1.768)
35.6624194419,(-0.152, -0.504, -0.28)
36.7165676416,(-0.432, 0.12, -0.5720000000000001)
37.6331658414,(-0.808, 0.24, -1.428)
38.4672515412,(-0.168, 0.276, -0.652)
39.204912241,(-0.488, 0.156, 0.12)
39.8660104409,(-1.264, -0.048, -1.4000000000000001)
40.3433586408,(-0.368, -0.02, -0.756)
40.7206943407,(0.308, 0.536, -1.792)
40.9642425406,(0.492, 0.108, -0.624)
41.0520407406,(-0.644, -0.064, -0.736)
41.0785014406,(-0.544, 0.248, -1.708)
41.0959496406,(-0.552, 0.388, -1.248)
41.1021103406,(-0.056, -0.088, -0.136)
41.0584835406,(0.20800000000000002, 0.336, -1.712)
41.0285942406,(0.248, 0.268, -1.268)
40.9982674406,(0.17200000000000001, 0.1, -1.112)
40.9955906406,(0.504, 0.23600000000000002, -1.616)
40.9750638406,(-0.16, 0.096, -1.58)
40.9287245407,(-0.14400000000000002, 0.17200000000000001, -1.78)
40.9403102407,(0.176, 0.14400000000000002, -1.76)
40.9371959407,(0.744, -0.06, -1.176)
40.9147441407,(0.72, -0.312, -0.864)
40.8998173407,(-0.112, 0.02, -1.04)
40.9060655407,(-0.23600000000000002, 0.048, -0.188)
40.9575512406,(-0.552, 0.452, -1.248)
40.9936369406,(-0.436, 0.508, -0.52)
41.0480101406,(0.28400000000000003, 0.452, -1.3840000000000001)
41.1409708406,(-0.352, 0.06, -1.272)
41.2281565406,(-0.388, -0.316, -1.304)
41.3257547406,(-0.096, 0.364, -1.6440000000000001)
41.4133779405,(-0.272, 0.2, -1.036)
41.4648636405,(-0.308, 0.872, -0.924)
41.5851243405,(-0.20800000000000002, 0.096, -0.364)
41.6834225405,(-0.18, 0.41200000000000003, -0.164)
41.7286082405,(-0.44, 0.128, -0.28400000000000003)
41.7765064405,(0.152, -0.2, -1.096)
41.7985046405,(0.07200000000000001, -0.248, -0.684)
41.7873403405,(-0.636, -0.312, -1.252)
41.7349635405,(-0.544, -0.292, -0.76)
41.6758492405,(-0.372, -0.036000000000000004, -0.6920000000000001)
41.6237349405,(0.17200000000000001, -0.004, -1.188)
41.5836081405,(-0.1, 0.012, -0.66)
41.5021813405,(0.14, -0.308, -0.848)
41.4085045405,(-0.26, -0.164, -1.432)
41.3325902406,(-0.276, -0.47200000000000003, 0.41600000000000004)
41.2745259406,(0.42, 0.064, -1.06)
41.2994116406,(-0.924, 0.124, -0.9560000000000001)
41.3542223406,(-1.1280000000000001, 0.044, -1.448)
41.3350080406,(-0.252, -0.252, -0.36)
41.2807937406,(-0.3, 0.012, -0.528)
41.2411919406,(-0.24, -0.004, -0.5720000000000001)
41.1670276406,(-0.34800000000000003, 0.528, -1.3840000000000001)
41.0710758406,(-0.068, 0.6880000000000001, -1.58)
40.9891240406,(-0.32, 0.176, -0.368)
40.9851347406,(-0.176, 0.10400000000000001, -0.928)
41.0745954406,(-0.224, 0.292, -0.616)
41.1156686406,(-0.056, 0.192, -0.508)
41.0880543406,(-0.044, -0.028, -0.456)
41.0170400406,(-0.66, 0.17200000000000001, -0.672)
40.9042882407,(-0.9480000000000001, 0.384, -1.284)
40.8798239407,(0.012, -0.356, -1.26)
40.9411971407,(-0.72, 0.048, -1.028)
40.9820953406,(0.036000000000000004, -0.216, -1.068)
41.0171310406,(0.092, -0.064, -0.716)
41.0304667406,(-0.492, -0.148, -0.62)
41.0084524406,(-0.604, 0.016, -1.764)
40.9603631406,(0.048, -0.124, -1.504)
40.9353738407,(0.34400000000000003, 0.012, -0.936)
40.9273595407,(-0.384, 0.12, -1.584)
40.9199577407,(0.664, -0.228, 0.04)
40.9158809407,(0.016, 0.224, -1.3760000000000001)
40.8512541407,(0.032, -0.132, -0.224)
40.7941523407,(0.4, 0.224, -1.276)
40.7552505407,(0.084, 0.14, -1.452)
40.7102237407,(-0.148, -0.056, -1.1320000000000001)
40.6596844407,(-0.744, 0.084, -0.852)
40.5757201407,(-0.424, 0.16, -0.864)
40.5089058408,(-0.324, 0.036000000000000004, -1.4040000000000001)
40.4175915408,(-0.276, 0.28400000000000003, -0.976)
40.3673147408,(-0.168, 0.644, -1.684)
40.3555379408,(0.092, 0.176, -1.32)
40.3371111408,(0.74, -0.07200000000000001, -1.312)
40.3942843408,(0.052000000000000005, 0.26, -1.372)
40.4028075408,(0.12, 0.0, -1.164)
40.3858682408,(0.012, 0.152, -0.608)
40.4300039408,(-0.04, -0.484, -1.12)
40.4886646408,(0.184, -0.244, -1.188)
40.5343753407,(0.748, -0.44, -0.356)
40.5407985407,(-0.176, -0.184, -0.716)
40.5179967407,(-0.152, -0.156, -0.632)
40.4947574408,(0.244, -0.068, -0.812)
40.4981181408,(-0.364, -0.20400000000000001, -1.496)
40.5041038408,(-0.28, -0.132, -1.3960000000000001)
40.4854145408,(-0.47600000000000003, -0.552, -1.832)
40.4482627408,(0.148, 0.20800000000000002, -0.868)
40.4529359408,(-0.52, 0.252, -1.264)
40.5626091407,(0.176, 0.304, -1.268)
40.6884698407,(-0.764, 0.196, -1.508)
40.7865930407,(0.16, 0.468, -1.116)
40.8647662407,(-0.584, 0.34800000000000003, -0.92)
40.8765269407,(-0.12, 0.152, -0.368)
40.8403376407,(0.076, 0.036000000000000004, -1.084)
40.8366108407,(0.092, -0.392, -0.252)
40.8938715407,(0.088, -0.14, -0.9400000000000001)
40.9149072407,(-0.656, -0.336, -1.28)
40.8751304407,(-0.496, 0.28800000000000003, -1.856)
40.8442786407,(-0.084, -0.092, -1.504)
40.8085268407,(0.048, -0.264, -1.448)
40.7050500407,(-0.164, -0.176, -0.368)
40.6038482407,(-0.916, -0.108, -0.628)
40.5153339407,(-0.496, -0.112, -0.58)
40.4316321408,(-0.364, 0.148, -1.432)
40.4300928408,(-0.224, -0.07200000000000001, -1.6560000000000001)
40.4369535408,(-0.76, -0.252, -1.196)
40.4083767408,(-0.78, -0.044, -0.648)
40.3818124408,(0.096, -0.548, -0.788)
40.3332856408,(-0.232, -0.888, -0.44)
40.3016463408,(0.364, -0.1, -1.248)
40.2872445408,(-0.192, -0.056, 0.23600000000000002)
40.2846552408,(-0.096, 0.048, -1.292)
40.2889784408,(-0.512, 0.012, -1.0)
40.2240016408,(-0.812, 0.048, -0.676)
40.1609498408,(-0.124, -0.184, 0.14400000000000002)
40.1128605408,(0.04, 0.336, -1.3920000000000001)
40.0505087409,(0.532, -0.096, -0.524)
39.9975194409,(1.036, -0.112, -1.356)
39.9280801409,(-0.488, 0.048, -0.352)
39.8437658409,(-0.28400000000000003, 0.736, -1.48)
39.7264640409,(-0.788, 0.276, -0.644)
39.435737241,(-0.188, -0.096, -0.892)
38.9280104411,(-0.268, -0.004, -0.604)
38.3577211412,(0.1, 0.036000000000000004, -1.372)
37.7305568414,(0.36, -0.116, -0.456)
37.0936800415,(0.732, -0.444, -1.22)
36.4752657417,(0.312, -0.312, -1.504)
35.8543139418,(0.4, -0.196, -1.6640000000000001)
35.248324642,(-0.056, 0.496, -0.41200000000000003)
34.5756603421,(0.184, 0.26, -1.164)
33.8957335423,(-0.492, -0.256, -0.636)
33.2584192424,(0.024, -0.516, -0.776)
32.5711424426,(0.444, -0.424, -1.372)
31.8514906427,(0.452, 0.48, -0.92)
31.1674513429,(-0.512, 0.156, -0.984)
30.4107870431,(0.6960000000000001, -0.23600000000000002, -1.112)
29.6281352432,(-0.06, -0.92, 0.188)
28.9067334434,(-0.212, -0.364, -1.576)
28.1621441436,(0.0, 0.044, -0.8)
27.3633923438,(0.092, -0.276, -1.004)
26.5397030439,(0.8200000000000001, 0.18, -1.712)
25.7320262441,(0.3, 0.28400000000000003, -0.596)
24.8766619443,(0.336, 0.04, -0.788)
24.0058101445,(0.23600000000000002, 0.088, -0.844)
23.2019833447,(-0.6880000000000001, 0.164, -0.556)
22.3363815449,(-0.256, 0.5, -1.116)
21.5173297451,(-0.364, -0.216, -0.532)
20.8350404452,(0.004, -0.184, -0.38)
20.1936136454,(-0.264, 0.096, -0.732)
19.5940993455,(-0.116, -0.436, -1.312)
18.9538100457,(-0.096, -0.23600000000000002, -0.876)
18.2309207458,(-0.136, -0.032, -0.444)
17.489218946,(-0.196, -0.316, -1.412)
16.7067421462,(-0.16, 0.588, -0.9440000000000001)
15.8980153464,(0.28400000000000003, 0.096, -0.4)
15.2127510465,(0.17200000000000001, -0.36, -0.328)
14.7583117466,(-0.28800000000000003, 0.6960000000000001, -1.8880000000000001)
14.5118599467,(-0.224, 0.04, -0.396)
14.3845831467,(0.192, 0.608, -1.084)
14.3654563467,(-0.616, 0.1, -1.744)
14.4017170467,(-0.14, -0.648, -1.824)
14.4386777467,(0.404, -0.17200000000000001, -0.176)
14.4567384467,(-0.148, -0.064, -0.34400000000000003)
14.4281616467,(-0.452, 0.07200000000000001, -1.16)
14.3795473467,(-0.18, 0.124, -0.364)
14.3124705467,(-0.252, 0.5720000000000001, -1.62)
14.2313062468,(0.056, 0.096, -0.624)
14.2263544468,(-0.024, 0.116, -0.468)
14.2914901467,(-0.468, 0.228, -1.084)
14.3289758467,(-0.34800000000000003, 0.392, -1.668)
14.3606865467,(-0.492, -0.012, -0.768)
14.3395472467,(-0.308, -0.228, -1.4000000000000001)
14.2432454467,(-0.328, 0.024, -1.444)
14.2052186468,(-0.112, -0.008, -1.472)
14.2074418468,(0.28, 0.052000000000000005, -1.952)
14.2705650467,(0.396, 0.008, -1.672)
14.4749132467,(-0.28800000000000003, 0.644, -0.66)
14.6699864467,(0.152, 0.28400000000000003, -0.256)
14.7047596466,(0.44, -0.396, -0.156)
14.5896453467,(0.276, -0.048, -1.156)
14.4192310467,(0.752, 0.308, -1.548)
14.2863542467,(0.304, 0.0, -0.704)
14.3084399467,(0.588, 0.444, -1.6)
14.3937881467,(-0.12, 0.128, -1.352)
14.4260238467,(-0.128, -0.228, -0.228)
14.4059345467,(-0.048, 0.316, -0.456)
14.2909952467,(-0.20800000000000002, 0.232, -0.644)
14.1442934468,(0.052000000000000005, -0.088, -0.764)
14.0487791468,(-0.196, 0.168, -1.192)
14.0445273468,(0.228, 0.23600000000000002, -0.8240000000000001)
14.0945255468,(0.904, 0.168, -0.712)
14.2442737467,(0.44, 0.364, -1.576)
14.4928969467,(0.372, 0.556, -0.764)
14.5844576467,(0.5760000000000001, -0.04, -1.452)
14.5098558467,(0.384, 0.10400000000000001, -1.192)
14.4209915467,(0.264, 0.1, -0.72)
14.3332647467,(0.5720000000000001, 0.148, -0.924)
14.2845629467,(0.124, -0.032, -0.432)
14.3046361467,(0.244, -0.28400000000000003, -0.40800000000000003)
14.4045968467,(-0.16, -0.6, -1.6400000000000001)
14.5005325467,(-0.552, 0.20400000000000001, -1.18)
14.5043307467,(-0.708, 0.168, -0.784)
14.4453039467,(0.084, -0.248, -1.78)
14.3395521467,(-0.076, -0.128, -0.76)
14.2436878467,(-0.124, -0.04, -0.78)
14.2761860467,(0.116, -0.184, -1.328)
14.3803467467,(0.092, -0.356, -0.432)
14.4932574467,(0.304, -0.712, -1.548)
14.5788681467,(-0.468, -0.032, -0.924)
14.6174913467,(-0.216, -0.056, -1.58)
14.6156895467,(0.656, 0.148, -1.616)
14.5793252467,(0.28800000000000003, 0.16, -1.288)
14.5167109467,(0.044, -0.024, -1.056)
14.4925966467,(-0.20800000000000002, -0.024, -0.188)
14.5766323467,(-0.096, -0.216, -1.292)
14.6653055467,(0.184, 0.296, -1.72)
14.7254537466,(-0.428, 0.20400000000000001, -0.8240000000000001)
14.7688894466,(-0.312, 0.704, -1.6640000000000001)
14.7564126466,(-0.196, 0.372, -0.8320000000000001)
14.7049983466,(0.20800000000000002, 0.128, -1.224)
14.6229590467,(-0.048, -0.044, -0.496)
14.5540447467,(-0.132, 0.17200000000000001, -0.528)
14.5965179467,(-0.192, 0.508, -1.476)
14.6863286466,(0.224, -0.10400000000000001, -1.076)
14.7504143466,(0.364, 0.2, -0.928)
14.7880750466,(0.028, 0.016, -0.928)
14.7811982466,(0.48, 0.264, -1.196)
14.7954964466,(-0.192, 0.004, -0.024)
14.7877446466,(-0.1, 0.124, -1.476)
14.7160303466,(0.336, -0.3, -1.444)
14.7025035466,(0.424, -0.296, -0.28)
14.7322017466,(0.148, -0.036000000000000004, -1.46)
14.8218374466,(0.34800000000000003, -0.20800000000000002, -0.516)
14.9818231466,(0.592, 0.092, -0.788)
15.0937713466,(-0.456, -0.308, -1.588)
15.1022070466,(0.20800000000000002, 0.14400000000000002, -1.216)
15.0267302466,(0.164, 0.188, -0.424)
14.9003284466,(-0.012, 0.356, -1.0)
14.8016641466,(-0.292, 0.28400000000000003, -0.748)
14.8308373466,(-0.256, -0.02, -0.984)
14.9636980466,(-0.40800000000000003, 0.07200000000000001, -0.98)
15.0586712466,(-0.004, 0.032, -0.772)
15.0448819466,(0.47200000000000003, 0.016, -1.8800000000000001)
14.9684426466,(0.796, 0.10400000000000001, -1.6440000000000001)
14.8197283466,(0.41200000000000003, 0.38, -1.844)
14.6697015467,(0.636, 0.14400000000000002, -0.016)
14.6034997467,(0.0, 0.636, -1.472)
14.6060729467,(0.524, 0.464, -0.324)
14.6677961467,(-0.20400000000000001, 0.47600000000000003, -1.328)
14.7559443466,(0.5, 0.20400000000000001, -0.848)
14.8639550466,(0.332, -0.08, -1.6360000000000001)
14.9343407466,(-0.008, 0.396, -0.996)
14.8804764466,(-0.068, 0.356, -0.848)
14.7455871466,(-0.052000000000000005, -0.356, -0.40800000000000003)
14.6214603467,(-0.332, -0.304, -1.42)
14.5418710467,(-0.54, -0.212, -0.796)
14.5286067467,(-0.036000000000000004, -0.28800000000000003, -0.432)
14.5819299467,(0.264, -0.132, -1.356)
14.6992156466,(0.296, -0.54, -0.552)
14.8192138466,(0.292, -0.128, -1.056)
14.8118995466,(-0.008, -0.624, -1.256)
14.6985352466,(0.32, -0.404, -1.348)
14.5579584467,(-0.052000000000000005, 0.216, -0.86)
14.4526441467,(-0.8, -0.024, -1.784)
14.4677298467,(0.56, -0.28, -0.672)
14.5279655467,(0.088, 0.17200000000000001, -1.108)
14.5777012467,(-0.036000000000000004, -0.524, -1.044)
14.6941994466,(0.232, -0.548, -1.3800000000000001)
14.7889101466,(-0.012, 0.024, -1.624)
14.7815958466,(-0.6880000000000001, 0.056, -1.776)
14.7350815466,(0.788, 0.076, -1.02)
14.6250422467,(0.224, -0.252, -0.984)
14.5028404467,(-0.188, -0.328, -1.192)
14.4845011467,(0.168, 0.028, -0.28400000000000003)
14.6017868467,(0.044, 0.096, -0.304)
14.7234475466,(-0.34, 0.024, -0.392)
14.7730082466,(-0.316, -0.3, -0.64)
14.7786439466,(-0.3, -0.024, -1.028)
14.7410546466,(0.128, 0.2, -1.116)
14.6784403466,(0.34400000000000003, -0.096, -1.1400000000000001)
14.5775010467,(-0.156, -0.052000000000000005, -1.788)
14.5421867467,(-0.732, -0.032, -1.316)
14.5888599467,(0.2, 0.088, -0.26)
14.6354456467,(-0.084, -0.164, -0.58)
14.6776563466,(0.248, -0.116, -1.308)
14.6556420467,(-0.316, -0.192, -1.096)
14.5765777467,(0.04, -0.396, -1.224)
14.4603259467,(0.22, -0.14400000000000002, -1.576)
14.3539616467,(0.376, -0.216, -1.536)
14.4137598467,(-0.032, -0.448, -0.34)
14.6238830467,(0.052000000000000005, -0.168, -1.276)
14.7667187466,(-0.656, 0.356, -0.656)
14.7503044466,(-0.38, 0.72, -1.616)
14.6438526467,(-0.232, 0.136, -0.892)
14.5296133467,(-0.088, -0.148, -0.9480000000000001)
14.4704990467,(0.108, 0.056, -1.936)
14.4346597467,(0.128, 0.06, -0.712)
14.4945454467,(0.7000000000000001, 0.2, -1.328)
14.6416686467,(-0.292, 0.388, -0.46)
14.6993668466,(0.5760000000000001, -0.07200000000000001, -0.076)
14.6492650467,(0.552, -0.23600000000000002, -0.976)
14.5324007467,(0.516, -0.384, -1.76)
14.3794864467,(0.404, 0.34800000000000003, -1.232)
14.2199221468,(-0.044, 0.376, -1.012)
14.1118078468,(-0.04, 0.5680000000000001, -0.9440000000000001)
14.1162185468,(0.1, 0.24, -0.92)
14.2116292468,(-0.428, -0.016, -0.66)
14.3361774467,(0.328, 0.128, -1.1440000000000001)
14.4711381467,(0.12, 0.23600000000000002, -0.912)
14.5265613467,(-0.20400000000000001, -0.07200000000000001, -0.20800000000000002)
14.4954470467,(0.428, -0.24, -1.704)
14.4988952467,(-0.016, -0.216, -0.728)
14.5236059467,(0.232, 0.14, -1.02)
14.5536541467,(-0.012, -0.268, -1.008)
14.6633273467,(-0.628, -0.484, -0.336)
14.8155255466,(-0.28400000000000003, -0.17200000000000001, -0.132)
14.8447862466,(0.06, -0.164, -0.508)
14.7270469466,(0.588, 0.016, -0.5640000000000001)
14.5719451467,(0.484, 0.004, -0.796)
14.4717058467,(-0.296, 0.196, -0.784)
14.4223915467,(-0.26, -0.088, -1.012)
14.4285522467,(0.304, -0.024, -1.32)
14.5013004467,(0.096, -0.024, -0.3)
14.5987236467,(0.64, -0.304, -0.8320000000000001)
14.6666593467,(-0.088, -0.08, -0.516)
14.6972325466,(0.488, 0.232, -1.9040000000000001)
14.6478307467,(-0.4, 0.272, -1.6600000000000001)
14.5968539467,(-0.076, 0.14, -0.884)
14.6505271467,(0.184, -0.14, -0.744)
14.7745503466,(0.012, -0.512, -1.412)
14.8857110466,(0.668, 0.152, -1.308)
14.8823342466,(0.048, -0.22, -0.752)
14.7965324466,(0.124, 0.304, -1.672)
14.7229806466,(-0.248, -0.152, -1.3920000000000001)
14.6502163467,(-0.5720000000000001, -0.024, -0.964)
14.5515520467,(0.324, -0.028, -1.412)
14.5504502467,(0.20800000000000002, 0.096, -0.608)
14.6067484467,(0.06, 0.124, -1.2)
14.5787841467,(-0.096, 0.548, -1.064)
14.4978823467,(0.384, 0.48, -0.8160000000000001)
14.4279180467,(-0.224, 0.38, -0.964)
14.3813162467,(0.1, 0.1, -1.332)
14.3747019467,(0.14, -0.18, -1.1520000000000001)
14.4045751467,(0.34800000000000003, -0.14, -0.704)
14.5392733467,(-0.368, -0.152, -0.744)
14.7159715466,(0.088, 0.308, -0.868)
14.7825947466,(-1.216, -0.184, -0.8320000000000001)
14.7373929466,(-0.084, -0.32, -0.892)
14.6471286467,(-0.14400000000000002, 0.02, -1.028)
14.5998268467,(-0.3, 0.244, -0.776)
14.6337250467,(-0.152, 0.452, -1.104)
14.7122482466,(-0.588, 0.016, -0.432)
14.7586589466,(-0.66, -0.224, -1.6520000000000001)
14.8043696466,(-0.452, 0.188, -1.824)
14.7890053466,(-0.528, 0.312, -1.3800000000000001)
14.6458035467,(-0.536, 0.248, -1.04)
14.4839642467,(-0.14400000000000002, 0.012, -1.076)
14.3772499467,(0.368, -0.112, -0.852)
14.3682731467,(-0.1, 0.064, -0.332)
14.4265838467,(0.228, -0.308, -0.5640000000000001)
14.5100945467,(0.532, -0.2, -1.3)
14.6751552466,(0.38, -0.08, -1.3960000000000001)
14.8280534466,(-0.068, -0.07200000000000001, -1.164)
14.8380641466,(-0.5, 0.228, -1.016)
14.8244498466,(-0.3, 0.296, -0.552)
14.8506480466,(0.08, 0.316, -0.524)
14.9213837466,(-0.768, -0.47600000000000003, -0.41200000000000003)
15.0261569466,(-0.376, -0.148, -1.428)
15.0040551466,(-0.092, 0.40800000000000003, -1.544)
14.8796658466,(-0.488, 0.276, -0.72)
14.7256140466,(-0.516, -0.252, -0.8200000000000001)
14.5630747467,(-0.092, -0.264, -0.884)
14.5221604467,(0.42, 0.096, -0.372)
14.4465086467,(-0.808, -0.168, -0.328)
14.1948068468,(-0.164, -0.116, -0.9480000000000001)
13.7728300469,(-0.47200000000000003, 0.20800000000000002, -1.7)
13.208578247,(0.048, 0.16, -1.676)
12.5984764471,(0.596, 0.328, -1.352)
11.8978121473,(-0.384, -0.4, -1.212)
11.1117478475,(-0.148, -0.012, -0.2)
10.3206960476,(0.488, 0.336, -1.244)
9.51774424783,(-0.02, -0.332, -0.54)
8.71356744801,(-0.47200000000000003, -0.5760000000000001, -1.18)
7.93546564819,(0.188, -0.38, -0.68)
7.16427634836,(0.04, -0.272, -0.448)
6.40603704854,(0.28, -0.384, -0.9520000000000001)
5.65077274871,(0.508, -0.176, -1.6640000000000001)
4.85875844889,(-0.16, -0.092, -1.072)
4.04609414908,(-0.048, 0.196, -0.728)
3.22502984926,(-0.132, -0.112, -0.672)
2.34000304947,(0.0, -0.296, -0.632)
1.44797624967,(-0.108, -0.356, -0.808)
0.65491194985,(0.3, -0.132, -0.836)
0.0546976499875,(0.464, -0.24, -0.04)
359.63867085,(-0.292, 0.452, -1.62)
359.30550655,(0.084, -0.048, -0.644)
359.06824225,(-0.048, 0.112, -0.8280000000000001)
358.95024045,(0.47200000000000003, -0.176, -0.96)
358.89532615,(-0.156, -0.23600000000000002, -0.276)
358.89763685,(0.06, -0.084, -0.444)
358.97091005,(-0.44, 0.28800000000000003, -1.084)
359.18803325,(0.196, -0.56, -1.16)
359.42248145,(-0.424, -0.16, -1.324)
359.53311715,(-0.47200000000000003, 0.164, -0.46)
359.59221535,(-0.448, 0.008, -0.488)
359.60056355,(-0.28800000000000003, 0.44, -1.42)
359.57461175,(0.224, 0.456, -1.772)
359.52914745,(0.20800000000000002, 0.34, -0.764)
359.47895815,(0.192, 0.18, -1.116)
359.47339385,(-0.092, -0.212, -1.712)
359.53686705,(0.092, 0.276, -1.612)
359.64706525,(0.08, 0.17200000000000001, -1.964)
359.76286345,(0.5, -0.4, -0.34400000000000003)
359.78853665,(0.552, -0.17200000000000001, -0.304)
359.69048485,(0.256, 0.188, -0.54)
359.55498305,(0.116, -0.184, -0.336)
359.47653125,(0.352, -0.26, -0.328)
359.52014195,(0.18, 0.28, -1.44)
359.63550265,(0.044, 0.048, -0.66)
359.75322585,(0.892, -0.484, -1.848)
359.84259905,(-0.492, 0.36, -0.9480000000000001)
359.87938475,(-0.26, 0.068, -0.748)
359.81554545,(-0.20800000000000002, 0.02, -0.592)
359.73429365,(-0.42, 0.336, -1.168)
359.79934185,(0.024, 0.372, -0.848)
359.88687755,(0.07200000000000001, 0.228, -0.748)
359.96382575,(0.884, 0.084, -1.1440000000000001)
0.0535489499878,(0.06, 0.152, -1.12)
0.0667971499847,(0.308, -0.396, -1.116)
359.99053285,(0.732, 0.108, -1.0)
359.87883105,(0.028, 0.248, -0.992)
359.75584175,(-0.068, -0.096, -0.736)
359.70958995,(0.068, -0.012, -0.652)
359.78137565,(0.1, 0.34, -1.432)
359.84686135,(-0.56, 0.3, -0.20800000000000002)
359.84217205,(-0.364, 0.48, -0.64)
359.77990775,(0.14, 0.58, -1.82)
359.73505595,(0.652, -0.216, -1.044)
359.70665415,(0.304, -0.34400000000000003, -1.828)
359.73267735,(-0.216, 0.444, -0.592)
359.84733805,(-0.58, 0.352, 0.148)
359.95368625,(0.012, -0.18, -1.512)
0.00298444999947,(0.076, -0.404, -0.164)
359.98394515,(0.512, -0.38, -1.56)
359.93926835,(0.504, 0.384, -1.984)
359.88741655,(-0.14, -0.28, -0.5680000000000001)
359.78927725,(0.116, 0.108, -1.464)
359.67337545,(0.22, 0.008, -0.28800000000000003)
359.63482365,(-0.76, -0.292, -1.236)
359.71343435,(-0.004, -0.256, -0.08)
359.74759505,(-0.052000000000000005, -0.4, -1.352)
359.67264325,(-0.58, -0.272, -0.47200000000000003)
359.56487895,(0.088, -0.28, -1.9120000000000001)
359.49368965,(-0.196, -0.328, -0.748)
359.45426285,(-0.14, -0.496, -1.436)
359.46558605,(0.128, -0.596, -0.896)
359.59949675,(-0.128, -0.124, -0.936)
359.74250745,(-0.212, -0.17200000000000001, -0.588)
359.86600565,(0.016, -0.212, -0.468)
359.91924135,(-0.18, -0.124, -0.328)
359.83693955,(0.0, 0.064, -0.856)
359.72051275,(-0.008, 0.676, -1.28)
359.59577345,(0.012, 0.224, -0.124)
359.57174665,(1.1, 0.024, -1.084)
359.68176985,(-0.14400000000000002, 0.028, -0.704)
359.66378055,(-0.448, 0.048, -0.268)
359.38014125,(-0.336, -0.276, -1.228)
358.91415195,(0.436, -0.044, -1.072)
358.34963765,(0.496, -0.148, -0.02)
357.749248351,(0.352, -0.228, -1.0)
357.135296551,(0.884, 0.188, -1.216)
356.509269751,(0.388, -0.092, -0.604)
355.858917951,(0.42, -0.096, -1.264)
355.196228651,(0.192, 0.9560000000000001, -1.232)
354.499589351,(-0.452, 0.712, -1.584)
353.790700051,(0.20400000000000001, 0.168, -1.4000000000000001)
353.021435752,(-0.02, -0.052000000000000005, -0.788)
352.144633952,(0.116, 0.1, -0.88)
351.258907152,(0.528, -0.092, -1.408)
350.425417852,(-0.56, -0.12, -1.324)
349.663766052,(0.628, -0.34800000000000003, -1.564)
348.892576753,(-0.148, -0.836, -0.07200000000000001)
348.013149953,(0.23600000000000002, -0.296, -0.908)
347.073085653,(0.088, -0.04, -0.684)
346.061446353,(-0.032, -0.556, -0.4)
344.989169553,(0.676, -0.708, -1.168)
343.913305254,(0.452, 0.052000000000000005, -1.844)
342.814953454,(-0.116, 0.212, -0.808)
341.730426654,(-0.148, 0.536, -1.04)
340.732962354,(-0.128, -0.136, -1.02)
339.775398055,(0.41200000000000003, 0.488, -1.084)
338.814333755,(-0.056, 0.148, -1.252)
337.899119455,(-0.032, 0.20800000000000002, -1.032)
336.887830155,(0.18, 0.504, -1.208)
335.787115856,(0.07200000000000001, 0.264, -0.532)
334.741264056,(-0.124, -0.064, -0.62)
333.708624756,(0.092, 0.24, -0.848)
332.623047956,(0.364, 0.332, -1.3)
331.554883656,(-0.372, 0.024, -0.012)
330.579206857,(0.20400000000000001, 0.244, -1.188)
329.644742557,(0.14400000000000002, -0.088, -0.9520000000000001)
328.665128257,(-0.216, 0.372, -1.424)
327.670113957,(0.308, 0.724, -1.056)
326.799699658,(0.052000000000000005, -0.192, -0.8200000000000001)
325.975835358,(-0.228, -0.28400000000000003, -1.1520000000000001)
325.135433558,(-0.56, -0.088, -0.524)
324.215406758,(-0.212, -0.108, -0.044)
323.202892458,(0.264, 0.556, -0.924)
322.231503159,(-0.336, 0.496, -0.648)
321.266151359,(-0.372, 0.52, -0.44)
320.266062059,(0.196, 0.404, -1.088)
319.377272759,(0.34, 0.376, -1.784)
318.772420959,(0.244, -0.24, -0.18)
318.37406916,(0.10400000000000001, -0.388, -0.64)
318.10880486,(0.28, -0.184, -1.764)
317.99544056,(-0.20800000000000002, -0.52, -0.136)
317.96240126,(0.556, -0.372, -0.8160000000000001)
317.97004946,(0.032, 0.448, -1.22)
318.06301016,(-0.47600000000000003, 0.108, -0.48)
318.08737086,(-0.168, -0.06, 0.268)
318.07813156,(0.28400000000000003, 0.112, -1.008)
318.16470476,(0.252, 0.108, -0.5760000000000001)
318.22756546,(0.432, -0.156, -1.58)
318.33198866,(-0.712, -0.6, -0.41600000000000004)
318.436411859,(-0.9480000000000001, -0.54, -1.244)
318.492797559,(-0.176, -0.084, -0.9480000000000001)
318.566770759,(0.088, -0.432, -0.032)
318.583781459,(-0.004, 0.3, -1.036)
318.518454659,(-0.492, 0.5640000000000001, -1.22)
318.424340359,(-0.40800000000000003, 0.28400000000000003, -0.56)
318.34098856,(-0.016, 0.388, -1.108)
318.25081176,(0.092, 0.044, 0.336)
318.22958496,(0.012, 0.332, -1.008)
318.32989566,(-0.248, -0.004, -1.188)
318.446043859,(-0.224, -0.34800000000000003, -0.752)
318.531217059,(0.20400000000000001, -0.544, -0.916)
318.609652759,(0.256, -0.024, -0.5640000000000001)
318.685113459,(-0.10400000000000001, 0.384, -1.184)
318.700724159,(-0.032, -0.012, -0.812)
318.643534859,(0.02, 0.3, -0.24)
318.552920559,(0.036000000000000004, 0.16, -0.664)
318.538781259,(-0.152, -0.268, -0.352)
318.632266959,(-0.8, 0.612, -0.5680000000000001)
318.749727659,(0.484, 0.336, -0.376)
318.774875859,(-0.032, 0.4, -0.756)
318.563949059,(0.34, -0.112, 0.364)
318.11720976,(0.44, -0.112, -0.9560000000000001)
317.53782046,(-0.14400000000000002, -0.176, -0.41200000000000003)
316.90785616,(-0.304, -0.17200000000000001, -0.916)
316.18890436,(0.116, 0.188, -1.748)
315.41377756,(-0.264, 0.12, -0.836)
314.66542576,(-0.28800000000000003, -0.10400000000000001, -1.024)
313.978061461,(-0.148, 0.524, -1.208)
313.309159661,(-0.216, -0.016, -0.52)
312.616195361,(-0.332, 0.096, -0.852)
311.873968561,(-0.14, 0.128, -0.58)
311.055529261,(0.256, -0.268, -0.916)
310.283027461,(-0.14, -0.736, -0.796)
309.490925662,(-0.156, -0.252, -1.544)
308.595661362,(-0.032, 0.044, -0.38)
307.674934562,(0.34800000000000003, -0.004, -1.1400000000000001)
306.753945262,(0.532, 0.268, -1.084)
305.878893462,(-0.304, -0.252, -0.468)
305.007341663,(0.156, -0.292, -0.056)
304.016877363,(0.404, -0.308, -1.216)
302.935588063,(0.116, -0.332, -0.908)
301.839073763,(-0.892, -0.216, -0.532)
300.742384464,(0.192, -0.124, -1.784)
299.642020164,(-0.424, -0.076, -0.5680000000000001)
298.507093364,(0.188, 0.41600000000000004, -0.656)
297.397104064,(0.008, 0.328, -0.812)
296.390189765,(-0.20800000000000002, -0.12, -1.436)
295.421425465,(0.392, 0.448, -1.6400000000000001)
294.321498665,(-0.07200000000000001, -0.28, -0.4)
293.126196865,(-0.008, -0.10400000000000001, -1.208)
291.962920066,(0.18, -0.14400000000000002, -1.48)
290.764118266,(0.02, -0.196, -0.78)
289.524453966,(-0.088, -0.28800000000000003, -0.456)
288.297652166,(0.548, 0.06, -1.424)
287.075050367,(-0.352, 0.12, -1.268)
285.862686067,(0.036000000000000004, -0.116, -0.96)
284.631071767,(-0.72, -0.212, -0.604)
283.365594967,(0.20400000000000001, 0.552, -0.896)
282.198205668,(0.24, 1.012, -1.3920000000000001)
281.190853868,(-0.032, 0.092, -0.652)
280.251402068,(0.26, -0.076, -1.796)
279.599300268,(0.036000000000000004, -0.456, -0.36)
279.108985968,(-0.14400000000000002, 0.44, -0.916)
278.705296669,(-0.41600000000000004, 0.58, -0.156)
278.508019869,(-0.07200000000000001, 0.448, -0.2)
278.421955569,(0.23600000000000002, 0.624, -0.368)
278.417178769,(0.664, 0.056, -0.904)
278.417389469,(0.9, 0.296, -1.9120000000000001)
278.489612669,(0.28, 0.028, -1.076)
278.608560869,(0.076, -0.116, -0.5680000000000001)
278.683409069,(0.14, 0.08, -0.444)
278.688869769,(0.196, -0.008, 0.396)
278.660992969,(0.132, 0.064, -0.46)
278.602841169,(0.148, 0.052000000000000005, -1.576)
278.490439369,(0.128, 0.044, -0.10400000000000001)
278.361850069,(0.264, 0.292, -1.48)
278.330210769,(-0.23600000000000002, -0.22, -0.112)
278.345733969,(0.512, 0.164, -0.984)
278.373069669,(0.8280000000000001, -0.388, 0.14)
278.452117869,(-0.128, -0.07200000000000001, -0.668)
278.475341069,(-0.044, -0.124, -1.12)
278.444139269,(0.164, -0.20400000000000001, -0.088)
278.413112469,(-0.616, 0.056, -0.736)
278.344810669,(-0.152, -0.388, 0.084)
278.314308869,(-0.06, -0.588, -1.184)
278.366232069,(-0.796, -0.016, 0.32)
278.468205269,(0.74, 0.016, -1.42)
278.606315969,(0.07200000000000001, 0.372, -1.02)
278.727364169,(-0.10400000000000001, 0.048, -1.1480000000000001)
278.731862369,(-0.588, -0.5760000000000001, -1.12)
278.564248069,(-0.088, -0.40800000000000003, -0.936)
278.221633769,(0.432, -0.1, -0.744)
277.704894469,(-0.02, 0.488, -1.372)
277.067580169,(0.16, 0.376, -1.6)
276.409790869,(0.364, -0.392, 0.096)
275.796714069,(0.9, -0.324, -0.484)
275.185387269,(0.34400000000000003, 0.012, -1.48)
274.49653547,(-0.41600000000000004, 0.272, -0.74)
273.73024617,(-0.216, -0.196, -1.3840000000000001)
272.92134437,(0.52, -0.41200000000000003, -1.472)
272.09538007,(0.192, -0.044, -0.908)
271.25856577,(0.14400000000000002, -0.396, -0.864)
270.30738897,(0.316, -0.32, -1.232)
269.272737171,(-0.48, -0.256, -0.86)
268.318935371,(-0.324, 0.008, -0.844)
267.436358571,(0.232, -0.148, -1.764)
266.534619271,(-0.1, -0.352, -1.232)
265.562617472,(-0.048, 0.24, -0.744)
264.510815672,(-0.048, 0.336, -1.12)
263.478263872,(-0.056, 0.44, -0.9480000000000001)
262.382537072,(0.28800000000000003, 0.124, -0.796)
261.210685273,(0.2, 0.456, -1.308)
260.119245973,(-0.064, -0.18, -0.268)
259.061406673,(-0.156, 0.548, -1.676)
258.003567373,(0.16, 0.584, -0.5720000000000001)
256.985365574,(-0.336, -0.14400000000000002, -0.976)
255.958938774,(0.112, 0.24, -1.732)
254.929536974,(-0.264, 0.192, 0.148)
253.863385174,(-0.492, -0.448, -0.54)
252.721458374,(0.34800000000000003, -0.184, -0.904)
251.607181575,(-0.292, -0.096, -1.344)
250.522129775,(0.276, -0.48, -0.984)
249.553540475,(0.18, 0.6960000000000001, -1.188)
248.727051175,(0.5640000000000001, 0.232, -0.796)
248.019124376,(0.748, 0.8280000000000001, -1.972)
247.504747576,(-0.06, -0.216, -0.1)
247.174820776,(-0.708, 0.216, -0.804)
246.989618976,(-1.244, -0.088, -0.492)
246.896467176,(-0.264, -0.036000000000000004, -0.656)
246.857565376,(-0.20800000000000002, -0.028, -1.616)
246.858213576,(0.436, 0.228, -1.34)
246.898324276,(0.3, 0.156, -1.736)
246.919009976,(-0.812, -0.1, -0.484)
246.948883176,(-0.372, 0.596, -0.88)
247.008506376,(0.07200000000000001, 0.42, -0.376)
247.098667076,(0.252, -0.092, 0.272)
247.266965276,(0.464, 0.068, -0.868)
247.402625976,(-0.52, 0.044, -0.17200000000000001)
247.493224176,(0.26, 0.22, -1.176)
247.555472376,(-0.3, -0.056, -0.608)
247.529345576,(-0.744, 0.316, -0.448)
247.485631276,(0.12, -0.224, -0.16)
247.489691976,(0.256, 0.636, -1.808)
247.489552676,(0.528, 0.264, -0.256)
247.499563376,(0.14, 0.224, -1.312)
247.489974076,(0.064, 0.084, -1.192)
247.429634776,(0.46, -0.132, -1.248)
247.343920476,(0.676, -0.2, -1.1440000000000001)
247.263543676,(-0.168, 0.3, -1.472)
247.189379376,(0.26, -0.328, -1.036)
247.146715076,(-0.596, -0.168, -1.22)
247.166700776,(0.28400000000000003, -0.068, -0.8)
247.190273976,(0.232, -0.452, -0.356)
247.177884676,(-0.464, -0.124, -0.76)
247.168907876,(0.06, -0.024, -0.788)
247.233168576,(0.052000000000000005, 0.10400000000000001, 0.10400000000000001)
247.263654276,(-0.308, 0.02, -1.104)
247.114589976,(0.116, -0.672, -1.168)
246.812925676,(-0.448, -0.40800000000000003, -0.40800000000000003)
246.387973876,(-0.468, 0.324, -1.816)
245.881209576,(-0.096, -0.304, -0.74)
245.345482776,(0.388, -0.372, -1.3800000000000001)
244.743868476,(0.012, -0.044, -1.592)
244.063416676,(-0.556, -0.04, -0.496)
243.357064877,(0.164, 0.032, -0.9400000000000001)
242.662875577,(0.008, 0.156, -0.864)
241.960636277,(-0.23600000000000002, 0.424, -0.784)
241.220246977,(0.10400000000000001, 0.092, -0.792)
240.411520177,(-0.132, -0.452, -0.292)
239.591330877,(-0.296, 0.056, -1.264)
238.832304078,(0.08, 0.14, -0.516)
238.073364778,(0.032, -0.396, -1.276)
237.161125478,(0.132, -0.448, -0.392)
236.140736178,(-0.756, 0.276, -1.084)
235.065134379,(-0.356, 0.48, 0.23600000000000002)
233.956020079,(-0.332, 0.48, -1.312)
232.882430779,(0.26, 0.016, -0.444)
231.793966479,(0.176, -0.032, -1.072)
230.70497718,(0.504, 0.28, -1.788)
229.67618788,(-0.156, -0.116, -0.712)
228.70716108,(0.028, -0.316, -1.1)
227.70190928,(-0.044, -0.068, -0.836)
226.59393248,(0.28, 0.012, -0.84)
225.469505681,(0.168, -0.092, -0.984)
224.424091381,(0.18, 0.34400000000000003, -1.1400000000000001)
223.368789581,(-0.176, 0.052000000000000005, -1.284)
222.198862781,(-0.368, -0.516, -0.46)
221.011785982,(-0.096, 0.156, -0.936)
219.825409182,(-0.056, -0.244, -1.02)
218.563082382,(0.524, 0.108, -1.36)
217.315280583,(-0.192, 0.368, -0.384)
216.160228783,(-0.028, 0.4, -0.784)
215.016464483,(0.116, 0.056, -1.336)
213.858612683,(0.41600000000000004, -0.156, -1.196)
212.683348384,(-0.056, -0.404, -0.868)
211.503009084,(-0.196, -0.152, -0.41200000000000003)
210.397919784,(0.18, -0.212, -0.908)
209.287317984,(-0.06, -0.052000000000000005, -1.26)
208.050716185,(-0.23600000000000002, 0.084, -0.7000000000000001)
206.760301885,(0.4, 0.216, -1.156)
205.548462585,(-0.128, 0.336, -0.512)
204.395510786,(-0.048, 0.084, -0.996)
203.216746486,(0.148, -0.112, -0.972)
202.052769686,(0.108, 0.076, -0.864)
200.907605386,(0.07200000000000001, -0.308, -1.248)
199.692878587,(0.488, 0.156, -1.368)
198.445689287,(-0.168, 0.3, -1.1480000000000001)
197.212237487,(0.0, 0.14, -0.8280000000000001)
195.928823187,(-0.556, 0.16, -0.636)
194.587658888,(0.044, 0.168, -1.3800000000000001)
193.308794588,(0.712, 0.788, -0.876)
192.237042788,(0.064, 0.176, -1.416)
191.220678489,(0.092, -0.556, -1.196)
190.221376689,(0.004, -0.2, 0.076)
189.477749889,(0.088, -0.332, -0.368)
188.999773089,(0.5760000000000001, 0.876, -1.804)
188.609296289,(-0.384, 0.5640000000000001, -1.708)
188.306144489,(-0.148, -0.26, -1.424)
188.115167689,(-0.548, -0.488, -1.716)
188.002853389,(0.068, -0.452, -1.168)
187.957301589,(0.076, -0.3, -1.116)
187.894162289,(0.10400000000000001, -0.14400000000000002, -0.592)
187.899972989,(0.07200000000000001, 0.084, -1.368)
187.927483689,(-0.044, 0.196, -0.252)
187.920431889,(-0.168, 0.34, -1.676)
188.023367589,(-0.116, 0.34, -1.1480000000000001)
188.249678289,(-0.056, -0.384, -1.408)
188.477213989,(-0.47200000000000003, 0.356, -1.924)
188.612524689,(0.07200000000000001, -0.436, -0.984)
188.682122889,(0.12, -0.124, 0.2)
188.722758589,(0.41200000000000003, -0.176, -1.272)
188.775994289,(-0.16, 0.108, -1.544)
188.745404989,(0.07200000000000001, 0.336, -1.044)
188.624340689,(0.12, 0.152, -0.904)
188.559538889,(0.432, -0.07200000000000001, -0.98)
188.551174589,(-0.2, 0.076, -1.292)
188.589272789,(-0.352, 0.32, -0.8160000000000001)
188.627895989,(-0.5720000000000001, 0.2, -1.044)
188.571494189,(-0.268, 0.18, -0.988)
188.466179889,(0.20800000000000002, -0.088, -1.56)
188.484503089,(0.804, -0.264, -1.276)
188.679401289,(-0.256, -0.224, -1.244)
189.052011989,(-0.112, -0.116, -1.252)
189.586147689,(-0.41200000000000003, -0.14, -0.752)
190.233595889,(0.108, -0.092, -1.1)
190.989631589,(0.152, -0.232, -0.1)
191.752492288,(-0.864, -0.14, -1.3760000000000001)
192.470290488,(-0.188, 0.068, -0.6880000000000001)
193.197363688,(0.076, -0.14400000000000002, -1.44)
193.908686888,(0.168, -0.008, -0.24)
194.599447588,(0.508, -0.228, -0.844)
195.256170788,(0.728, 0.048, -1.3800000000000001)
195.895043987,(0.08, 0.02, -1.448)
196.550192187,(-0.128, -0.108, -1.756)
197.231240387,(0.076, -0.456, -0.68)
197.978788587,(0.076, -0.004, -0.668)
198.744536787,(0.424, -0.112, -0.672)
199.589822487,(0.112, -0.22, -0.36)
200.376920686,(-0.74, -0.464, -1.816)
200.918056386,(0.364, 0.24, -1.728)
201.289704586,(-0.616, 0.41200000000000003, -1.444)
201.555827786,(0.2, 0.088, -0.2)
201.747313486,(0.42, -0.228, -1.268)
201.889099186,(0.34400000000000003, 0.296, -0.764)
201.996672386,(-0.47200000000000003, 0.496, -0.524)
202.081933086,(-0.368, 0.628, -0.9400000000000001)
202.229318786,(0.28800000000000003, 0.316, -1.216)
202.381254486,(0.18, -0.056, -1.468)
202.484890186,(0.556, 0.26, -1.372)
202.609000886,(-0.18, 0.20400000000000001, -0.992)
202.674486586,(0.592, 0.156, -1.588)
202.632522286,(-0.06, -0.424, -0.444)
202.587495486,(-0.20800000000000002, -0.152, -1.096)
202.606781186,(-0.452, -0.372, -0.2)
202.666491886,(0.424, -0.336, -1.1400000000000001)
202.715790086,(0.28400000000000003, 0.044, -1.436)
202.678900786,(0.084, -0.268, -0.184)
202.564661486,(0.032, -0.164, -1.048)
202.469672186,(0.176, -0.20400000000000001, -0.5640000000000001)
202.386407886,(-0.084, -0.212, -1.372)
202.282843586,(-0.164, -0.248, -0.916)
202.268966786,(-0.244, -0.128, -0.304)
202.304002486,(-0.10400000000000001, -0.08, -1.164)
202.333350686,(0.196, 0.06, -1.3800000000000001)
202.334086386,(-0.036000000000000004, -0.20400000000000001, -1.3840000000000001)
202.280659586,(-0.368, -0.088, -0.492)
202.254095286,(0.07200000000000001, 0.04, -1.332)
202.231468486,(-0.216, 0.256, -0.156)
202.229754186,(0.128, 0.256, -0.6880000000000001)
202.298039886,(0.32, 0.992, -1.812)
202.374900586,(-0.12, 0.252, -1.512)
202.423411286,(-0.048, 0.47200000000000003, -1.012)
202.436134486,(-0.004, 0.248, -0.964)
202.361445186,(-0.336, -0.272, -0.6)
202.248168386,(-0.308, 0.232, -1.228)
202.158254086,(-0.296, 0.228, -0.46)
202.115677286,(0.156, -0.14400000000000002, -0.056)
202.147562986,(0.384, -0.312, -0.28800000000000003)
202.177173686,(0.06, 0.048, -0.488)
202.157346886,(-0.132, 0.012, -1.088)
202.157382586,(-0.22, 0.184, -1.036)
202.153305786,(-0.452, 0.212, -0.812)
202.181253986,(-0.724, 0.132, -1.62)
202.234927186,(0.004, -0.616, -0.28400000000000003)
202.309775386,(-0.04, -0.704, -1.32)
202.335448586,(-0.516, 0.176, -1.72)
202.268284286,(-0.024, 0.02, -1.3800000000000001)
202.195607486,(-0.20400000000000001, -0.18, -1.72)
202.132205686,(-0.41600000000000004, -0.336, -1.26)
202.098116386,(-0.612, 0.06, -1.0)
202.057464586,(-0.252, -0.092, -0.776)
201.980500286,(-0.024, -0.364, -0.48)
201.918235986,(0.2, 0.308, -1.08)
201.858946686,(-0.004, -0.304, 0.192)
201.774894886,(0.372, -0.004, -0.272)
201.705543086,(-0.20400000000000001, -0.136, -0.648)
201.662791286,(0.62, -0.28800000000000003, -1.1400000000000001)
201.684789486,(-0.028, -0.232, -1.436)
201.744500186,(-0.292, -0.02, -0.5760000000000001)
201.753110886,(-0.17200000000000001, -0.016, -1.684)
201.743434086,(-0.616, -0.108, -1.084)
201.761582286,(-0.268, -0.024, -1.468)
201.765117986,(-0.732, 0.124, -1.428)
201.720703686,(-0.196, 0.876, -1.756)
201.637526886,(0.68, 0.12, -0.28)
201.570100086,(-0.092, -0.012, -0.448)
201.563398286,(-0.124, 0.38, -0.768)
201.603771486,(0.6920000000000001, 0.392, -1.18)
201.611419686,(0.792, 0.28, -0.8)
201.529030386,(-0.184, -0.188, -1.172)
201.451541086,(0.14400000000000002, 0.152, -1.728)
201.412026786,(-0.308, 0.088, -1.192)
201.340924986,(-0.116, 0.432, -1.776)
201.264398186,(-0.016, 0.524, -0.608)
201.279133886,(0.264, 0.124, -1.06)
201.371044586,(0.308, -0.148, -0.868)
201.440292786,(-0.056, -0.132, -0.26)
201.453365986,(-0.136, -0.164, -0.556)
201.419889186,(-0.596, -0.6, -0.544)
201.373199886,(0.612, -0.056, -1.812)
201.315048086,(-0.248, -0.032, 0.008)
201.290146286,(-0.892, -0.212, -1.012)
201.318356986,(-0.20400000000000001, -0.456, -0.736)
201.308767686,(-0.324, -0.4, -1.272)
201.301715886,(-0.152, -0.604, -0.596)
201.288714086,(0.12, -0.352, -1.076)
201.213849786,(0.20400000000000001, -0.392, -1.6440000000000001)
201.156485486,(-0.196, 0.008, -0.532)
201.082758686,(-0.312, 0.516, -0.86)
200.971844386,(-1.156, -0.152, -1.732)
200.910017586,(0.012, 0.0, -0.864)
200.929215786,(-0.004, -0.36, -0.488)
200.942901486,(0.264, -0.044, -1.548)
200.943112186,(0.188, -0.296, -1.016)
201.001685386,(-0.8160000000000001, -0.228, -1.236)
201.055271086,(-0.04, 0.10400000000000001, 0.132)
201.003856786,(-0.076, 0.192, -0.276)
200.931004986,(0.228, 0.17200000000000001, -0.328)
200.886153186,(0.264, 0.17200000000000001, -0.544)
200.842876386,(-0.58, 0.376, -0.92)
200.851487086,(-0.2, 0.48, -0.8200000000000001)
200.884772786,(-0.12, 0.652, -1.436)
200.861095986,(-0.608, 0.196, -1.292)
200.810031686,(-0.488, -0.10400000000000001, -0.556)
200.766404886,(0.436, -0.34400000000000003, -0.404)
200.713503086,(0.17200000000000001, -0.184, -0.7000000000000001)
200.636276286,(-0.232, -0.12, -0.40800000000000003)
200.570249486,(-0.17200000000000001, 0.156, -0.868)
200.550247686,(-0.28400000000000003, -0.14, -0.184)
200.572858386,(0.176, 0.02, -1.576)
200.633181586,(0.46, -0.464, -1.252)
200.691404786,(0.108, -0.048, -0.484)
200.694415486,(0.40800000000000003, -0.128, 0.23600000000000002)
200.635651186,(0.20800000000000002, -0.14400000000000002, -1.6480000000000001)
200.580736886,(0.468, 0.28400000000000003, -0.84)
200.550410086,(0.12, 0.092, -0.908)
200.555345786,(-0.324, 0.216, -1.428)
200.596068986,(0.268, 0.548, -0.784)
200.596542186,(-0.112, 0.892, -1.548)
200.531302886,(-0.264, 0.004, 0.02)
200.444538586,(0.064, 0.156, -0.764)
200.359961786,(-0.28400000000000003, 0.232, -0.28)
200.243272486,(-0.048, 0.076, -0.6920000000000001)
200.189845686,(-0.088, -0.20800000000000002, -0.376)
200.191718886,(0.0, 0.136, -0.5760000000000001)
200.202604586,(-0.456, -0.5, -1.764)
200.202552786,(-0.432, 0.056, -1.1280000000000001)
200.130750987,(-0.244, 0.28800000000000003, -0.28800000000000003)
200.041011687,(0.028, -0.14400000000000002, -0.336)
199.950484887,(0.02, -0.34, -0.656)
199.901608087,(0.016, -0.10400000000000001, -0.74)
199.899456287,(0.02, 0.41200000000000003, -1.416)
199.950241987,(-0.768, 0.124, -0.684)
199.980727687,(-0.004, -0.328, 0.20800000000000002)
199.953813387,(0.212, 0.116, 0.024)
199.918499087,(0.17200000000000001, -0.152, -1.3920000000000001)
199.835147287,(-0.264, -0.016, -1.088)
199.779620487,(0.084, 0.624, -1.204)
199.779131187,(0.368, 0.34, -1.12)
199.721679387,(-0.68, 0.352, -0.74)
199.648740087,(0.164, -0.47600000000000003, 0.116)
199.634250787,(-0.108, -0.06, -0.6920000000000001)
199.658786487,(-0.896, 0.452, -0.8160000000000001)
199.689709687,(0.292, -0.312, -1.408)
199.735420387,(0.116, -0.488, -1.556)
199.775968587,(-0.41200000000000003, -0.42, -1.276)
199.777054287,(0.68, 0.276, -1.8960000000000001)
199.784352487,(-0.224, -0.148, -0.424)
199.773100687,(-0.152, -0.056, -0.636)
199.720723887,(-0.212, -0.26, -0.556)
199.681209587,(-0.156, -0.32, -1.86)
199.634257787,(-0.748, -0.124, -1.08)
199.562980987,(-0.76, 0.012, -1.156)
199.494154187,(-0.22, -0.44, -0.508)
199.440464887,(0.212, -0.004, -1.676)
199.372513087,(-0.544, 0.136, -1.208)
199.295198787,(0.312, -0.036000000000000004, -0.972)
199.309671987,(-0.056, 0.17200000000000001, -0.752)
199.335257687,(0.04, -0.332, -1.232)
199.293468387,(-0.108, 0.444, -1.436)
199.264366587,(-0.224, 0.332, -0.768)
199.159839787,(-0.248, 0.52, -0.9520000000000001)
198.803575487,(-0.08, 0.56, -0.88)
198.247811187,(-0.532, 0.716, -1.184)
197.670346887,(-0.432, 0.176, -1.512)
197.080457587,(0.056, -0.28400000000000003, -0.32)
196.473680787,(0.26, -0.34400000000000003, -1.4040000000000001)
195.872328987,(-0.20800000000000002, -0.41200000000000003, -0.388)
195.235627188,(0.052000000000000005, -0.096, -1.492)
194.483950388,(0.352, -0.024, -1.456)
193.648973588,(-0.068, 0.196, -0.732)
192.829484288,(0.124, 0.376, -1.356)
192.048844988,(0.612, 0.396, -1.6560000000000001)
191.244318189,(0.024, 0.056, -0.996)
190.409253889,(0.004, 0.404, -1.252)
189.572877089,(-0.308, 0.24, -0.516)
188.751112789,(-0.14, -0.392, -0.8280000000000001)
187.935735989,(0.116, -1.048, 0.1)
187.127009189,(-0.196, -0.308, -0.98)
186.31941989,(0.536, -0.216, -0.888)
185.44174309,(-0.08, 0.092, -0.772)
184.56135379,(0.092, -0.248, -1.22)
183.73398949,(0.14400000000000002, 0.17200000000000001, -1.012)
182.92351269,(-0.3, 0.336, -0.512)
182.123010891,(0.048, 0.464, -1.6640000000000001)
181.433021591,(-0.008, -0.044, -0.708)
180.960907291,(-0.184, -0.40800000000000003, -0.14400000000000002)
180.672017991,(0.372, -0.504, -0.548)
180.525491191,(0.62, 0.628, -1.312)
180.456401891,(-0.14400000000000002, 0.6960000000000001, -1.612)
180.386962591,(0.02, 0.252, -0.56)
180.383323291,(0.28, 0.16, -1.408)
180.476108991,(0.872, -0.152, -0.26)
180.479732191,(0.5, 0.056, -1.6520000000000001)
180.474955391,(0.188, 0.024, -1.044)
180.537466091,(0.156, -0.332, -0.796)
180.573464291,(-0.07200000000000001, -0.268, -1.256)
180.626874991,(0.668, -0.47600000000000003, -1.184)
180.609148191,(-0.108, 0.152, -1.468)
180.506983891,(-0.5, 0.088, -0.636)
180.406919591,(-0.704, 0.212, -0.9520000000000001)
180.333805291,(-0.26, 0.17200000000000001, -1.06)
180.376715991,(-0.028, 0.092, -0.41200000000000003)
180.521564191,(-0.20800000000000002, 0.07200000000000001, -1.704)
180.702812391,(-0.544, 0.424, -1.496)
180.883885591,(-0.532, 0.52, -1.324)
180.981833791,(-0.308, 0.64, -0.996)
180.985456991,(0.20800000000000002, 0.068, 0.064)
180.880055191,(-0.092, -0.112, -1.252)
180.734753391,(0.008, -0.18, 0.10400000000000001)
180.610714091,(-0.24, 0.132, -0.68)
180.568662291,(0.508, -0.14400000000000002, -0.7000000000000001)
180.683322991,(-0.02, -0.23600000000000002, -0.64)
180.836221191,(-0.244, -0.34800000000000003, -1.6440000000000001)
180.881231891,(-0.644, -0.116, -0.364)
180.848805091,(-0.748, 0.056, -1.6320000000000001)
180.756965791,(-0.424, 0.024, -0.8160000000000001)
180.598101491,(0.488, -0.41200000000000003, -1.6520000000000001)
180.451399691,(0.152, -0.376, -1.4000000000000001)
180.323510391,(0.032, -0.22, -1.676)
180.270696091,(0.648, -0.22, -0.616)
180.373019291,(0.356, -0.112, -0.232)
180.537204991,(-0.6880000000000001, -0.148, -0.78)
180.672253191,(0.5680000000000001, -0.216, -0.968)
180.698276391,(-0.148, 0.152, -0.752)
180.591124591,(0.124, 0.032, -0.232)
180.444772791,(-0.056, -0.056, -0.56)
180.284683491,(0.364, 0.004, -1.756)
180.232044191,(0.256, -0.22, -0.332)
180.282829891,(0.268, -0.392, -0.528)
180.389790591,(-0.16, -0.04, -1.02)
180.550038791,(0.544, 0.248, -1.42)
180.603624491,(-0.632, 0.332, -1.724)
180.534097691,(0.096, 0.308, -1.26)
180.387045891,(-0.264, 0.276, -1.412)
180.210506591,(-0.248, -0.084, -1.52)
180.100292291,(0.616, 0.352, -1.048)
180.087552991,(0.14, 0.28, -1.084)
180.132913691,(0.084, -0.28400000000000003, -1.04)
180.140211891,(0.128, -0.56, -0.20400000000000001)
180.058435091,(-0.14, -0.1, -0.632)
179.954870791,(-0.264, 0.492, -1.028)
179.892343991,(-0.5720000000000001, 0.268, -0.20400000000000001)
179.913554691,(0.552, 0.252, -1.568)
180.015002891,(0.616, -0.41200000000000003, -0.252)
180.104638591,(0.304, -0.096, -0.6)
180.103536791,(0.428, 0.636, -1.572)
180.006622491,(-0.152, -0.136, -0.736)
179.902008191,(0.068, 0.10400000000000001, -0.628)
179.878681391,(-0.088, 0.1, -1.564)
179.900767091,(0.672, -0.496, -0.656)
179.902027791,(0.46, -0.356, -1.068)
179.868113491,(-0.028, 0.492, -0.924)
179.759649191,(-0.452, 0.064, -0.508)
179.631672391,(0.34, -0.084, -0.332)
179.523995591,(-0.068, 0.28, -1.164)
179.447206291,(-0.024, 0.42, -1.12)
179.442866991,(0.47200000000000003, -0.252, -0.604)
179.545627691,(-0.16, -0.244, -0.748)
179.703338391,(-0.544, 0.228, -0.372)
179.782736591,(-0.04, -0.20800000000000002, -0.512)
179.779184791,(0.364, -0.388, -1.068)
179.681220491,(-0.02, -0.312, -0.936)
179.525768691,(0.5680000000000001, 0.264, -1.72)
179.464729391,(-0.40800000000000003, -0.176, 0.312)
179.530740091,(-0.124, 0.28, -1.508)
179.643475791,(-0.612, 0.02, -0.47600000000000003)
179.741861491,(-0.272, -0.07200000000000001, -1.044)
179.736384691,(-0.04, -0.268, -0.06)
179.639907891,(0.268, -0.41200000000000003, -0.156)
179.502043591,(0.372, -0.18, -0.936)
179.338804291,(-0.20800000000000002, -0.048, -0.452)
179.197614991,(0.092, 0.036000000000000004, -0.512)
179.172888191,(0.34, 0.684, -1.732)
179.261911391,(0.40800000000000003, 0.232, -0.7000000000000001)
179.359334591,(-0.616, 0.184, -0.996)
179.458682791,(-0.352, -0.20800000000000002, -0.532)
179.535718491,(-0.5720000000000001, -0.264, -1.52)
179.542666691,(0.264, -0.372, -0.848)
179.476814891,(0.628, -0.48, -0.02)
179.363800591,(0.48, 0.248, -1.704)
179.324023791,(-0.48, 0.0, -0.256)
179.398084491,(-0.28400000000000003, 0.272, -1.072)
179.485882691,(0.068, -0.44, 0.196)
179.617343391,(-0.048, -0.28400000000000003, -0.752)
179.752741591,(0.028, 0.068, -1.612)
179.747002291,(-0.008, -0.176, -0.328)
179.602225491,(0.34, -0.184, -1.6280000000000001)
179.421923691,(0.1, -0.12, -1.116)
179.265771891,(0.08, -0.112, -0.792)
179.178920091,(-0.644, 0.20800000000000002, -1.108)
179.182893291,(-0.084, -0.336, 0.10400000000000001)
179.235516491,(-0.276, -0.148, -1.72)
179.258652191,(-0.02, 0.2, -1.1480000000000001)
179.229375391,(0.524, 0.024, -1.852)
179.176298591,(0.368, 0.28400000000000003, -1.432)
179.099771791,(-0.156, 0.116, -0.364)
179.022457491,(0.3, 0.092, -1.564)
179.042705691,(0.368, -0.084, -0.724)
179.127441391,(0.096, 0.34, -1.6560000000000001)
179.224077091,(-0.124, 0.016, -0.38)
179.346350291,(0.12, -0.276, -0.008)
179.385848491,(-0.312, 0.484, -1.284)
179.316496691,(0.212, 0.164, -1.336)
179.213194891,(0.52, 0.316, -1.008)
179.147518091,(0.492, 0.304, -0.644)
179.164353791,(-0.41600000000000004, 0.004, -1.232)
179.220651991,(0.188, -0.36, 0.20400000000000001)
179.227250191,(-0.8240000000000001, 0.14, -1.508)
179.162273391,(0.02, 0.428, -0.856)
179.020034091,(0.028, 0.484, -1.32)
178.856619791,(0.644, 0.752, -1.3840000000000001)
178.766792991,(0.34800000000000003, 0.436, -1.1360000000000001)
178.738741191,(0.232, -0.164, -0.868)
178.776226891,(0.272, -0.248, -0.36)
178.890537591,(0.552, -0.308, -1.6480000000000001)
179.060848291,(0.428, 0.228, -0.156)
179.175596491,(-0.516, 0.08, -1.192)
179.205644691,(-0.34800000000000003, -0.188, -1.24)
179.151867891,(0.23600000000000002, -0.556, -0.72)
179.014441091,(0.036000000000000004, -0.036000000000000004, -0.78)
178.911751791,(0.024, 0.272, -1.172)
178.906187491,(0.28, 0.176, -1.476)
179.017960691,(0.2, -0.41200000000000003, -1.264)
179.107858891,(0.164, 0.08, -1.952)
179.106057091,(0.604, -0.212, -0.06)
178.999430291,(0.012, 0.14, -1.268)
178.798828491,(0.38, -0.07200000000000001, -1.288)
178.621064191,(0.376, -0.424, -1.4000000000000001)
178.466224891,(-0.228, -0.128, -0.992)
178.432398091,(0.66, 0.20400000000000001, -1.332)
178.504621291,(-0.876, 0.036000000000000004, -0.7000000000000001)
178.579906991,(0.224, 0.252, -0.8)
178.651517691,(-0.584, 0.47600000000000003, -0.248)
178.644728391,(-0.296, -0.26, -0.5640000000000001)
178.560939091,(-0.012, -0.068, -0.536)
178.448712291,(0.18, -0.148, -0.444)
178.415760491,(-0.06, -0.108, -1.256)
178.505221191,(0.584, -0.432, -0.836)
178.656456891,(0.292, -0.44, -1.616)
178.778555091,(-0.036000000000000004, 0.028, -1.46)
178.789178291,(-0.444, -0.07200000000000001, -1.8960000000000001)
178.718338991,(0.364, -0.47200000000000003, -0.136)
178.605674691,(-0.096, 0.056, -0.74)
178.461160391,(0.264, -0.1, -1.252)
178.365296091,(0.24, 0.232, -1.284)
178.368394291,(-0.5680000000000001, -0.464, -0.16)
178.372279991,(-0.23600000000000002, -0.268, -1.496)
178.368290691,(-0.12, -0.392, -1.36)
178.415051391,(0.20800000000000002, -0.26, -0.308)
178.397762091,(-0.448, -0.312, -0.62)
178.330510291,(0.184, 0.08, -0.468)
178.266583491,(0.056, -0.136, -0.66)
178.175181692,(-0.544, -0.232, -0.168)
178.163842392,(0.432, -0.2, -0.1)
178.224603092,(0.28800000000000003, -0.356, -1.28)
178.315813791,(-0.312, 0.16, -1.36)
178.436861991,(0.424, 0.076, -1.104)
178.476360191,(0.312, -0.024, -1.008)
178.419083391,(-0.6880000000000001, 0.012, -1.724)
178.318844091,(-0.424, 0.0, -0.276)
178.221929792,(-0.41600000000000004, 0.648, -0.924)
178.191427992,(0.336, 0.008, -1.164)
178.254463691,(0.9440000000000001, -0.212, -1.6440000000000001)
178.334211891,(0.34400000000000003, 0.256, -1.124)
178.327685091,(-0.516, 0.608, -1.6360000000000001)
178.256583291,(0.404, -0.216, -0.872)
178.145143992,(0.532, -0.556, -0.98)
177.988992192,(0.64, -0.488, -1.316)
177.882977892,(0.452, -0.128, -0.612)
177.912588592,(-0.28400000000000003, 0.356, -1.1320000000000001)
178.030399292,(-0.484, -0.132, 0.296)
178.221009992,(-0.23600000000000002, 0.052000000000000005, -0.596)
178.443558191,(-0.376, 0.084, -0.912)
178.623143891,(-0.68, 0.276, -1.304)
178.687404591,(0.608, 0.36, -1.5)
178.592240291,(0.512, 0.704, -1.84)
178.457175991,(0.388, 0.74, -1.08)
178.414336691,(-0.328, 0.468, -1.592)
178.450684891,(0.6920000000000001, -0.28400000000000003, 0.272)
178.510308091,(-0.264, 0.312, -1.3840000000000001)
178.591806291,(0.252, 0.34800000000000003, -0.20400000000000001)
178.657641991,(-0.34, 0.2, -1.312)
178.632915191,(-0.22, -0.48, -0.756)
178.467050891,(0.096, 0.232, -1.924)
178.246499092,(-0.152, 0.068, -1.072)
178.079147292,(0.276, 0.10400000000000001, -0.212)
177.987920492,(0.16, 0.02, -1.428)
178.014643692,(-0.04, -0.14400000000000002, -0.164)
178.110404392,(-0.444, 0.044, -0.84)
178.207915092,(-0.272, 0.0, 0.16)
178.294663291,(-0.42, 0.456, -1.716)
178.320336491,(0.308, 0.264, -1.448)
178.302084691,(0.14, -0.132, -0.616)
178.242445392,(0.23600000000000002, -0.36, -1.6280000000000001)
178.126806092,(0.052000000000000005, 0.052000000000000005, -0.9)
178.086066792,(0.088, 0.44, -1.8760000000000001)
178.188039992,(0.428, -0.504, 0.048)
178.300600691,(-0.324, 0.372, -1.544)
178.285673891,(-0.604, -0.268, -1.2)
178.137047092,(0.188, 0.07200000000000001, -1.008)
177.940470292,(0.17200000000000001, -0.028, -1.296)
177.775043492,(0.272, 0.032, -0.504)
177.715929192,(0.07200000000000001, -0.332, -0.972)
177.713077392,(0.384, 0.012, -1.008)
177.759838092,(0.28400000000000003, 0.112, -0.224)
177.874236292,(-0.508, 0.428, -0.47600000000000003)
177.941121992,(0.08, 0.34, -0.784)
177.922520192,(-0.08, 0.156, -1.12)
177.866730892,(0.048, -0.012, -1.52)
177.801579092,(0.38, -0.4, -1.4040000000000001)
177.807827292,(0.132, -0.148, -0.9400000000000001)
177.884512992,(-0.456, -0.28800000000000003, -0.22)
177.953323692,(-1.532, -0.2, -0.932)
177.979259392,(0.0, -0.68, -0.392)
177.946570092,(0.528, 0.016, -1.516)
177.866018292,(0.904, -0.10400000000000001, -1.1)
177.777066492,(0.324, 0.5760000000000001, -1.1360000000000001)
177.645852192,(-0.296, -0.268, -0.748)
177.503612892,(0.076, 0.28800000000000003, -1.528)
177.477311092,(0.14, 0.048, -0.6880000000000001)
177.476471792,(0.1, -0.148, -1.324)
177.410094992,(-0.244, -0.16, -1.428)
177.291480692,(-0.192, 0.004, -1.024)
177.194128892,(-0.044, 0.212, -1.068)
177.217439592,(0.02, 0.064, -1.1360000000000001)
177.376987792,(0.232, 0.248, -1.112)
177.562873492,(0.48, -0.272, 0.028)
177.704746692,(0.124, -0.04, -1.42)
177.672932392,(0.556, -0.076, -1.28)
177.561318092,(-0.17200000000000001, -0.64, -0.648)
177.484878792,(-0.66, -0.904, -1.1360000000000001)
177.451139492,(0.41200000000000003, -0.54, -0.876)
177.464387692,(0.304, -0.008, -0.464)
177.481398392,(-0.316, -0.62, -0.604)
177.572521592,(-0.396, -0.508, -0.868)
177.595219792,(-0.464, 0.0, -0.248)
177.473017992,(0.056, 0.156, -0.54)
177.315291192,(-0.196, 0.024, -0.32)
177.203676892,(-0.428, -0.188, -1.6320000000000001)
177.174750092,(0.14400000000000002, -0.36, -0.392)
177.286085792,(0.328, -0.132, -1.508)
177.455083992,(0.364, 0.0, -1.3840000000000001)
177.570444692,(-0.24, 0.10400000000000001, -1.3)
177.574592892,(-0.076, 0.268, -0.752)
177.442416092,(0.06, 0.9400000000000001, -1.572)
177.370701792,(0.47200000000000003, 0.368, -1.588)
177.403549992,(0.092, 0.244, -0.47600000000000003)
177.392648192,(0.436, -0.264, -0.508)
177.425671392,(0.008, 0.092, -1.3880000000000001)
177.518457092,(0.612, -0.064, 0.028)
177.524442792,(-0.184, 0.112, -1.56)
177.440040992,(0.396, 0.17200000000000001, -0.9440000000000001)
177.311101692,(0.008, 0.064, -0.556)
177.166149892,(-0.46, -0.076, -1.224)
177.065298092,(0.352, -0.052000000000000005, -0.756)
177.028846292,(-0.14, 0.292, -1.6360000000000001)
177.048831992,(-0.2, 0.132, -0.18)
177.128317692,(0.304, -0.328, -0.92)
177.200628392,(0.292, -0.47200000000000003, -0.9440000000000001)
177.170564092,(-0.308, -0.24, -0.988)
177.079862292,(-0.648, 0.0, -0.272)
177.064847992,(-0.028, 0.16, -1.4000000000000001)
177.126133692,(0.392, 0.224, -0.6920000000000001)
177.214981892,(-0.52, 0.076, 0.068)
177.280030092,(-0.116, -0.17200000000000001, -0.968)
177.274115792,(0.312, -0.152, -0.32)
177.230313992,(0.12, -0.048, -1.216)
177.186162192,(-0.044, 0.176, -1.072)
177.124947892,(-0.004, 0.052000000000000005, -0.9560000000000001)
177.026021092,(0.1, 0.16, -0.848)
176.924294292,(0.016, 0.132, -0.596)
176.889767492,(-0.068, 0.384, -1.004)
176.912815692,(-0.156, -0.248, -0.492)
176.913201392,(0.116, 0.112, -1.084)
176.851462092,(0.532, 0.092, -0.716)
176.740985292,(0.076, 0.644, -1.068)
176.669270992,(0.508, 0.32, -0.9520000000000001)
176.667381692,(-0.34, 0.076, -0.784)
176.714667392,(-0.336, -0.064, -0.84)
176.872290592,(0.032, -0.096, -1.6400000000000001)
177.099038792,(-0.848, -0.08, -1.352)
177.273111992,(-0.384, -0.032, -0.052000000000000005)
177.346122692,(0.52, -0.176, -0.164)
177.296983392,(-0.376, -0.496, -0.812)
177.162794092,(-0.052000000000000005, -0.336, -0.524)
177.018717292,(-0.16, -0.248, -1.776)
176.987427992,(-0.012, 0.148, -1.412)
177.100426192,(-0.372, -0.304, -1.036)
177.194874392,(-0.5640000000000001, -0.12, -1.512)
177.193160092,(-0.592, 0.22, -1.052)
177.114008292,(-0.032, -0.196, -0.624)
176.972468992,(-0.056, -0.34, -0.552)
176.824104692,(0.156, -0.488, -0.9520000000000001)
176.685452892,(0.3, -0.524, -1.224)
176.720663592,(0.648, -1.256, -1.052)
177.036311792,(0.56, -0.12, -1.6)
177.526434992,(-0.02, -0.852, -1.336)
178.156908192,(-0.064, -0.132, -1.804)
178.864731391,(-0.232, 0.068, -1.168)
179.511129591,(0.18, -0.16, -0.3)
180.084990291,(0.116, -0.592, -0.212)
180.701988491,(0.464, 0.08, -1.168)
181.361774191,(0.004, 0.148, -0.732)
181.996709891,(0.432, -0.352, -1.008)
182.577920591,(0.512, -0.244, -0.704)
183.16271879,(-0.08, -0.18, -1.6480000000000001)
183.76939199,(-0.76, -0.376, -1.184)
184.45787769,(-0.16, -0.432, -1.064)
185.27000089,(-0.06, -0.14, -0.732)
186.07617409,(0.192, 0.16, -0.5)
186.86799729,(0.384, 0.124, -1.1400000000000001)
187.585445489,(0.016, -0.12, -1.372)
188.018343689,(-0.02, 0.268, -1.224)
188.263554389,(0.17200000000000001, 0.5680000000000001, -0.9440000000000001)
188.460727589,(-0.52, -0.008, -0.604)
188.545375789,(-0.036000000000000004, -0.088, -1.2)
188.603686489,(-1.048, 0.16, -1.26)
188.664097189,(0.192, 0.156, -1.276)
188.701407889,(0.54, -0.044, -0.924)
188.687093589,(-0.156, 0.16, -1.372)
188.616866789,(-0.328, -0.232, -0.9)
188.563352489,(0.10400000000000001, 0.06, -1.3880000000000001)
188.532938189,(-0.096, 0.232, -1.172)
188.512936389,(0.052000000000000005, -0.444, -1.12)
188.546134589,(-0.5640000000000001, -0.264, -1.16)
188.624395289,(-0.328, 0.248, -0.728)
188.706418489,(-0.428, 0.376, -1.492)
188.779166689,(0.012, -0.328, -0.116)
188.757064889,(-0.016, -0.28400000000000003, -0.544)
188.684563089,(0.992, -0.436, -1.548)
188.649598789,(-0.108, 0.184, -1.032)
188.596084489,(-0.02, 0.092, -0.184)
188.563482689,(0.056, -0.20400000000000001, -1.708)
188.558793389,(-0.404, -0.41200000000000003, 0.308)
188.533541589,(-0.008, -0.488, -1.1320000000000001)
188.483439789,(-0.34400000000000003, 0.20800000000000002, -0.528)
188.426687989,(0.28400000000000003, 0.096, -0.8160000000000001)
188.396361189,(0.048, 0.112, -1.224)
188.357721889,(0.276, 0.056, -1.496)
188.313570089,(0.132, -0.2, -0.188)
188.348343289,(0.268, -0.276, -0.252)
188.483478989,(0.136, -0.308, -0.8240000000000001)
188.634102189,(0.248, -0.17200000000000001, -1.184)
188.730037889,(-0.788, 0.18, -1.836)
188.737948589,(-0.16, 0.164, -1.196)
188.708584289,(0.088, 0.304, -1.772)
188.679832489,(0.224, 0.296, -0.864)
188.682580689,(0.42, 0.12, -1.552)
188.693203889,(-0.66, 0.10400000000000001, -1.1320000000000001)
188.625164589,(0.056, -0.604, 0.14400000000000002)
188.469187789,(0.184, 0.06, -1.4000000000000001)
188.313823489,(0.8, 0.328, -1.336)
188.173596689,(0.22, 0.07200000000000001, -1.068)
188.014732389,(0.228, -0.032, -1.748)
187.997705589,(0.68, -0.28400000000000003, -1.708)
188.110353789,(0.088, -0.248, -0.628)
188.172426989,(-0.16, -0.336, -1.1440000000000001)
188.202912689,(0.092, 0.092, -0.744)
188.195598389,(-0.548, 0.152, -0.156)
188.147771589,(0.016, 0.192, -0.372)
188.158219789,(-0.528, 0.14400000000000002, -1.444)
188.237267989,(0.876, -0.216, -1.728)
188.333641189,(0.268, -0.292, -1.616)
188.423276889,(0.184, 0.068, -0.848)
188.426375089,(-0.556, 0.324, -1.308)
188.352998289,(0.228, -0.152, 0.232)
188.270258989,(-0.016, 0.316, -1.416)
188.197494689,(0.432, 0.016, -1.428)
188.103905389,(-0.132, 0.044, -1.472)
188.015741089,(0.004, -0.256, -1.328)
188.005101789,(-0.32, -0.224, -1.412)
188.028849989,(0.42, -0.356, -0.464)
188.029498189,(0.676, 0.048, -1.748)
188.000133889,(0.18, 0.192, -1.22)
188.043219589,(0.708, 0.24, -0.708)
188.124892789,(-0.26, -0.196, -0.512)
188.184690989,(0.04, -0.308, -0.016)
188.265489189,(-0.052000000000000005, 0.228, -1.696)
188.325462389,(0.4, -0.184, -1.608)
188.361548089,(0.276, -0.10400000000000001, -1.716)
188.365171289,(-0.18, 0.02, -1.8840000000000001)
188.302819489,(-0.164, 0.448, -1.708)
188.245192689,(0.23600000000000002, -0.14, -0.252)
188.209090889,(-0.164, 0.18, -1.464)
188.149451589,(0.504, 0.1, -1.1480000000000001)
188.122624789,(0.164, 0.276, -1.576)
188.119772989,(-0.456, 0.008, -1.712)
188.076496189,(-0.064, 0.10400000000000001, -1.22)
188.036281889,(0.044, -0.052000000000000005, -0.5680000000000001)
188.066505089,(0.452, 0.28800000000000003, -1.308)
188.148703289,(0.168, -0.328, -0.296)
188.162038989,(-0.224, 0.5640000000000001, -0.47200000000000003)
188.172749689,(0.328, -0.052000000000000005, -0.5640000000000001)
188.302110389,(0.308, 0.276, -1.7)
188.400408589,(-0.008, -0.2, -0.876)
188.369731789,(0.14, -0.41200000000000003, -0.9)
188.310179989,(0.224, -0.244, -1.692)
188.271540689,(0.364, 0.12, -1.1360000000000001)
188.213738889,(-0.368, 0.032, -1.868)
188.204062089,(0.112, -0.724, -0.148)
188.353022789,(-0.64, -0.64, -1.072)
188.674358489,(0.304, -0.464, -1.412)
189.109356689,(0.332, -0.328, -1.68)
189.600004889,(-0.008, -0.5760000000000001, -0.41200000000000003)
190.154353089,(0.124, -0.504, -0.876)
190.740726289,(0.032, -0.5640000000000001, -0.884)
191.354836989,(-0.424, 0.012, -1.468)
191.986272688,(-1.32, -0.016, -1.088)
192.631883388,(-0.648, -0.24, -1.736)
193.332794088,(0.092, -0.128, -1.712)
194.049979788,(0.76, -0.228, -1.696)
194.829552988,(0.12, 0.22, -0.524)
195.635463688,(-0.08, 0.044, -1.588)
196.403486887,(0.128, 0.168, -1.068)
197.276072587,(0.23600000000000002, -0.26, -0.372)
198.122058287,(0.152, 0.048, -1.284)
198.830581487,(0.452, -0.196, -0.272)
199.586442187,(0.168, 0.08, -0.916)
200.402940386,(-0.368, 0.272, -1.936)
201.221976086,(-0.41600000000000004, -0.028, -0.528)
202.103661786,(-0.268, -0.224, -0.34400000000000003)
203.023497486,(0.41600000000000004, 0.268, -1.32)
203.928458186,(-0.34800000000000003, 0.068, -1.6400000000000001)
204.750643885,(0.064, -0.032, -1.58)
205.491892085,(0.012, -0.432, -0.62)
206.279252785,(0.176, -0.124, -0.508)
207.124625985,(0.044, -0.012, -0.652)
207.987499185,(0.28800000000000003, -0.46, -0.068)
208.910309884,(0.38, -0.188, -0.636)
209.920445584,(-0.324, 0.07200000000000001, -0.56)
211.014843784,(0.296, -0.34, -0.608)
212.173466984,(-0.02, 0.304, -0.852)
213.369102683,(0.276, 0.244, -0.504)
214.576725883,(0.62, 0.14, -1.04)
215.701661583,(0.652, -0.012, -1.228)
216.793697283,(0.644, -0.20800000000000002, -1.6320000000000001)
217.932807982,(0.42, 0.3, -1.028)
219.107793682,(0.636, 0.17200000000000001, -1.248)
220.273066882,(0.936, 0.228, -1.5)
221.477015082,(0.796, 0.244, -0.8280000000000001)
222.692775781,(0.28800000000000003, 0.07200000000000001, -0.888)
223.888848981,(-0.78, 0.196, -1.5)
225.043534681,(-0.356, -0.556, -1.08)
226.145545381,(0.128, -0.07200000000000001, -1.1360000000000001)
227.30679358,(-0.232, -0.096, -1.696)
228.49184178,(0.24, -0.164, 0.52)
229.61983998,(0.036000000000000004, 0.136, -0.6920000000000001)
230.65753818,(-0.084, -0.42, 0.152)
231.575011379,(-1.064, 0.468, -1.756)
232.423359579,(-0.644, -0.28800000000000003, -0.18)
233.156995279,(0.2, -0.148, -0.588)
233.793768479,(0.084, 0.652, -1.716)
234.373054179,(-0.46, 0.592, -0.8320000000000001)
234.738839879,(-0.904, 0.488, -1.564)
234.991138079,(-0.3, -0.108, -1.364)
235.280886278,(-0.152, -0.04, -1.116)
235.547709478,(0.032, -0.244, -1.48)
235.678907678,(0.672, -0.168, -0.20400000000000001)
235.752005878,(-0.176, 0.404, -1.06)
235.792116578,(-0.396, 0.132, -1.032)
235.744464778,(0.668, -0.056, -1.4000000000000001)
235.756400478,(0.3, 0.912, -1.264)
235.737448678,(-0.904, 0.41200000000000003, -0.8)
235.663196878,(0.23600000000000002, 1.1400000000000001, -1.308)
235.640307578,(-0.8, 0.552, -1.3760000000000001)
235.614793278,(0.6880000000000001, 0.10400000000000001, -1.044)
235.536166478,(-0.352, 0.20400000000000001, -1.348)
235.409677178,(0.9560000000000001, -0.256, -0.524)
235.375062878,(0.372, -0.20400000000000001, -1.6520000000000001)
235.419986078,(0.336, 0.228, -1.1)
235.450296778,(-0.584, 0.34, -1.176)
235.487607478,(-0.928, 0.18, -0.764)
235.500330678,(-0.12, 0.112, -0.9440000000000001)
235.441566378,(0.432, 0.16, -1.928)
235.407214578,(1.0, 0.372, -1.58)
235.395787778,(0.588, 0.216, -1.612)
235.344373478,(-0.17200000000000001, 0.044, -0.7000000000000001)
235.284559178,(-0.32, -0.264, -0.964)
235.326069878,(0.66, -0.324, -0.028)
235.439855578,(0.224, -0.484, -0.544)
235.468591278,(0.044, -0.28800000000000003, -0.68)
235.469064478,(0.448, 0.04, -1.28)
235.565175178,(0.224, 0.252, -1.708)
235.808985878,(0.092, -0.028, -0.424)
236.230771578,(-0.036000000000000004, 0.044, -1.164)
236.816357278,(0.092, -0.044, -1.612)
237.461792978,(0.604, -0.336, -0.888)
238.138291178,(0.308, -0.364, -1.068)
238.853814378,(0.152, 0.192, -0.62)
239.580800077,(-0.048, -0.224, -0.888)
240.267885777,(-0.392, -0.352, -0.436)
240.926271477,(-0.6920000000000001, -0.096, -0.532)
241.569694677,(-0.272, 0.2, -1.536)
242.209792877,(0.064, 0.084, -0.228)
242.963378577,(-0.108, 0.052000000000000005, -0.452)
243.820564277,(0.776, 0.148, -1.5)
244.664362476,(0.28400000000000003, -0.396, -1.292)
245.468960676,(0.044, -0.1, -0.864)
246.251421376,(-0.116, -0.07200000000000001, -0.868)
247.111144576,(0.34800000000000003, 0.38, -1.62)
248.017592776,(-0.47600000000000003, 0.23600000000000002, -0.708)
248.879240975,(0.304, -0.04, -1.096)
249.745614175,(-0.328, 0.16, -1.46)
250.613124875,(-0.6920000000000001, 0.28800000000000003, -0.968)
251.466635575,(-0.396, -0.372, -0.316)
252.334496275,(-0.3, 0.264, -0.928)
253.224931974,(-0.316, 0.004, -0.776)
254.144767674,(0.096, 0.056, -1.248)
255.104940874,(0.392, -0.336, -1.58)
256.052514074,(-0.196, -0.256, 0.008)
257.028087274,(-0.36, 0.136, -1.452)
258.010485473,(0.268, -0.216, -0.54)
258.924896173,(-1.044, -0.324, -1.42)
259.915256873,(-1.008, 0.252, -1.304)
260.931255073,(0.5, -0.22, -1.1)
261.887665772,(-0.708, 0.444, -1.168)
262.885901472,(0.056, -0.14400000000000002, 0.716)
263.947487172,(0.28400000000000003, -0.016, -0.56)
265.015460372,(0.0, 0.328, -1.196)
266.067246071,(-0.224, -0.07200000000000001, -0.436)
267.084644271,(-0.12, -0.224, -1.016)
268.139404971,(-0.168, -0.20400000000000001, -1.3)
269.254453171,(-0.152, -0.044, -0.58)
270.35672637,(0.168, 0.216, -0.984)
271.41577457,(-0.032, -0.248, -0.336)
272.33963527,(-0.748, -0.2, -0.796)
273.09882097,(-0.228, 0.212, -0.996)
273.74661917,(-0.292, -0.076, 0.10400000000000001)
274.35845487,(-0.372, 0.58, -1.596)
274.834403069,(-0.42, 0.272, -1.824)
275.147338769,(0.52, 0.1, -0.58)
275.359999469,(-0.06, 0.264, -0.276)
275.405710169,(0.232, 0.08, -0.108)
275.312820869,(-0.436, -0.108, -1.3800000000000001)
275.173031569,(0.012, -0.308, -1.26)
275.121179769,(-0.5760000000000001, 0.192, -1.024)
275.132152969,(0.66, -0.372, -0.588)
275.135601169,(-0.192, -0.112, -1.428)
275.184811869,(0.372, -0.3, -0.088)
275.233935069,(0.852, 0.22, -0.556)
275.207108269,(0.08, 0.54, -0.40800000000000003)
275.061106469,(0.244, -0.012, -0.41200000000000003)
274.917379669,(0.14, 0.112, -0.728)
274.803927869,(-0.052000000000000005, -0.296, -1.08)
274.749801069,(0.116, 0.028, -0.148)
274.824299269,(-0.196, -0.312, -0.04)
274.953047469,(0.468, -0.504, -0.74)
275.150833169,(0.656, -0.34800000000000003, -1.728)
275.289643869,(0.528, -0.232, -1.528)
275.248554569,(-0.18, -0.388, -1.312)
275.184715269,(-0.40800000000000003, -0.164, -0.9480000000000001)
275.150013469,(-0.47600000000000003, -0.17200000000000001, -0.8280000000000001)
275.181986669,(-0.296, -0.08, 0.06)
275.290784869,(-0.084, -0.048, -1.228)
275.363883069,(0.1, -0.024, -1.08)
275.375731269,(0.41200000000000003, -0.156, -1.508)
275.320991969,(0.456, -0.912, -0.592)
275.205265169,(0.34800000000000003, -0.264, -0.612)
275.075275869,(0.08, 0.12, -1.184)
274.980724069,(-0.18, 0.20800000000000002, -1.1440000000000001)
274.925984769,(0.584, -0.492, -1.292)
274.975370469,(0.076, -0.316, -1.42)
275.063431169,(-0.656, 0.004, -0.372)
275.110191869,(0.184, 0.076, -1.368)
275.174715069,(-0.5, 0.10400000000000001, -0.012)
275.198900769,(-0.312, 0.136, -0.856)
275.165773969,(-0.184, -0.128, -0.308)
275.216122169,(-0.332, 0.588, -0.768)
275.334195369,(0.26, 0.116, -0.436)
275.336418569,(0.296, 0.10400000000000001, -1.568)
275.223841769,(0.432, -0.504, -0.392)
275.105577469,(-0.056, 0.068, -0.308)
275.019775669,(0.076, 0.34800000000000003, -0.676)
274.954536369,(0.544, -0.092, -1.8840000000000001)
274.913972069,(0.768, -0.028, -0.996)
274.928095269,(-0.356, 0.336, -1.432)
274.910805969,(-0.584, 0.08, -0.336)
274.893254169,(-0.46, 0.04, -1.704)
275.070827369,(-0.448, -0.28400000000000003, -0.296)
275.477213069,(0.904, -0.38, -1.212)
275.985973769,(0.38, -0.38, -0.1)
276.510484469,(0.004, 0.3, -0.968)
277.048207669,(0.17200000000000001, 0.028, -0.764)
277.591968369,(0.492, -0.5720000000000001, -0.516)
278.148679069,(-0.624, -0.5680000000000001, -0.736)
278.696464769,(0.076, -0.66, -0.996)
279.274087968,(-0.328, 0.536, -1.612)
279.876123668,(0.624, -0.14, -1.692)
280.534946868,(0.068, 0.464, -1.588)
281.229470068,(-0.14400000000000002, 0.112, -0.652)
281.945255768,(-0.184, 0.228, -1.728)
282.726753968,(0.084, 0.328, -1.116)
283.504927167,(-0.528, 0.44, -1.216)
284.222287867,(-0.9440000000000001, 0.232, -1.716)
284.904473567,(0.02, 0.004, -0.224)
285.769709267,(0.24, -0.036000000000000004, -0.136)
286.824644967,(0.152, -0.292, 0.168)
287.870918166,(-0.32, 0.02, -1.668)
288.858478866,(-0.232, -0.17200000000000001, -0.456)
289.830464566,(-0.528, -0.10400000000000001, -1.836)
290.735337766,(-1.02, -0.02, -0.756)
291.513685966,(-0.66, -0.076, -1.488)
292.259396665,(0.212, -0.34800000000000003, -0.66)
293.092344865,(0.228, 0.512, -1.436)
293.943580565,(-0.232, 0.028, -0.968)
294.822466265,(0.468, -0.34400000000000003, -0.496)
295.828314465,(0.976, -0.328, -1.9080000000000001)
296.859712664,(0.608, -0.008, -1.432)
297.926285864,(0.704, 0.20800000000000002, -0.848)
299.041159064,(0.048, 0.404, -1.468)
300.084544764,(0.184, 0.156, -1.02)
301.116030463,(0.212, -0.232, -1.596)
302.197741163,(-0.24, -0.056, -1.32)
303.280064363,(0.012, -0.196, -0.228)
304.181175063,(0.164, -0.272, -0.772)
304.790648263,(0.332, 0.3, -0.804)
305.248221463,(0.052000000000000005, 0.192, -0.716)
305.617507162,(-0.248, 0.22, -1.512)
305.871992862,(0.02, -0.024, -0.5)
306.019378562,(-0.34, 0.41200000000000003, -1.012)
306.099739262,(0.496, -0.372, -1.168)
306.194099962,(0.34800000000000003, -0.012, -1.6520000000000001)
306.291523162,(0.324, 0.324, -0.804)
306.302671362,(0.06, 0.28800000000000003, -0.3)
306.243994562,(0.232, -0.148, -0.892)
306.168605262,(-0.84, -0.084, -1.452)
306.087965962,(-0.41600000000000004, -0.2, -0.41200000000000003)
306.026489162,(-0.296, 0.252, -1.276)
305.984087362,(-0.41600000000000004, 0.432, -1.292)
305.964960562,(-0.636, 0.268, -1.46)
306.064833762,(-0.132, 0.42, -1.504)
306.203644462,(-0.2, 0.404, -1.056)
306.232467662,(-0.552, 0.48, -0.9)
306.187265862,(0.088, 0.448, -0.676)
306.135939062,(0.124, 0.2, -1.48)
306.131512262,(-0.26, 0.448, -0.884)
306.320372962,(-0.47200000000000003, 0.364, -1.412)
306.619571162,(-0.396, 0.096, -0.312)
306.982819362,(-0.232, 0.032, -1.08)
307.507067562,(0.188, 0.136, -0.54)
308.104115762,(-0.044, -0.224, -0.368)
308.750513962,(0.332, 0.14, -0.484)
309.396649662,(0.648, -0.036000000000000004, -0.8200000000000001)
310.103860361,(0.668, 0.212, -0.872)
310.830058561,(-0.152, 0.07200000000000001, -1.56)
311.500694261,(0.024, -0.392, -0.032)
312.236867461,(-0.332, -0.5, 0.54)
313.001128161,(0.592, -0.268, -1.064)
313.840288861,(0.224, 0.156, -0.648)
314.68286206,(-0.9440000000000001, 0.016, -1.76)
315.46409776,(0.016, -0.268, -0.32)
316.28855846,(-0.024, 0.176, -1.672)
317.12281916,(-0.64, 0.196, -0.664)
317.93686736,(0.272, 0.14, 0.096)
318.766140559,(0.20400000000000001, -0.352, -1.4040000000000001)
319.643101259,(0.196, 0.308, -0.544)
320.544561959,(-0.732, 0.5640000000000001, -1.624)
321.496860159,(-0.228, -0.176, -1.4040000000000001)
322.522308359,(0.024, -0.36, -0.96)
323.572431558,(-0.34, -0.032, -0.216)
324.606892258,(-0.388, 0.324, -1.732)
325.562777958,(-0.24, -0.044, -0.092)
326.519626158,(-0.6, -0.192, -1.44)
327.525561857,(-0.612, -0.088, -1.472)
328.483810057,(0.17200000000000001, -0.2, -0.74)
329.427008257,(-0.152, 0.076, -0.58)
330.368193957,(0.24, -0.28800000000000003, -0.096)
331.351379657,(0.5720000000000001, 0.588, -1.064)
332.408152856,(0.756, 0.152, -0.484)
333.505001056,(0.492, 0.324, -1.164)
334.565361756,(-0.868, 0.164, -1.056)
335.594747456,(0.444, -0.42, -0.504)
336.692820655,(-0.34, 0.34400000000000003, -1.852)
337.808831355,(0.0, -0.096, -1.572)
338.884854555,(0.536, -0.356, -0.264)
340.019590255,(0.708, 0.28400000000000003, -1.6280000000000001)
341.205425954,(0.012, 0.112, -0.9400000000000001)
342.365449154,(0.428, -0.184, -1.084)
343.531334854,(0.1, -0.34400000000000003, -1.028)
344.740795553,(0.32, 0.164, -1.196)
345.958831253,(0.14400000000000002, 0.34, -1.1400000000000001)
347.182904453,(0.492, 0.004, -0.996)
348.350540153,(0.608, -0.128, -1.088)
349.367413352,(0.128, 0.228, -0.904)
350.242186552,(0.024, -0.004, -0.176)
350.953422252,(0.036000000000000004, 0.468, -1.8760000000000001)
351.562632952,(0.28400000000000003, 0.076, -1.42)
352.027293652,(1.524, 0.044, -1.416)
352.275741852,(0.892, 0.36, -1.456)
352.384015052,(0.448, 0.036000000000000004, -1.06)
352.424825752,(0.656, -0.052000000000000005, -0.86)
352.494773952,(0.216, -0.044, -1.708)
352.621159652,(0.036000000000000004, -0.1, -0.88)
352.743345352,(0.04, -0.07200000000000001, -0.188)
352.830181052,(-0.16, 0.024, -0.88)
352.893391752,(-0.028, 0.048, -0.92)
352.854139952,(-0.296, 0.024, -0.636)
352.809638152,(-0.024, -0.07200000000000001, -1.444)
352.806173852,(0.028, -0.02, -1.512)
352.822222052,(-0.38, 0.304, -1.6520000000000001)
352.907132752,(-0.164, -0.12, -0.54)
352.979880952,(-0.732, 0.28400000000000003, -1.472)
353.006429152,(0.256, 0.596, -1.028)
352.983714852,(-0.116, 0.5720000000000001, -0.972)
352.941400552,(-0.648, 0.748, -1.3760000000000001)
352.827336252,(0.136, -0.10400000000000001, 0.02)
352.695159452,(-0.168, 0.028, -0.524)
352.560620152,(0.02, -0.12, 0.484)
352.443843352,(0.036000000000000004, 0.248, -1.336)
352.445104052,(-0.188, 0.524, -0.512)
352.458089752,(-0.184, 0.07200000000000001, -1.196)
352.423737952,(-0.332, 0.164, -1.668)
352.387548652,(-0.116, 0.41600000000000004, -1.3920000000000001)
352.329396852,(0.096, 0.068, -0.684)
352.274745052,(1.22, 0.28400000000000003, -0.9440000000000001)
352.235668252,(-0.092, 0.024, -0.648)
352.305966452,(-0.184, 0.296, -0.736)
352.556602152,(0.004, -0.312, -0.728)
352.738900352,(-0.012, 0.028, -1.1520000000000001)
352.802548552,(-0.436, -0.24, -0.64)
352.810809252,(-0.1, 0.41600000000000004, -1.032)
352.695082452,(-0.368, 0.24, -1.1520000000000001)
352.479955652,(-0.512, -0.176, -1.248)
352.275416352,(0.20400000000000001, -0.74, -1.844)
352.170714552,(0.004, -0.5640000000000001, -1.304)
352.118337752,(-0.14, 0.18, -1.1480000000000001)
352.040848452,(-0.088, 0.41200000000000003, -0.896)
351.971059152,(-0.324, -0.24, -0.9480000000000001)
351.937319852,(0.36, -0.352, -1.068)
351.873218052,(-0.296, -0.012, -1.424)
351.765541252,(-0.4, -0.052000000000000005, -1.252)
351.681401952,(0.068, -0.224, -1.1520000000000001)
351.620712652,(0.07200000000000001, -0.22, -0.9400000000000001)
351.553723352,(-0.048, -0.196, -0.9440000000000001)
351.480521552,(0.028, -0.23600000000000002, -0.904)
351.425782252,(-0.068, -0.216, -1.048)
351.401230452,(0.044, -0.212, -1.112)
351.355328652,(-0.004, -0.06, -0.9560000000000001)
351.315201852,(-0.016, -0.168, -1.036)
351.328625052,(0.032, -0.244, -1.024)
351.362173252,(0.008, -0.14, -0