-1.89254688119
-0.993713725987
-0.180406903167
0.196162514852
0.651287380805
0.148889947609
3.04811587243
-0.811479204688
0.186486901667
-0.785398163397
-1.82563660316
0.562950897972
-1.49724503631
-0.218668945874
-1.50567116346
-1.15409406606
0.432407775571
3.0181361314
-1.73155906742
2.26254656408
2.02055593986
2.67794504459
-1.53955649336
-3.02545102671
1.54377587761
0.179853499792
0.0914112018603
-0.356219655396
-1.39363409309
-2.21429743559
-1.3313834689
-0.944053425584
1.70511776875
-1.79314510886
-1.06919227261
0.345815929443
-2.09288794062
0.247681359249
-1.46351747115
-2.85431120019
2.83317464249
0.777268261218
-1.29622104536
-0.508729824316
-2.92153095096
0.558599315344
1.72521744639
-0.0201315081304
-0.482078701395
-2.30219298982
-0.498652759266
0.453597696108
2.4980915448
2.99969559899
-1.20559487701
-1.02094314412
-1.12601440382
0.0554985052457
2.07107675502
1.96609817168
2.14289921023
-2.94419709374
1.79848564656
-0.640585665159
0.0440890573981
-1.83528470934
-1.70119963468
1.42705765365
-0.259814369846
1.38862801632
0.253265766231
-2.02686832314
-2.42959181609
1.82731293944
1.80973276738
-1.9018924035
1.09728061707
-1.93507441581
-1.39009680352
2.80326903108
-2.90375672613
-1.97928521987
-2.44951866949
-2.36021053286
3.09936425148
-1.80533695566
-1.18461893297
-2.53836280067
1.23659828253
-1.390942827
2.4313216461
1.57079632679
-2.38057989937
2.83997360732
-2.07973871355
-2.18876271172
1.60487403838
0.804263849419
0.175515132217
-0.785398163397
-0.945311286556
1.15184735966
-0.844153986113
1.34656157569
0.308052781024
-1.34140393139
3.06310255095
-1.54807296595
2.50561020011
2.20481904646
0.540419500271
-2.06473769571
-2.18012271197
-1.7071989312
-1.45876736437
2.4087775518
-2.9335365168
2.22922170058
1.0447299078
0.457997951597
1.46252573593
1.76123144221
1.61243890589
-2.29176765077
1.1133214789
-1.66037630081
2.41495031291
-2.71496516046
1.40844484488
1.9222411208
-2.08265216923
-0.0281615669879
1.83704837595
0.606987664046
-2.19104581278
1.80973276738
1.79759517485
1.13922327557
2.43933572208
1.78615402649
-2.02748349136
2.79856871317
-2.81153204118
-1.36999941952
-2.03990836228
-2.07725380563
-2.52362626866
2.07881226212
-1.70119963468
1.77144920411
1.32035323718
-1.92325394962
-0.319493221888
3.09400955031
-2.33627680576
1.23829349861
-1.82812004177
-0.543832456302
1.27425051773
1.31712223066
2.13752554432
1.56629185276
1.31712223066
2.937574674
0.745419476274
-1.52595461172
1.89912573364
-0.834378564321
1.23605948948
0.982793723247
-0.0809040991552
-0.363147009946
-0.937370443826
0.259814369846
-1.95958408808
-0.657389104724
0.95408539646
-1.01219701145
0.597176658093
-1.81577498992
-2.03175577023
1.81452966055
2.4636224438
2.06183434427
-3.13624511098
-0.441179480415
-1.01943976264
-1.86106122672
-0.370170827842
0.241565707095
-2.19786698938
-2.6671927708
-1.88283844836
-1.81577498992
-1.411659601
0.0665681637758
1.78357528843
-0.624023052977
-0.687671256039
1.62820444143
1.79138958075
1.38381705688
-1.57906060145
1.0226728187
-0.425929656534
0.226068387994
-1.23797611387
1.64210379158
0.15545201164
-0.516875970587
-2.75570998419
2.2466866938
-2.28086559936
1.53819918168
1.21897964735
-1.67848619763
-1.87096749763
-2.68799495748
2.49233345105
2.36474129062
2.52692970167
2.33357391484
2.19161887862
-3.11275449672
1.61339349445
-3.08002672185
-2.59270902655
-0.822418279271
-1.59530122456
0.863499841117
1.21202565652
-2.03925159106
1.67413065202
-0.822418279271
0.973619668702
2.73433680551
1.98225257021
-0.131315438983
0.904449730943
-1.13790824386
-1.24305782001
-2.18545927872
2.0152155367
0.72813599155
-1.07330747571
0.120108735567
-0.594475005075
-1.18789760975
-2.67794504459
-1.29560707767
-1.81236203389
2.36056127466
1.40952961746
-1.90404062791
3.00778167612
1.16066898625
-0.204999976004
-0.468828909785
-1.18781164001
0.541664829639
2.45392139755
0.127130195563
2.00742348661
1.39612412779
-3.02129717666
-2.99558039588
2.89952095902
-1.90553316411
2.03095962934
-2.81984209919
-2.99374328833
1.70226502248
1.66804952505
2.13228999006
-0.549688029912
-0.357565851576
-0.767218348324
0.116355165207
-1.2490457724
2.19628136703
1.35379543609
2.3857716612
-3.12947203505
-1.92665438394
1.59935998463
1.7211677548
-3.0419240011
0.867565685759
-0.249151100666
2.93409642715
-0.825376850521
2.11121582707
0.764124777373
1.91956733038
-2.58429711847
2.101569824
2.35619449019
2.21038356125
3.12405059353
-1.32717820705
0.60145470686
1.71145422466
-0.837981225008
1.7486715898
1.67046497929
2.72336832401
2.4041925312
2.10450451843
2.63352982934
2.9617391538
-0.519146114247
1.44644133225
1.65393755868
-2.686678447
-0.36172924152
-1.55059705421
-1.7584360986
2.26669067184
3.03938593548
-0.942000040379
-0.431138740719
0.651869114306
-0.942815036124
1.81164278204
-2.19309919798
-1.11695232527
-1.27425051773
-1.14486667026
-1.74365693358
-2.11005707903
-0.864597234367
-1.33781708772
-0.982793723247
1.97776711216
-1.77543813662
-2.60788446195
-0.238609322508
2.1708465402
-0.543477594713
-2.7763912038
2.39189360287
2.14642332456
-3.08469211631
1.20972857021
0.32682665293
0.520651004006
0.0593362057034
-1.36290639959
1.07297399418
-2.06828517788
-1.75953409432
1.85433611251
-0.729555660917
-0.10827059086
1.77144920411
-2.60986858633
2.42332037839
-2.15879893034
0.500667724875
1.0074800653
0.237835927457
-0.962994330681
-1.84247982525
2.63003652642
2.85232164798
0.839109892701
-2.85013585911
-1.69650358556
-1.52188432065
-1.93578913899
-0.665102686469
2.54761997172
-2.25935548493
-1.86929525838
-1.5430256902
2.27782131927
2.79694533797
-3.04753141896
-1.22290793551
-0.342472976289
0.601775837228
2.60400600693
-1.46185436981
-1.18147960496
-0.0439277670769
2.55359005004
-0.399220769575
-2.0344439358
-3.0018837793
0.0384425900212
2.13148332178
-0.00819653774991
-1.16103839887
0.547863531502
1.12973214674
1.3547113545
1.3365411132
1.24339611499
-0.308052781024
-0.798730706692
-0.416064505724
1.39372317202
-1.33761652615
1.83820712398
2.88578408897
2.02464032832
2.0807683865
1.26491745539
-1.85684776851
-2.81984209919
-2.63742669211
-2.1618292241
-2.07014304848
0.674740942224
1.30454427764
-1.77232409453
-2.6146494264
2.60243101429
2.64698149241
-2.5340697532
-1.93180163022
0.945910088879
-2.13752554432
-2.84222641953
-1.68087584728
1.78373467637
2.8926299478
-1.62955214951
-1.83812596174
2.84855483276
-2.37724401233
2.73805771858
0.256151382566
-1.72276860722
0.917949695694
-1.75064982659
3.02259236021
1.35759180741
3.0981417582
-2.4584012083
-1.69214832737
-2.4584012083
2.07146405167
2.31077121077
0.301225577862
-1.4711276743
-0.52479577165
-1.80409327833
1.26592180725
-1.13721484284
2.47754649076
2.77667955443
-2.60986858633
-0.286051441717
0.504165961479
1.32250641749
-2.58299333825
-1.69515132134
2.42152195982
0.652846631101
-2.41765544608
-1.88913392516
-1.23345683486
-2.37285961391
-2.76108627648
1.42263630606
2.82502339998
2.42085243662
-1.69656574756
-1.4372672777
0.621824287831
-2.19399565673
-1.14416883367
-0.335967605926
1.57941680291
-0.885066815889
-0.785398163397
-1.05082852005
2.92076388386
1.78835044593
-0.186222840411
-2.10252039405
-0.814801451601
-0.331717001803
-0.785398163397
-1.43373015248
0.794831845803
1.71170033307
-2.009801038
0.107689870833
-0.940394905321
2.01063890961
1.33638065107
0.128696501278
0.666692826254
1.82845259912
-3.132069132
-2.47428651861
0.436627159814
2.150799101
-2.33397592487
-3.04573350648
0.48864240262
0.832981266674
-3.02583343587
1.76566024648
1.30780159511
2.69814431717
0.0890495826345
1.20210042414
3.14159265359
-1.46213511095
-2.1552402265
-0.53581123796
1.86225312127
-0.913721391083
-2.38057989937
0.674740942224
1.68322345763
0.986525049214
2.41495031291
2.04381134329
-0.534744192305
1.01219701145
-3.02970238742
-3.09684642214
-2.09992396072
-0.283794109208
-1.84520711652
2.0807683865
2.23064475308
1.95937634624
-0.822418279271
2.38321493938
1.84425731389
-2.16855471839
2.44368983099
-2.31396608808
3.03780031313
-1.83841263158
-2.65052575775
-1.95130270391
3.01604291648
-0.498567905638
-0.976582622994
0.765198890816
0.236848760947
-2.56306843917
-3.08196194046
-1.95130270391
1.95911504497
1.45552020082
-1.2423939858
-2.35619449019
-1.66765825049
-2.92373211498
-0.661043168851
-1.0636978224
2.67794504459
-1.09744028496
-1.64822741375
2.6066375798
2.00320410237
-0.62980333542
-1.96140337049
2.46985771434
-1.45794452246
-1.01219701145
-2.10942049686
-2.26714490756
-1.626987113
-1.83996381958
-1.84570616828
2.58993767106
-0.968052776312
-1.27062515596
-1.77678766347
-0.950546840812
0.208599572806
-1.04653703578
-2.70823880451
-0.718829999622
-1.04600055514
-1.40564764938
1.9949907347
-1.4181469984
1.91008894125
-0.155594827977
0.79314994611
1.97698512921
2.17024881164
0.513606004723
0.661043168851
1.38768550953
-1.67046497929
2.92292370772
1.45136740078
0.189370049976
2.00523146908
1.0074800653
-1.5902113627
2.18930264197
-0.49934672168
1.98902065637
2.07270276985
-1.29610242139
2.48852245889
-2.86329299458
-1.25120559625
-1.31116669739
2.4132752726
-0.836995518083
-0.960070362406
1.80002826007
1.45700431965
-0.451148259981
-1.25482605484
-3.10161396647
1.29337155821
1.26511361074
-1.03037682652
-2.19211992622
2.67794504459
0.808018738753
-1.08595048019
-1.18697870351
0.740982948151
-2.14459534012
2.21933095012
-2.13411258829
-1.68928628595
-1.07318120512
-0.0644268394256
0.802940223455
-1.4149281254
-0.603749333397
0.891147448519
2.19753922801
1.26109338225
1.39800837858
2.20616753341
2.56061569557
2.06568376923
-1.04600055514
1.51911824231
-0.321750554397
-1.71072099737
-1.49719679006
2.41231527289
1.3189093107
-2.24553726902
1.89836076917
2.42131965353
-1.33434018459
-1.05634501374
1.25451019888
-1.1884172927
-2.39066359119
-0.731686434094
2.15879893034
-0.900674289368
1.8049529016
2.35619449019
-3.0132694259
3.05093276639
1.51394707946
-0.96479566687
2.55030058822
-2.56728782342
0.414506874585
1.25789509891
-1.99957435424
-3.00324168341
2.43223804947
1.92675406496
1.60966562897
0.00636934061866
0.381480086639
0.369906067457
2.46107142892
1.46013910562
0.181092656531
-1.22006837855
-2.94419709374
0.989714027998
1.8774726462
2.51206269159
2.89535612949
-2.07014304848
-2.89058996695
-1.38705179606
-2.09704011365
3.08900959198
1.87930262253
0.0499583957219
-1.21516044249
-1.51116561366
-2.76108627648
-3.10712355259
-2.83548804855
1.56598867153
1.06102760178
-0.692641843209
2.32394760776
2.89967208491
-2.97644397618
1.63377598923
-1.03410815249
-0.41934164755
1.49909624326
1.3112272594
1.68006401667
-0.321750554397
-2.19104581278
1.59120165748
-3.00632900086
2.55637555816
-0.504165961479
1.25914643898
-0.378427378029
-2.28488702541
1.32756134106
0.911757163278
1.19927847165
0.28255495247
0.494887442431
1.39456162906
-1.75116742488
-2.39577776413
-2.43195679069
0.992731284305
2.31917437432
1.37340076695
-0.69739078987
0.570805281906
1.33026207885
-1.78946527267
-0.358770670271
-1.75614427679
-2.35619449019
2.82659875313
-2.33055908167
3.00400591712
0.671143835436
2.07565769845
2.80061370009
-2.57100989059
-1.79261699569
-3.13174075559
-1.71523790517
-1.67046497929
2.82404375514
1.87884910782
0.657389104724
3.04115654154
0.343023940421
-0.551654982529
2.02686832314
1.49518318356
1.25629202238
1.21323047522
1.9949907347
2.37111875518
-2.69866746648
-3.113822017
0.599339986248
0.538976499829
2.0243940229
-0.0930637287244
3.14159265359
1.85017823646
-2.15663910649
-2.77904841633
0.463647609001
1.47354312854
-0.510949576497
2.31917437432
0.428264152877
-2.02909639319
2.62068287274
1.836128413
0.321750554397
0.640356465071
1.17292196918
1.4814823338
1.23041438815
1.70211176578
-1.49800847819
0.68160582294
1.50160004818
2.60578141563
1.7979877936
1.65393755868
1.08126453243
-0.412693968667
2.50816677062
1.81577498992
-0.296115145875
1.08798173621
0.834538897813
1.68790507136
2.82511445807
1.27229739521
-0.137807097859
2.1359457668
1.70238446825
-0.961136460083
2.42584906392
-2.17013631304
-1.54340591832
-2.65469342178
-1.35632462805
-2.04431203652
-1.67008561663
-2.04649154565
-1.60696475775
-2.7367008673
-1.61159000966
-2.05356728736
-1.60109008671
-1.72461047703
-0.444419209901
-1.76503732298
2.03824619884
-0.231782948151
2.40231560621
1.95130270391
-1.71072099737
2.41698904607
0.883125070756
-1.19028994968
-1.25057716477
-0.888732488619
-1.81577498992
-0.903723945903
-0.489957326254
0.526296145618
-1.37340076695
-1.05014532279
1.56239316325
-0.677016251153
-0.701153585138
-2.69407267843
-1.95808993
-2.79067265618
0.235544980721
0.318217000199
1.33268254438
0.352457622827
0.671034509975
1.24482638816
0.882913966685
0.666346595852
1.16590454051
-1.89254688119
-2.85736713802
1.51937111878
2.49079240435
-0.380506377112
2.53860989727
-1.68145354797
-0.0690723321641
-0.82152701391
-0.946298778006
1.9077962437
1.67248517856
1.31169430902
1.10714871779
-1.23547194548
-1.28657081123
-1.82904854661
-1.29865043626
-1.45932010499
-1.0926218947
-0.32904969484
-1.58606231634
-0.455773755977
1.30766926747
-2.50100698843
-1.94876463829
2.29035572089
-1.86541366701
-1.51204050408
-1.77384154405
-1.00781456939
2.02005643941
3.05485431491
1.3854483768
1.9451299428
-1.04094725734
-1.41875305893
-1.52796539413
-0.756834505559
-1.54906061995
-2.00790149804
-2.52892400102
1.9451299428
2.2097103118
-1.829251263
-1.49948886201
-0.169985399069
2.43195679069
-1.223879462
1.93846643849
2.68411780569
2.20481904646
1.63321513679
1.88722778242
1.9347752833
2.1552402265
1.58395346227
-0.489283017522
0.300477168373
-1.04023843977
-0.290599161755
-0.831051698399
0.785398163397
-3.09511452224
1.85565088099
0.0219744842967
-3.02096898501
-1.02860691687
0.130827396074
0.149812456573
1.86797715721
1.70262400833
2.11808070778
2.11121582707
-1.82248629855
2.5065659182
-2.19959261321
-0.785398163397
2.05206325769
-1.17000287822
-1.27425051773
2.35619449019
-2.08318578711
-3.08609414834
-2.5424173306
2.5308666892
1.2298173733
1.55575986614
2.35619449019
-1.22242484377
2.70175007077
1.66679661716
1.15257199722
-1.03037682652
-1.5558720618
-1.54610998474
1.22876774106
0.997830183906
-1.78816572824
-2.38475814803
0.676157371871
1.90553316411
2.58499333558
-0.188639216225
-1.89254688119
1.86734213586
0.561163412288
2.77533709316
1.67207463584
-1.47354312854
-2.69324997191
2.70437060985
-1.82555462923
-2.23183949565
-1.91956733038
1.04272187837
1.22048211456
1.96336646181
2.3284238536
-1.06289718206
-1.5488218425
1.80188699399
-1.43215658966
-0.990039973227
-1.38147440928
1.45911346495
-1.15257199722
1.32361986501
1.88806260632
1.77311795517
-1.29077104396
-1.04272187837
2.13864037106
-0.632748835002
0.965893923859
-1.599037404
0.86994191891
2.63162059389
-0.785398163397
0.748378047524
-1.54600801676
-1.31541341482
-2.31054095519
-2.68881418177
-0.523919347685
-1.20681737029
-2.9213439302
-2.58889546195
1.95641339195
2.05641842009
1.13838855122
-0.812418612585
-0.973885272946
-0.862170054667
-1.91141256721
1.3864719179
-1.11372757025
2.34170275113
2.937574674
2.46347334584
1.44524658969
-1.42356440875
-1.87274748863
-2.04370293046
2.29743866748
-2.98788512453
-1.0636978224
2.6066375798
-1.83061069664
1.98433841634
-1.51204050408
-2.83660030678
2.88132855682
-2.65258816173
2.61707849275
-0.761402769806
-0.941078806186
-1.57079632679
-2.4111848654
-1.390942827
-1.87368119517
1.47584462045
3.11035282016
1.4350720333
1.01093198999
-1.91733519123
2.19481937977
-1.85090430209
1.57079632679
-1.49365502291
-1.67248517856
-3.06211440898
1.33274996163
1.05894048436
-0.656701662119
2.34702043565
0.056391760926
0.982793723247
1.31396987683
2.00742348661
1.8609784247
-1.52595461172
-1.17709810283
-0.0505897087694
2.07968054357
2.22626395486
0.675522192065
-0.920925877383
-1.51052458811
-2.42678408001
-3.03390278276
-2.00913288665
-1.67046497929
-0.247353955572
1.45591972138
-0.583076535019
0.134771284478
1.94703833743
-0.344218682982
1.13316515125
0.626742901211
2.17454566019
1.41579958487
-1.45068759123
-1.55440435249
-0.279270532486
0.227220967066
0.593002561882
-1.22006837855
-0.344647315618
-1.3390794856
-1.36147290323
-0.351290947851
-0.835549126034
-1.45230636764
2.82562238164
2.01361361576
0.736257428981
0.267410797184
-0.953995103007
-0.766532477376
-1.7495893816
-1.39427456146
-1.84016039909
-2.0385591389
-2.2339993195
1.36903398247
1.70786250111
2.31144825874
2.44169978387
1.70786250111
1.07490183536
-2.08128464871
-1.31712223066
-2.42276265397
-0.771885472384
-0.0949517063428
-0.921246904659
1.1583858852
0.098273953256
1.8766751982
-0.652330901389
1.15318662529
-1.73299516026
-1.74856090095
2.62360528738
3.0419240011
2.05330962182
-2.4494484053
-1.13193702783
-0.136643162491
1.31910635504
0.761012754225
1.61559392196
1.28618539114
-1.96750498969
1.46798550083
-2.51756960061
-1.09368151855
-0.921090540645
-2.12579205413
-0.847816973393
-2.15879893034
1.87624397787
-1.0485566416
-0.112202814997
1.88096438758
0.0725994537305
-0.216873615666
2.78913503076
-2.4501202051
-3.0021525965
-1.9764978295
1.54996600676
1.36411310831
-0.993758196125
-2.55359005004
1.64528511701
-1.52244694014
2.29743866748
-2.8526172436
2.37111875518
2.76563169972
2.60117315332
-2.46685171137
2.66070537339
-1.03037682652
-2.6905229976
-1.90404062791
2.95510575192
-0.348771003584
1.25196121603
-0.935769591405
1.84400882038
1.63481130463
1.71895634753
1.73594500421
-2.76632183073
-0.785398163397
-1.31116669739
-0.684294791661
-1.04108722515
-0.832343511659
1.27788392927
1.5923447151
-2.1788326796
-1.92505574947
-1.59935998463
-1.27990594404
-2.29743866748
1.34089189866
-2.51610761335
-1.29118947899
2.72790344031
2.92292370772
-1.81053943567
1.99837710848
2.35619449019
-2.9499441569
2.14694763337
0.362087407694
0.545655054527
-1.71332112771
1.93408776193
2.17377908311
-1.3201786257
-1.38189914592
0.620249485983
-2.57227946249
-0.124354994547
2.80326903108
2.79545669002
0.309328833075
1.34834906137
1.41685166234
2.18784274878
0.797445773252
1.38361938936
2.08524763985
-1.01595109987
1.83996381958
2.73909320724
-1.90285579434
1.61621960622
1.46944982353
-2.39066359119
-2.10101209957
2.02817442547
1.05634501374
1.6202608954
1.74020937068
0.588002603548
-1.98628842274
0.458985638113
-2.94419709374
2.26124278385
-2.37769655218
-0.823354608586
1.58100005429
-1.18619161197
-2.59593759906
1.78336313636
1.28902445952
-1.64660016416
2.15036031209
-2.13752554432
-2.79086470534
2.78614699185
-1.25499808305
-1.48557609582
2.11435553417
2.48874602249
1.89402398499
0.360566000478
-1.41246882599
-0.404891786285
-1.57079632679
-1.2086505488
-1.06531961793
1.35392271113
-1.47673509217
0.188221505305
-1.81577498992
2.28058134696
1.16033046223
1.99874482312
1.15779661007
-1.57831498211
-0.837981225008
-1.50781666436
0.284577603433
0.592427353432
1.44570441271
2.04519620959
-0.0188656860217
0.953604935255
-1.64210379158
0.184684380086
2.29298765829
-1.42699933781
-0.501264264872
-0.475458083455
1.1583858852
1.09432890732
1.47804000661
2.93312743521
1.21780593897
-1.1849136574
-1.12265135172
2.26434836393
-0.862170054667
3.04314649438
-2.73243650083
-1.57079632679
-1.13095374398
-1.06172543837
-2.42276265397
-1.35673564323
0.222447265426
1.1849136574
2.59091710268
-1.59856696339
-2.0344439358
-2.14510115697
2.2226654411
2.79086470534
2.70325609373
-0.514451313059
-1.82597871742
1.25374057359
0.280837724621
-1.21388439044
2.12720025598
-2.01992589963
-1.75064982659
-2.00708757799
-1.92628185777
-1.97721482945
-1.29446905182
1.19028994968
1.1141908549
1.33455106608
-1.6885289016
0.702256931509
-2.5444159955
-1.68003711832
-2.04743021872
-1.63869180596
-2.40094072165
-1.61332386141
2.96940183907
2.04686565712
2.23183949565
3.14159265359
-1.8325098292
-1.29984947646
-1.6110970751
-1.67476787872
-1.33770165427
0.958408314075
-2.07146405167
-1.11383758125
1.1760052071
2.39513583329
1.30833692697
-0.739277047383
-2.39854203921
0.543832456302
-0.918624915038
-2.14213380663
2.84887957837
-0.183110817262
-3.04573350648
0.704494064242
-2.88099026184
2.86999306183
1.49834273071
1.72666452819
-1.90167904741
-0.714090698612
-2.78537299819
2.3853124717
2.41861330019
-1.33644425621
-1.67046497929
1.51252902383
-0.119725397993
2.32763083235
0.922261703465
1.60833736639
2.31556645251
-0.993454300188
-1.65807403974
-2.69286930958
-2.01557824977
-3.13395921407
2.8563917929
1.98958626717
1.45629930003
0.958738213993
2.70918487802
-1.8823431537
2.62834038072
-2.32763083235
-1.57079632679
1.90235048867
2.14213380663
2.90750285228
2.1128852746
2.70918487802
1.57458418747
2.41258625112
-1.30780159511
-2.17187008129
2.09559209845
-1.09244389542
-1.57079632679
2.43933572208
-2.15879893034
-1.87805514213
-2.28385715965
-0.373726819966
-0.479210554738
-1.41875305893
-2.22922170058
-2.29848087658
0.216777397058
-0.165148677415
2.67794504459
-2.01690187574
-1.33083015302
1.17792581933
1.00784542882
1.48363905224
-0.201126885817
-3.09268064744
2.42704344974
-0.914094664675
-1.97266697424
2.71364415727
-1.26375059478
-1.93797016061
0.639769782827
1.76660206286
1.21313307578
1.07774542959
0.425261746912
0.643501108793
-0.935769591405
-0.476467419474
-1.39520416484
1.98530320138
0.348123335281
2.02464032832
1.22777238637
1.07345361045
0.418224329579
0.661043168851
-2.9677915345
-2.23183949565
-1.43279030314
1.67046497929
-0.868539395286
-0.446105548943
-2.30459713551
2.51101489637
1.42371797141
1.3949984247
0.357663251011
-0.927295218002
1.9321531982
1.35723589331
0.592427353432
1.95667899619
1.68145354797
-0.83199653041
2.53604798998
1.2973353397
0.498459410467
-1.57079632679
1.21202565652
1.69830588501
-1.41192559381
-1.45017265821
-1.88530063121
-2.76382599565
-0.804443479379
2.39818659741
1.04431762169
0.122461057417
2.00437781075
-2.66512523412
-2.55015363745
-1.87171656116
-0.426627493127
0.973619668702
-1.14416883367
-1.2287325397
-1.53602773494
1.6582916676
-0.803914565465
2.97299571398
-1.97459041868
-0.685361457923
-0.378545595311
1.07012860192
-1.21202565652
-1.40886048973
-2.33801467512
-1.70127255819
-3.02709562682
-2.35619449019
-2.08318578711
-1.85410429117
-1.61131467927
2.75327393542
2.80014021528
-2.86912950419
1.71922923604
1.31019393505
-0.262994731681
-0.947462334863
2.51279636717
-2.06125743134
-2.75429905038
-1.97764889488
0.673756690573
-1.45136740078
-1.22657764381
-2.00112293992
-0.671390871004
1.0772663112
0.242647665018
-0.736110758405
-1.07685495788
-1.77048021217
-1.30653630688
-2.15879893034
-2.83997360732
-2.78578713401
1.57079632679
2.52344842765
-1.63400315869
1.11832143723
-1.20918958926
-0.675791362005
-0.366255560431
1.08246237574
-1.19028994968
1.62820444143
2.40377759347
0.365747301262
-1.53747533092
-2.44293282887
-2.19828456948
1.2052781206
2.28962632642
-2.61290282063
-2.01389888176
1.41088320364
2.32049537751
2.30861138692
1.41337945407
-1.7126933814
-2.70380134995
-1.88488419592
-2.19104581278
-1.38080803888
-0.179338831799
0.125463641543
-0.355230862047
-2.12245130932
-1.25343170919
-2.23183949565
-2.16527133187
-1.24358134591
-1.55938997739
-2.12677327053
0.991232341502
-0.86568497868
-1.42056078682
2.22960236291
0.785398163397
1.7283042742
-1.82426134913
-0.332332170018
-0.690145885979
-1.02351194581
-1.59106382151
0.1668551604
3.07193807986
2.70496549378
1.32581766367
-0.0366807877567
0.953604935255
1.49499248943
-1.71072099737
-2.0344439358
-2.32707650869
2.62853474418
-1.1962493547
-1.67768353755
-2.82955053203
-2.24553726902
-1.47584462045
-1.41872286934
3.0435473763
-2.06911212101
2.39066359119
-1.7211677548
2.0665614019
-2.48370404841
-2.30971635884
-2.19104581278
-0.986195070675
-0.769526480406
-1.94168761561
-1.10714871779
2.41382291767
1.48129250844
-1.85074614932
-1.32581766367
-1.57079632679
-2.69921843061
-2.72532335573
-1.27656176168
-2.76754822207
0.219483277941
-0.260602391747
-2.33658915934
-0.742622715387
-1.31561393617
3.05623903593
-1.28385757386
-0.54284667997
-1.20244740539
1.43920818534
-0.370891288813
-1.03388558405
2.57967109133
-2.6679951242
-2.95942434312
2.29602623904
0.226798848054
-1.48214044493
