-1.012
-1.016
-1.016
-1.016
-1.012
-1.012
-1.008
-1.016
-1.012
-1.016
-1.012
-1.008
-1.016
-1.02
-1.02
-1.016
-1.012
-1.56
-1.596
-1.332
-1.404
-0.976
-0.812
-0.808
-1.176
-0.8
-0.996
-0.748
-1.452
-0.952
-1.116
-1.312
-0.588
-1.676
-0.96
-1.124
-0.56
-0.932
-0.652
-1.416
-0.768
-1.244
-0.688
-0.548
-0.82
-0.392
-1.848
-0.632
-0.744
-0.704
-1.712
-0.824
-1.244
-0.516
-0.712
-0.684
-0.936
-0.932
-0.696
-0.452
-1.132
-1.032
-0.996
-1.024
-0.676
-1.264
-1.244
-0.956
-1.036
-0.84
-0.512
-1.232
-0.984
-0.912
-0.868
-1.196
-1.168
-1.088
-1.032
-0.72
-0.556
-1.624
-1.0
-1.016
-1.184
-0.992
-0.776
-0.964
-1.292
-1.22
-1.132
-0.948
-1.164
-0.844
-1.016
-0.488
-1.392
-0.804
-0.904
-1.408
-1.244
-0.876
-0.928
-0.812
-1.312
-0.908
-0.136
-1.528
-1.196
-0.148
-1.892
-0.984
-1.056
-0.74
-0.992
-0.836
-1.192
-0.544
-1.228
-1.64
-0.872
-1.612
-0.552
-1.12
-0.436
-1.384
-1.2
-1.224
-0.996
-1.184
-1.3
-1.196
-0.876
-0.732
-1.14
-1.344
-0.588
-1.24
-0.096
-0.028
-1.124
-1.372
-1.552
-1.284
-1.36
-0.76
-0.892
-1.588
-0.984
-0.896
-1.096
-0.716
-0.824
-1.78
-0.612
-0.996
-1.564
-1.148
-1.404
-1.016
-1.808
-1.236
-1.18
-1.536
-0.816
-1.684
-1.06
-0.868
-0.964
-1.12
-0.816
-0.988
-1.364
-0.556
-0.84
-1.416
-1.212
-0.872
-1.312
-0.836
-0.996
-1.172
-1.056
-0.728
-1.448
-1.292
-0.756
-1.028
-0.852
-0.772
-1.112
-1.176
-1.02
-1.34
-0.732
-1.244
-1.38
0.052
-0.576
-0.936
-1.0
-0.876
-1.124
-0.32
-0.76
-0.876
-0.868
-0.92
-1.572
-1.34
-0.552
-0.444
-1.736
-0.888
-1.236
-0.804
-1.336
-0.656
-0.704
-1.876
-0.5
-1.344
-0.816
-1.5
-0.54
-1.492
-1.268
-0.988
-1.092
0.04
-0.812
-1.236
-1.636
-0.604
-1.22
-1.256
-1.792
-0.864
-0.7
-0.92
-0.776
-1.6
-1.216
-0.784
-1.416
-1.392
-0.244
-1.88
-0.42
-1.02
-1.132
-1.256
-0.644
-0.724
-1.208
-0.284
-0.968
-0.928
-0.788
-1.14
-0.636
-1.02
-1.412
-1.616
-0.112
-1.392
-0.572
-1.208
-0.792
-1.532
-1.128
-1.396
-0.556
-1.504
-0.848
-0.828
-0.832
-0.756
-1.152
-0.956
-1.104
-1.836
-0.896
-1.144
-1.128
-0.712
-1.132
-1.036
-0.852
-0.88
-1.84
-0.452
-0.712
-0.824
-1.376
-1.044
-0.664
-1.248
-1.208
-0.96
-0.492
-1.528
-0.588
-1.676
-0.4
-0.12
-0.944
-1.26
-1.032
-0.732
-1.352
-1.02
-1.208
-1.18
-1.148
-0.86
-1.016
-0.68
-1.208
-1.288
-0.48
-1.316
-0.72
-1.148
-1.868
-0.46
-1.104
-0.648
-1.136
-0.732
-0.936
-1.256
-0.536
-1.004
-0.992
-0.86
-1.028
-1.116
-0.6
-1.164
-0.608
-1.092
-0.5
-0.932
-0.756
-1.656
-0.164
-1.892
-0.724
-1.196
-1.588
-0.812
-1.0
-0.656
-0.628
-1.38
-1.16
-1.736
-0.772
-0.956
-1.32
-1.392
-1.228
-1.336
-1.776
-0.472
-0.696
-0.908
-1.124
-1.356
-0.512
-1.068
-1.064
-0.92
-0.964
-1.224
-1.336
-1.316
-0.964
-0.848
-1.408
-0.352
-1.172
-0.536
-1.132
-0.636
-1.08
-0.924
-0.792
-1.42
-0.716
-0.992
-0.896
-1.252
-0.96
-1.532
-0.696
-1.192
-0.508
-1.244
-1.516
-1.104
-1.096
-0.752
-0.912
-0.868
-1.192
-0.556
-1.364
-0.412
-0.836
-1.804
-1.16
-0.936
-1.108
-1.232
-1.14
-1.064
-1.344
-0.94
-0.916
-1.104
-1.568
-1.312
-0.364
-1.504
-0.896
-0.804
-1.068
-0.644
-0.752
-1.432
-0.684
-0.652
-1.084
-1.344
-0.82
-1.592
-0.54
-1.324
-0.26
-1.376
-1.344
-0.404
-1.74
-0.952
-1.08
-1.236
-0.492
-0.472
-1.636
-1.46
-0.712
-1.128
-1.1
-1.092
-1.168
-0.936
-0.228
-1.336
-0.712
-0.856
-0.98
-0.796
-1.368
-1.372
-1.252
-0.996
-1.304
-1.088
-1.184
-1.204
-1.34
-0.416
-1.452
-0.96
-1.204
-1.38
-0.304
-1.348
-0.4
-0.98
-0.812
-0.624
-1.316
-1.216
-1.504
-1.612
-1.456
-0.584
-1.492
-1.212
-0.52
-1.852
-1.048
-0.376
-1.068
-0.996
-0.464
-1.496
-0.648
-0.488
-1.468
-0.728
-1.132
-0.856
-0.676
-1.48
-0.512
-0.66
-1.424
-1.328
-1.236
-1.18
-1.152
-0.94
-1.104
-0.744
-1.284
-0.768
-1.564
-1.22
-1.304
-0.532
-0.868
-1.248
-1.264
-0.94
-0.88
-0.396
-0.672
-0.54
-1.568
-1.204
-1.064
-0.532
-1.24
-1.592
-1.432
-0.724
-1.508
-0.664
-1.064
-0.588
-1.204
-1.288
-0.848
-0.988
-1.556
-0.732
-0.972
-0.992
-0.604
-0.468
-0.892
-0.744
-1.092
-1.212
-1.388
-0.848
-0.712
-1.068
-1.108
-1.456
-0.42
-1.144
-0.212
-1.232
-0.892
-0.388
-0.848
-1.472
-0.756
-1.044
-1.016
-0.952
-0.864
-0.792
-1.608
-0.736
-0.904
-1.284
-1.12
-1.292
-0.788
-0.168
-1.032
-1.744
-1.044
-0.976
-0.704
-0.94
-1.156
-0.8
-0.868
-1.5
-0.944
-0.936
-0.568
-0.648
-1.192
-0.96
-0.612
-1.056
-0.784
-1.52
-1.02
-0.852
-0.488
-1.332
-0.804
-1.432
-0.672
-0.984
-0.764
-0.672
-1.508
-1.072
-1.164
-0.572
-1.22
-0.86
-0.872
-0.788
-1.228
-1.348
-0.98
-1.476
-0.876
-1.484
-0.876
-1.032
-0.896
-0.672
-0.684
-1.02
-0.972
-0.536
-1.068
-1.568
-0.984
-1.216
-0.936
-1.04
-0.54
-0.8
-1.128
-0.988
-0.644
-0.46
-1.076
-1.044
-0.864
-1.092
-1.288
-1.184
-0.604
-1.236
-1.22
-1.296
-0.564
-1.46
-0.86
-1.744
-0.592
-1.22
-0.68
-1.228
-0.916
-1.016
-1.344
-0.648
-0.572
-1.5
-1.044
-1.204
-1.196
-0.812
-1.052
-0.708
-1.072
-1.62
-1.092
-0.896
-1.384
-1.404
-0.972
-1.172
-1.212
-0.692
-1.16
-0.988
-0.576
-0.948
-1.532
-1.164
-0.888
-0.872
-0.724
-0.932
-1.076
-0.62
-1.452
-0.388
-0.628
-0.712
-1.272
-0.648
-0.808
-1.056
-1.088
-1.136
-0.94
-0.96
-1.672
-1.0
-0.972
-0.832
-1.652
-0.876
-1.268
-1.32
-0.928
-0.668
-0.84
-1.036
-1.3
-1.172
-1.468
-1.128
-0.78
-0.5
-1.64
-0.296
-1.2
-1.328
-0.844
-0.756
-1.528
-0.94
-1.004
-0.904
-0.9
-1.512
-0.956
-0.808
-0.896
-0.872
-1.468
-0.708
-1.732
-1.208
-0.964
-1.468
-0.7
-1.044
-1.248
-1.144
-0.928
-1.676
-0.496
-0.72
-1.02
-1.4
-1.628
-0.964
-0.316
-1.372
-1.324
-0.6
-1.612
-0.292
-1.04
-1.052
-1.112
-1.316
-1.356
-1.056
-0.572
-1.176
-0.544
-1.744
-0.948
-1.096
-1.208
-0.98
-1.26
-0.98
-0.96
-0.88
-0.984
-1.392
-1.368
-1.008
-1.056
-0.86
-1.372
-0.972
-0.76
-1.316
-0.316
-1.368
-1.104
-1.04
-1.708
-0.504
-1.688
-0.46
-1.136
-1.4
-0.42
-1.524
-0.2
-1.516
-1.528
-0.944
-0.576
-1.308
-0.804
-1.5
-0.952
-1.316
-0.524
-1.84
-1.488
-0.484
-1.124
-1.432
-0.848
-1.408
-0.992
-1.008
-1.232
-1.412
-1.424
-0.812
-1.232
-1.188
-0.804
-1.396
-0.732
-1.212
-1.612
-1.392
-1.024
-0.696
-1.196
-1.224
-0.7
-1.452
-1.132
-0.972
-1.524
-1.012
-1.44
-0.664
-1.12
-1.02
-1.4
-0.136
-1.68
-0.288
-1.26
-0.896
-0.688
-1.36
-1.396
-0.728
-0.784
-0.696
-1.372
-0.816
-1.032
-1.144
-1.096
-1.404
-1.616
-1.12
-1.332
-0.48
-0.86
-0.844
-1.452
-1.024
-1.128
-0.436
-1.568
-0.908
-1.304
-0.66
-0.852
-0.688
-1.38
-0.584
-1.36
-0.924
-0.696
-1.316
-0.696
-0.724
-1.02
-0.624
-1.556
-1.124
-1.444
-0.58
-0.74
-0.616
-1.244
-0.572
-0.996
-1.068
-1.604
-0.552
-1.268
-0.532
-1.42
-0.828
-0.648
0.168
-1.368
-0.288
-0.768
-1.736
-0.796
-1.824
-0.676
-1.14
-0.776
-1.64
-0.452
-0.696
-0.316
-1.552
-0.72
-1.444
-0.928
-1.388
-0.632
-0.928
-1.26
-0.412
-1.748
-0.856
-1.084
-0.704
-0.82
-1.64
-1.212
-1.352
-0.368
-0.676
-1.268
-1.428
-0.644
-1.2
-0.924
-1.144
-0.124
-1.216
-1.348
-1.14
-1.32
-0.86
-0.9
-0.48
-1.564
-0.54
-1.176
-0.532
-1.756
-0.516
-1.24
-0.896
-0.812
-1.424
-0.676
-0.996
-0.36
-1.252
-0.852
-1.212
-0.404
-1.004
-1.188
-0.956
-1.188
-0.812
-1.416
-1.172
-0.992
-1.252
-1.356
-0.808
-0.516
-0.484
-1.296
-1.0
-1.216
-0.552
-1.036
-1.132
-1.188
-0.664
-1.284
-1.144
-0.54
-1.28
-0.704
-1.784
-0.276
-0.82
-1.372
-0.76
-1.02
-0.796
-1.332
-0.684
-0.668
-1.056
-0.768
-0.868
-1.632
-0.748
-1.248
-0.608
-1.16
-0.812
-0.488
-0.672
-0.844
-0.66
-1.3
-0.432
-1.152
-1.132
-1.516
-0.788
-1.16
-0.964
-0.82
-1.496
-0.648
-0.904
-1.128
-0.92
-0.716
-0.628
-1.68
-1.696
-0.572
-1.056
-0.808
-0.78
-1.28
-1.288
-1.128
-0.584
-0.944
-1.304
-1.388
-0.464
-0.968
-1.484
-0.664
-1.124
-0.932
-0.736
-1.104
-0.908
-1.188
-1.2
-0.868
-1.296
-0.864
-0.808
-0.908
-0.58
-0.768
-1.04
-1.26
-1.228
-1.3
-1.18
-1.152
-0.948
-0.56
-0.836
-1.024
-1.128
-0.932
-1.156
-1.112
-0.796
-0.836
-1.348
-0.808
-0.708
-0.852
-1.212
-0.868
-1.284
-1.184
-1.344
-1.12
-1.104
-0.736
-0.952
-1.08
-1.172
-0.924
-1.344
-1.188
-0.324
-0.82
-0.336
-1.372
-1.784
-0.856
-1.212
-0.764
-0.82
-0.888
-1.5
-0.92
-1.052
-0.692
-1.556
-0.584
-0.564
-1.192
-1.944
-0.924
-1.12
-1.448
-0.728
-1.26
-0.7
-1.02
-1.212
-0.924
-1.204
-0.912
-1.376
-0.752
-0.66
-1.216
-0.8
-0.68
-1.304
-0.496
-0.68
-1.436
-0.992
-1.084
-0.772
-0.604
-1.652
-1.064
-1.24
-0.76
-1.616
-1.16
-1.128
-1.228
-1.496
-0.768
-0.86
-1.316
-1.708
-0.808
-1.08
-0.928
-0.884
-1.184
-0.7
-1.272
-0.656
-1.164
-1.168
-1.044
-1.096
-0.972
-0.908
-1.12
-0.62
-0.468
-1.36
-0.924
-1.004
-1.76
-0.964
-1.824
-0.552
-1.484
-1.184
-0.904
-1.076
-1.016
-1.216
-1.156
-1.328
-0.936
-1.064
-1.256
-0.404
-0.432
-1.144
-0.42
-1.736
-0.816
-1.244
-0.792
-0.652
-1.044
-1.472
-0.484
-0.92
-1.108
-1.296
-1.128
-1.14
-1.296
-0.572
-1.312
-1.004
-1.332
-0.84
-0.956
-1.112
-1.316
-0.76
-1.344
-1.476
-0.68
-1.14
-1.132
-0.68
-0.8
-1.32
-1.032
-0.96
-1.096
-1.08
-1.328
-0.992
-0.716
-1.008
-0.98
-1.236
-1.08
-1.08
-0.676
-0.596
-1.516
-0.94
-1.336
-1.328
-1.156
-1.408
-0.524
-1.244
-1.232
-1.416
-0.92
-1.596
-0.808
-1.312
-0.984
-1.236
-1.2
-0.988
-0.768
-1.568
-0.288
-0.864
-1.84
-0.7
-0.788
-1.368
-1.404
-0.976
-0.66
-1.336
-1.048
-1.04
-1.184
-0.836
-1.112
-1.12
-0.904
-0.724
-0.864
-0.952
-0.784
-1.252
-0.744
-1.38
-0.624
-1.212
-0.916
-0.768
-1.112
-0.796
-1.048
-0.964
-1.428
-1.652
-1.084
-0.928
-1.036
-0.828
-1.184
-0.908
-1.064
-1.352
-1.152
-1.176
-1.044
-0.508
-1.208
-1.048
-1.064
-0.884
-1.44
-0.724
-1.468
-0.844
-0.712
-0.784
-1.008
-1.06
-0.58
-1.208
-1.1
-0.984
-1.244
0.112
-1.4
-0.884
-0.872
-0.596
-1.688
-1.024
-1.372
-0.596
-0.928
-0.724
-0.96
-1.352
-0.588
-1.084
-1.316
-0.548
-1.256
-0.896
-0.568
-1.016
-1.048
-1.08
-1.0
-1.216
-1.304
-1.272
-1.276
-0.988
-1.192
-1.18
-1.2
-0.316
-1.092
-0.344
-1.144
-0.684
-0.74
-1.268
-0.912
-0.996
-1.26
-1.144
-0.62
-1.552
-1.04
-1.072
-0.568
-0.876
-0.992
-0.852
-1.156
-0.676
-0.68
-1.036
-1.064
-0.56
-0.28
-1.872
-0.436
-1.316
-0.472
-1.692
-1.116
-1.372
-0.84
-0.724
-1.068
-0.78
-1.712
-1.12
-1.048
-1.136
-0.504
-1.008
-1.396
-0.876
-1.18
-0.568
-0.88
-1.28
-1.124
-0.636
-1.224
-0.988
-0.552
-1.476
-0.54
-1.66
-0.496
-1.4
-1.316
-1.1
-0.48
-1.78
-1.028
-1.576
-0.544
-1.46
-0.82
-0.712
-1.116
-1.808
-0.616
-0.56
-1.084
-1.22
-1.208
-1.136
-1.292
-1.372
-0.844
-0.84
-1.14
-0.68
-1.068
-1.244
-0.848
-0.704
-1.24
-1.292
-1.1
-0.928
-1.272
-1.12
-0.9
-1.0
-0.748
-0.86
-1.032
-0.596
-1.072
-1.08
-0.684
-0.888
-1.096
-0.796
-1.42
-1.032
-0.608
-0.84
-1.176
-0.9
-1.56
-1.516
-0.396
-1.32
-1.036
-0.744
-0.996
-0.948
-0.804
-1.324
-0.688
-1.004
-0.8
-0.292
-0.744
-0.996
-0.896
-1.14
-0.612
-1.072
-0.86
-1.656
-0.868
-0.244
-0.832
-1.04
-1.0
-1.636
-1.144
-0.876
-1.356
-0.88
-0.956
-1.364
-1.076
-0.52
-1.372
-1.084
-1.172
-0.84
-1.08
-1.136
-1.372
-0.416
-1.024
-1.124
-0.908
-0.648
-1.484
-0.588
-1.236
-0.816
-0.936
-1.116
-1.416
-0.968
-1.284
-1.124
-1.364
-0.948
-0.32
-1.632
-1.072
-0.844
-0.94
-1.448
-1.056
-0.8
-1.08
-0.76
-1.4
-1.612
-1.064
-0.896
-1.048
-0.608
-1.048
-1.04
-0.932
-0.396
-0.9
-1.332
-0.98
-0.704
-1.296
-1.332
-0.596
-1.488
-0.824
-1.488
-0.788
-0.932
-1.272
-0.696
-1.164
-1.448
-0.672
-1.328
-1.248
-1.14
-0.744
-0.872
-1.124
-1.584
-1.376
-1.2
-0.688
-0.66
-1.488
-0.908
-1.28
-0.956
-1.132
-1.056
-0.708
-1.152
-1.1
-1.276
-1.036
-1.62
-0.868
-0.948
-1.44
-1.008
-0.484
-0.82
-0.2
-0.6
-0.592
-1.388
-0.504
-1.172
-1.06
-1.364
-0.404
-1.108
-0.92
-0.964
-1.084
-1.22
-1.684
-0.632
-1.18
-0.96
-1.208
-0.896
-1.12
-0.724
-1.072
-1.368
-0.68
-1.252
-1.584
-0.524
-1.584
-0.864
-0.896
-0.944
-0.456
-1.628
-1.548
-1.036
-0.312
-0.532
-1.304
-0.424
-1.492
-1.32
-0.416
-1.12
-1.136
-1.612
-0.52
-1.184
-1.32
-1.488
-1.304
-0.904
-0.996
-1.0
-0.74
-1.032
-0.828
-0.764
-1.536
-0.684
-0.916
-1.688
-0.844
-0.78
-0.776
-1.532
-0.984
-1.132
-0.98
-1.076
-1.036
-0.96
-0.948
-1.724
-0.304
-1.44
-0.8
-0.724
-0.896
-1.692
-0.14
-1.12
-0.664
-0.944
-0.628
-0.648
-1.412
-0.652
-0.892
-1.508
-0.936
-0.472
-1.308
-1.324
-1.212
-0.584
-1.492
-1.264
-1.82
-0.004
-1.324
-0.956
-0.668
-0.504
-0.252
-1.552
-0.236
-1.42
-1.04
-0.908
-1.244
-0.364
-1.748
-1.06
-1.588
-0.712
-0.804
-1.628
-0.956
-1.416
-1.088
-1.524
-1.156
-1.06
-1.052
-1.628
-1.192
-1.46
-0.74
-0.676
-1.064
-0.484
-1.316
-0.336
-0.656
-1.348
-1.548
-1.004
-0.988
-1.024
-0.812
-1.356
-0.8
-0.872
-1.012
-1.3
-0.224
-1.54
-0.772
-1.216
-0.364
-1.048
-1.168
-1.216
-0.86
-0.872
-1.04
-0.916
-0.808
-1.128
-0.644
-0.588
-1.5
-1.504
-0.904
-1.132
-1.124
-0.616
-1.368
-1.02
-1.276
-1.036
-0.952
-0.76
-1.468
-0.78
-1.664
-0.472
-0.316
-0.804
-0.972
-1.12
-0.76
-1.76
-1.388
-0.96
-0.108
-1.132
-0.588
-1.052
-0.852
-1.516
-1.54
-1.104
-0.772
-1.476
-0.952
-0.604
-0.768
-0.428
-1.404
-1.176
-1.076
-0.68
-1.572
-1.068
-0.588
-1.524
-0.868
-0.86
-1.024
-1.044
-0.636
-0.736
-0.364
-1.076
-0.712
-1.652
-1.096
-0.672
-1.152
-0.748
-0.944
-0.944
-0.956
-0.928
-1.096
-0.944
-1.816
-1.148
-1.192
-0.444
-0.816
-1.52
-1.584
-0.648
-0.804
-1.416
-1.156
-1.036
-1.02
-1.312
-1.272
-1.048
-0.956
-0.984
-1.412
-0.6
-1.028
-0.704
-1.032
-1.92
-0.872
-0.756
-0.968
-1.264
-1.072
-1.52
-0.492
-1.236
-0.84
-0.936
-1.712
-0.824
-1.388
-1.044
-1.348
-0.52
-1.284
-0.652
-1.624
-0.552
-0.892
-1.4
-0.8
-1.352
-0.692
-1.464
-1.008
-1.008
-1.112
-0.612
-0.844
-1.156
-0.824
-0.732
-0.636
-1.176
-0.756
-1.56
-0.452
-1.068
-1.1
-1.036
-1.2
-1.292
-1.024
-1.588
-1.128
-1.504
-0.556
-1.252
-1.316
-1.168
-0.872
-1.188
-0.74
-0.696
-1.668
-0.968
-1.732
-0.452
-1.052
-0.816
-0.864
-1.5
-1.116
-0.728
-1.296
-1.112
-0.456
-1.128
-0.996
-0.42
-0.872
-0.184
-0.764
-0.74
-1.452
-0.52
-1.056
-0.876
-1.28
-1.06
-1.672
-0.448
-0.98
-1.628
-0.072
-0.72
-0.988
-1.28
-0.456
-1.856
-1.096
-0.524
-1.456
-0.76
-0.78
-1.348
-0.5
-1.924
-1.412
-0.664
-1.396
-1.152
-1.08
-0.584
-1.252
-1.184
-0.992
-1.488
-0.804
-0.86
-0.96
-0.64
-1.0
-1.428
-0.94
-0.604
-1.264
-0.94
-0.82
-0.532
-1.432
-0.744
-1.024
-0.588
-0.504
-0.972
-1.064
-0.568
-1.148
-1.26
-0.956
-1.464
-1.088
-1.344
-0.88
-1.192
-1.108
-0.916
-1.452
-0.968
-0.98
-1.564
-0.756
-0.676
-1.132
-1.42
-1.184
-1.04
-0.564
-1.172
-1.16
-0.632
-0.932
-1.464
-1.044
-1.236
-1.116
-0.976
-1.148
-0.928
-0.928
-1.744
-0.8
-1.56
-1.192
-0.88
-0.876
-0.86
-0.636
-1.276
-1.124
-0.74
-0.884
-1.128
-1.092
-1.176
-1.148
-0.8
-0.248
-0.816
-0.416
-1.476
-1.264
-0.444
-0.98
-1.032
-1.1
-0.788
-1.032
-0.376
-0.936
-1.144
-1.688
-0.2
-0.784
-1.464
-0.98
-1.756
-0.624
-1.712
-0.636
-1.696
-0.524
-1.904
-0.808
-0.816
-0.96
-1.456
-1.012
-1.036
-0.612
-1.168
-1.256
-0.664
-1.372
-0.808
-1.58
-1.352
-1.064
-0.692
-1.268
-0.748
-0.832
-1.012
-1.648
-0.972
-1.136
-1.088
-1.172
-0.6
-1.288
-1.14
-1.012
-0.58
-1.068
-0.86
-0.596
-1.64
-1.144
-0.828
-0.852
-0.848
-0.512
-1.112
-1.216
-1.472
-1.552
-1.156
-0.708
-1.104
-0.688
-0.488
-1.32
-0.828
-0.572
-0.952
-0.968
-1.444
-1.54
-1.088
-1.12
-1.612
-0.976
-1.164
-0.936
-1.032
-0.688
-1.04
-1.448
-1.136
-1.0
-1.116
-1.164
-1.316
-0.652
-1.12
-0.668
-0.84
-0.92
-0.828
-1.28
-0.796
-1.06
-1.476
-0.22
-1.576
-0.252
-1.396
-1.124
-0.612
-1.276
-1.112
-0.264
-1.084
-0.476
-1.716
-1.324
-0.232
-1.54
-1.348
-0.74
-0.968
-1.164
-1.28
-0.536
-0.94
-1.32
-0.996
-0.94
-1.036
-0.596
-0.648
-1.384
-1.492
-0.98
-0.784
-1.7
-1.44
-0.844
-0.692
-1.104
-0.52
-1.58
-0.76
-0.952
-1.02
-1.1
-0.784
-0.664
-0.756
-1.728
-0.696
-1.296
-1.568
-1.156
-0.928
-1.012
-0.68
-0.888
-0.64
-1.344
-0.66
-1.232
-0.84
-1.624
-0.232
-1.284
-1.472
-1.168
-1.296
-1.332
-0.2
-1.18
-1.04
-1.292
-0.672
-0.932
-1.064
-0.632
-1.2
-1.056
-0.384
-0.424
-1.408
-0.532
-1.092
-1.364
-1.456
-0.68
-1.308
-0.552
-1.248
-1.276
-1.16
-1.02
-1.108
-1.1
-0.724
-0.872
-0.688
-0.932
-1.072
-0.36
-1.412
-1.356
-1.452
-0.928
-0.6
-1.372
-0.804
-0.892
-0.844
-0.952
-1.04
-0.844
-1.128
-0.88
-1.272
-0.824
-0.96
-1.472
-0.8
-0.784
-1.156
-0.416
-1.404
-0.784
-1.432
-1.412
-0.616
-1.076
-0.436
-1.148
-1.4
-0.62
-0.572
-1.168
-0.692
-0.38
-1.144
-0.976
-1.424
-1.048
-0.86
-1.072
-0.268
-0.188
-1.776
-0.592
-1.016
-0.676
-1.164
-1.236
-1.212
-1.184
-0.592
-1.496
-1.724
-0.152
-1.644
-1.852
-1.512
-0.332
-1.74
-0.916
-1.392
-0.568
-1.3
-0.916
-1.084
-0.836
-1.668
-1.136
-1.32
-1.264
-1.112
-0.736
-1.216
-0.888
-1.096
-1.612
-0.976
-1.076
-0.944
-1.46
-1.22
-1.08
-0.844
-0.932
-0.464
-1.72
-1.4
-0.46
-1.652
-0.792
-0.84
-1.568
-0.468
-1.408
-0.404
-1.092
-1.12
-0.644
-0.612
-1.668
-0.972
-1.352
-1.592
-0.432
-1.348
-1.368
-1.064
-1.104
-1.008
-0.64
-1.156
-1.12
-1.044
-0.624
-0.696
-1.224
-0.8
-0.884
-1.192
0.0
-0.412
-1.624
-0.808
-1.396
-1.1
-1.052
-1.0
-1.296
-1.284
-0.852
-1.176
-0.716
-1.8
-1.168
-1.172
-0.496
-1.448
-0.872
-1.292
-1.036
-0.812
-1.1
-1.348
-0.412
-0.964
-1.308
-0.884
-0.844
-1.876
-0.756
-0.916
-0.88
-1.332
-0.892
-0.952
-0.776
-1.272
-1.136
-0.412
-1.16
-0.74
-0.788
-1.352
-1.188
-1.224
-0.592
-1.228
-0.272
-0.916
-0.808
-0.912
-1.492
-1.328
-1.3
-0.704
-1.332
-0.868
-1.016
-1.548
-1.42
-0.588
-1.028
-1.004
-1.596
-1.192
-1.076
-0.552
-0.872
-0.924
-1.324
-1.176
-0.76
-1.236
-0.636
-0.648
-1.552
-0.828
-0.568
-0.48
-1.276
-0.444
-1.024
-1.064
-1.064
-1.004
-0.816
-0.752
-1.08
-1.444
-1.664
-1.636
-0.568
-1.372
-0.58
-0.524
-1.084
-1.188
-1.352
-0.756
-1.048
-0.528
-1.136
-1.076
-0.864
-0.736
-1.02
-1.088
-1.192
-0.708
-1.192
-1.34
-1.496
-0.032
-1.552
-0.484
-0.892
-1.54
-0.252
-1.144
-0.644
-1.608
-0.804
-1.112
-1.248
-0.596
-0.712
-1.396
-1.232
-0.304
-1.524
-1.656
-0.608
-1.0
-0.836
-1.448
-1.112
-1.32
-0.456
-1.332
-0.62
-0.76
-0.8
-0.612
-1.752
-1.324
-0.92
-1.096
-0.724
-1.128
-0.772
-1.3
-0.6
-0.944
-0.568
-1.04
-1.272
-1.536
-1.364
-1.068
-1.304
-0.94
-0.552
-0.828
-1.212
-0.976
-0.98
-1.188
-1.22
-0.7
-0.828
-1.196
-0.716
-1.712
-0.888
-1.504
-1.076
-1.064
-1.544
-0.64
-0.64
-1.3
-0.656
-1.26
-1.036
-1.004
-1.108
-0.628
-0.808
-1.2
-1.164
-1.168
-1.076
-0.556
-0.98
-1.248
-1.128
-1.032
-1.552
-0.912
-0.588
-0.528
-1.08
-1.372
-0.688
-0.86
-1.552
-0.436
-0.916
-1.284
-1.044
-0.592
-0.764
-1.092
-0.808
-0.992
-1.304
-1.52
-1.024
-1.444
-0.928
-0.376
-1.2
-0.984
-0.82
-1.24
-1.136
-1.036
-0.996
-1.204
-1.132
-0.688
-0.992
-1.264
-0.688
-0.672
-0.792
-0.244
-1.292
-0.692
-0.34
-0.856
-1.148
-1.064
-0.652
-0.052
-1.092
-0.196
-1.844
-0.52
-0.76
-1.768
-1.344
-0.876
-0.792
-1.54
-0.584
-1.328
-0.812
-0.196
-1.46
-1.376
-0.724
-0.64
-0.6
-1.184
-0.992
-1.184
-1.2
-0.736
-1.608
-1.212
-0.408
-1.32
-0.788
-1.236
-1.348
-1.188
-0.672
-1.28
-0.544
-0.896
-1.332
-1.292
-1.336
-1.208
-1.048
-1.072
-0.296
-0.46
-0.636
-1.428
-0.656
-0.732
-0.724
-0.964
-1.032
-1.22
-1.172
-0.444
-1.612
-1.58
-1.336
-0.824
-1.236
-1.364
-0.908
-0.968
-0.444
-1.196
-0.456
-1.688
-1.188
-0.412
-1.024
-0.556
-1.336
-0.732
-0.676
-1.468
-0.892
-0.736
-1.564
-1.38
-1.308
-1.048
-0.972
-1.076
-1.332
-1.288
-0.616
-1.192
-1.124
-1.324
-0.96
-1.232
-0.784
-1.28
-0.796
-1.284
-1.496
-1.124
-0.88
-1.356
-1.604
-0.468
-1.08
-1.008
-0.884
-1.08
-0.68
-1.532
-0.86
-0.6
-1.004
-1.02
-1.544
-1.044
-1.368
-0.932
-1.708
-0.296
-1.676
-0.22
-0.504
-1.648
-0.608
-1.196
-0.872
-1.392
-0.916
-0.712
-0.864
-1.004
-0.964
-1.112
-1.012
-0.812
-1.556
-0.656
-0.92
-0.932
-1.064
-0.132
-1.38
-0.492
-0.964
-1.46
-0.92
-1.732
-0.936
-1.34
-0.788
-1.3
-0.348
-1.02
-0.648
-0.844
-1.452
-0.6
-0.808
-1.18
-0.7
-0.7
-0.876
-1.956
-0.964
-0.276
-0.628
-0.604
-0.912
-0.772
-1.496
-0.348
-1.864
-1.524
-0.948
-1.02
-1.572
-1.132
-1.244
-1.384
-0.824
-0.896
-0.596
-1.268
-0.868
-0.756
-1.096
-0.604
-1.144
-0.932
-0.812
-0.804
-0.68
-0.984
-0.676
-0.832
-0.568
-0.76
-1.1
-0.924
-1.236
-1.0
-0.992
-1.58
-1.392
-0.696
-1.22
-0.648
-1.116
-1.252
-1.156
-1.176
-1.196
-1.18
-1.032
-0.62
-1.1
-1.404
-1.372
-1.368
-0.544
-1.272
-0.588
-0.956
-0.936
-0.98
-1.1
-0.612
-0.92
-1.228
-0.776
-1.196
-0.756
-1.024
-1.236
-1.204
-0.736
-1.056
-1.268
-0.948
-1.116
-0.756
-0.796
-0.964
-1.14
-0.536
-0.868
-0.964
-1.176
-1.076
-1.364
-1.236
-1.504
-0.892
-1.408
-0.968
-0.44
-1.456
-0.68
-1.148
-1.464
-1.008
-1.072
-0.544
-1.14
-0.464
-0.832
-1.488
-1.376
-1.244
-0.996
-1.224
-1.2
-0.976
-0.704
-1.036
-0.828
-1.216
-0.976
-0.984
-0.64
-1.384
-1.344
-0.792
-0.856
-0.888
-1.5
-1.144
-0.568
-1.28
-0.772
-0.996
-1.468
-0.968
-1.008
-1.472
-1.056
-0.764
-0.948
-1.028
-1.208
-1.764
-1.248
-0.888
-1.152
-0.604
-1.016
-0.552
-1.58
-1.112
-0.804
-1.652
-0.464
-1.044
-1.1
-0.648
-0.668
-1.42
-0.516
-1.128
-1.192
0.056
-0.492
-0.576
-1.48
-1.112
0.1
-0.908
-1.112
-1.396
-0.264
-1.652
-1.108
-1.152
-1.4
-1.212
-0.48
-1.276
-0.576
-1.024
-1.624
-0.664
-1.404
-1.204
-0.592
-1.076
-1.52
-1.284
-0.656
-0.896
-0.736
-1.672
-1.108
-1.044
-1.016
-0.672
-1.016
-0.94
-1.204
-1.204
-1.096
-1.428
-0.756
-0.844
-1.196
-1.14
-1.236
-0.836
-0.74
-1.428
-0.812
-1.044
-0.252
-1.204
-0.988
-0.996
-0.992
-1.416
-0.944
-1.136
-0.864
-0.864
-1.028
-1.02
-1.34
-1.004
-1.032
-1.196
-0.544
-1.288
-1.192
-0.992
-1.296
-0.944
-0.864
-1.004
-0.844
-1.004
-0.896
-1.124
-1.316
-0.624
-1.544
-1.2
-0.624
-1.248
-0.752
-0.932
-1.496
-0.856
-0.776
-0.992
-0.564
-1.252
-1.384
-0.824
-1.432
-1.216
-1.136
-1.724
-0.724
-1.188
-1.276
-0.876
-0.752
-1.444
0.22
-1.24
-0.516
-1.064
-0.972
-1.312
-0.96
-1.092
-1.144
-1.116
-0.624
-1.508
-0.792
-1.116
-1.196
-0.576
-0.38
-1.504
-1.872
-0.348
-1.28
-1.116
-0.568
-0.784
-1.108
-0.896
-0.772
-0.652
-0.244
-1.124
-0.852
-1.168
-0.784
-0.812
-0.984
-1.232
-0.992
-1.316
-1.192
-0.608
-1.004
-0.764
-0.212
-1.188
-0.944
-0.984
-0.608
-1.34
-0.768
-1.116
-1.7
-0.98
-0.768
-1.188
-0.528
-1.232
-1.24
-1.04
-0.96
-1.0
-0.812
-0.764
-0.8
-1.24
-1.108
-1.3
-0.948
-0.652
-1.212
-0.884
-1.048
-1.088
-0.972
-0.56
-1.064
-0.976
-1.7
-0.472
-1.5
-0.928
-1.092
-1.092
-1.16
-1.548
-0.404
-1.192
-1.12
-0.72
-0.528
-0.664
-1.536
-1.144
-1.1
-0.94
-1.064
-0.996
-0.74
-1.588
-1.052
-0.52
-1.088
-1.764
-1.116
-0.944
-1.412
-1.46
-0.664
-0.624
-1.108
-0.76
-0.864
-1.352
-0.98
-0.976
-1.06
-1.236
-1.452
-0.676
-0.896
-1.1
-0.76
-1.032
-1.316
-1.176
-0.312
-0.888
-0.88
-0.884
-1.552
-1.056
-1.092
-0.816
-1.02
-1.344
-0.532
-1.264
-1.172
-0.712
-1.228
-1.244
-1.204
-0.56
-1.172
-0.992
-0.732
-1.356
-1.272
-1.664
-0.908
-1.036
-1.032
-1.048
-1.156
-0.644
-1.416
-1.14
-0.512
-1.184
-1.184
-1.084
-0.756
-0.816
-1.348
-1.524
-0.824
-1.636
-0.932
-1.096
-0.744
-1.26
-0.98
-0.952
-1.12
-1.312
-1.22
-1.36
-0.756
-1.472
-0.504
-0.852
-0.924
-1.656
-0.424
-1.416
-0.984
-1.768
-1.348
-0.232
-1.328
-1.048
-0.748
-0.688
-0.792
-1.22
-0.816
-0.568
-1.168
-0.568
-1.228
-0.848
-1.34
-0.796
-1.348
-1.028
-0.344
-1.092
-1.452
-0.64
-0.548
-0.712
-1.028
-1.192
-1.016
-0.784
-0.812
-0.736
-0.628
-1.144
-1.86
-0.784
-0.432
-0.676
-1.424
-1.272
-0.764
-0.576
-1.728
-0.94
-1.212
-0.828
-1.104
-0.84
-0.752
-1.176
-0.2
-1.536
-0.336
-0.984
-0.88
-0.336
-1.604
-0.892
-1.716
-1.072
-0.952
-0.392
-1.348
-1.1
-0.976
-1.436
-0.52
-1.628
-0.636
-1.356
-1.056
-1.292
-1.144
-1.308
-1.372
-0.148
-1.416
-0.772
-0.604
-0.872
-1.072
-0.492
-1.552
-1.524
-0.732
-0.404
-0.924
-0.196
-0.58
-1.436
-0.976
-1.012
-0.592
-0.812
-1.308
-0.48
-1.684
-1.196
-0.972
-1.272
-1.268
-0.572
-1.604
-0.608
-0.616
-1.056
-1.668
-0.796
-1.776
-1.032
-0.748
-1.78
-1.34
-0.452
-0.764
-0.888
-1.072
-0.368
-1.976
-0.26
-1.316
-0.648
-1.4
-0.844
-1.628
-0.452
-1.088
-1.248
-0.576
-1.312
-1.02
-1.82
-0.648
-1.056
-0.844
-1.044
-1.2
-0.84
-1.452
-1.152
-0.76
-0.792
-0.852
-0.408
-1.236
-0.952
-0.704
-0.624
-1.72
-0.624
-0.876
-0.936
-0.88
-1.172
-0.196
-0.788
-1.3
-1.108
-0.784
-1.06
-0.76
-1.136
-1.096
-1.816
-1.04
-1.04
-0.612
-0.908
-0.888
-1.012
-0.472
-1.636
-1.192
-1.092
-1.192
-1.216
-1.224
-0.492
-0.972
-1.328
-0.888
-0.948
-1.484
-0.66
-0.716
-1.176
-1.04
-0.888
-0.756
-0.804
-1.32
-1.128
-1.168
-0.728
-1.084
-0.824
-1.12
-0.992
-1.156
-0.728
-0.784
-1.032
-1.36
-0.52
-1.456
-0.836
-1.168
-0.696
-1.716
-1.192
-0.804
-0.856
-0.908
-0.888
-1.284
-1.048
-1.164
-1.368
-1.052
-1.316
-0.736
-0.704
-1.22
-1.092
-0.776
-1.052
-0.952
-1.216
-0.956
-0.82
-0.852
-0.828
-0.84
-1.244
-1.296
-0.74
-1.004
-1.088
-0.96
-0.816
-0.828
-1.232
-1.084
-0.648
-1.0
-1.184
-0.684
-1.064
-0.808
-0.744
-1.252
-1.148
-1.388
-1.432
-0.6
-1.004
-1.536
-0.612
-0.868
-1.252
-1.02
-1.292
-0.9
-0.696
-1.016
-1.408
-1.192
-0.456
-1.1
-0.944
-1.136
-0.832
-1.116
-0.844
-1.316
-0.464
-0.768
-1.316
-1.328
-1.436
-0.62
-1.608
-0.58
-0.964
-0.936
-0.708
-0.96
-0.708
-1.168
-0.924
-1.692
-1.132
-1.276
-0.56
-1.496
-0.992
-1.26
-1.136
-1.52
-1.62
-1.136
-0.62
-1.088
-0.396
-1.18
-0.916
-1.004
-1.12
-1.124
-1.156
-1.124
-1.128
-1.34
-1.436
-0.792
-1.632
-0.844
-0.296
-1.188
-0.808
-1.336
-0.668
-1.488
-1.396
-0.8
-0.656
-1.056
-1.588
-0.748
-1.3
-1.012
-1.216
-1.076
-1.36
-1.052
-1.396
-1.108
-1.148
-0.8
-0.756
-1.7
-1.04
-1.548
-1.348
-1.292
-0.636
-0.248
-1.332
-1.696
-0.768
-1.508
-1.336
-0.412
-1.304
-0.944
-1.004
-1.324
-0.332
-1.324
-0.74
-1.316
-0.708
-1.876
-0.588
-0.736
-1.752
-0.632
-1.084
-1.42
-1.408
-0.768
-0.988
-0.94
-0.808
-0.816
-0.66
-1.116
-1.104
-1.296
-0.096
-1.692
-0.428
-1.116
-0.648
-0.492
-1.264
-1.268
-1.372
-0.672
-1.74
-0.476
-0.116
-1.048
-0.868
-1.224
-0.612
-1.196
-0.756
-1.084
-0.888
-1.392
-1.488
-1.288
-1.46
-1.1
-0.648
-1.776
-0.88
-0.832
-1.568
-0.556
-0.904
-0.156
-1.34
-1.872
-0.604
-0.228
-0.788
-0.172
0.036
-1.7
-0.636
-0.728
-1.016
-1.044
-0.796
-0.964
-0.844
-1.22
-1.2
-0.532
-1.716
-0.568
-0.292
-0.984
-0.732
-0.58
-1.184
-1.156
-0.66
-1.636
-0.984
-1.336
-0.488
-1.368
-1.012
-0.816
-0.824
-1.288
-0.764
-1.16
-0.716
-1.104
-1.28
-0.28
-0.94
-1.508
-1.356
-0.62
-0.944
-0.484
-1.312
-0.888
-0.796
-1.168
-0.432
-1.352
-0.92
-1.212
-0.78
-1.188
-1.24
-0.512
-1.108
-1.108
-0.704
-0.864
-0.992
-0.616
-1.488
-1.024
-0.912
-1.064
-1.448
-1.296
-0.96
-0.552
-1.508
-0.892
-0.908
-1.14
-1.068
-0.748
-1.356
-0.92
-0.956
-0.932
-1.052
-1.512
-0.776
-1.164
-1.368
-0.852
-1.1
-0.916
-1.016
-0.972
-1.316
-0.392
-1.472
-0.836
-1.32
-1.644
-0.912
-0.648
-0.952
-0.648
-1.028
-0.576
-0.588
-1.632
-0.132
-1.812
-0.856
-1.28
-1.412
-0.54
-1.696
-0.692
-1.456
-0.984
-1.088
-1.188
-1.152
-0.964
-1.008
-1.272
-0.984
-0.88
-0.984
-1.5
-1.732
-1.124
-1.424
-0.768
-1.032
-1.076
-0.828
-0.544
-1.408
-1.152
-0.828
-1.152
-1.044
-1.3
-1.048
-0.836
-1.664
-1.612
-0.564
-1.448
-1.308
-0.908
-1.372
-1.12
-0.732
-0.82
-0.96
-1.208
-1.2
-0.184
-1.46
-0.652
-1.38
-0.832
-0.972
-0.48
-1.488
-1.372
-0.92
-0.608
-1.556
-0.932
-1.176
-0.556
-1.028
-0.504
-1.244
-0.788
-1.152
-0.788
-1.072
-1.032
-1.396
-0.588
-1.1
-0.84
-0.384
-0.752
-1.508
-1.636
-0.396
-0.268
-1.116
-0.024
-1.44
-0.3
-1.252
-0.852
-1.344
-0.204
-1.26
-0.928
-1.376
-0.884
-0.936
-1.24
-1.388
-0.412
-0.572
-0.696
-0.74
-0.94
-1.284
-1.104
-1.32
-0.904
-0.552
-0.416
-1.28
-1.056
-1.132
-1.324
-0.768
-0.996
-0.836
-1.172
-1.7
-0.988
-1.332
-1.076
-1.0
-1.18
-1.032
-1.124
-0.26
-1.496
-0.948
-1.212
-1.552
-0.776
-0.84
-1.5
-1.22
-0.888
-1.748
-1.22
-0.764
-1.324
-1.148
-0.964
-0.892
-1.248
-1.096
-0.964
-1.588
-0.92
-0.936
-1.02
-0.94
-0.744
-0.836
-1.124
-0.636
-0.756
-1.052
-1.204
-0.636
-0.968
-1.2
-1.012
-1.388
-0.44
-1.408
-1.316
-1.084
-0.796
-0.984
-1.232
-0.904
-0.596
-1.168
-0.988
-0.712
-0.784
-1.468
-0.26
-1.144
-0.824
-0.756
-0.988
-0.824
-0.804
-0.8
-1.12
-0.796
-1.636
-1.176
-0.924
-1.272
-0.776
-0.808
-1.24
-1.088
-0.78
-0.672
-0.932
-0.692
-1.036
-1.168
-1.532
-0.9
-1.264
-0.676
-0.836
-0.964
-0.916
-1.328
-0.64
-0.86
-1.408
-0.832
-1.032
-1.092
-0.744
-1.032
-0.78
-1.436
-1.028
-0.492
-1.068
-1.112
-1.216
-0.42
-1.376
-1.088
-0.976
-0.888
-1.108
-1.204
-1.348
-1.148
-0.74
-1.156
-1.164
-1.604
-0.692
-0.544
-1.332
-1.116
-1.036
-1.316
-1.216
-1.812
-1.632
-0.712
-0.852
-1.32
-1.224
-0.936
-0.876
-0.872
-0.82
-1.06
-0.552
-1.664
-0.416
-0.212
-1.24
-0.372
-1.776
-0.66
-1.34
-1.344
-0.828
-0.764
-0.96
-1.032
-0.916
-1.084
-0.996
-0.924
-1.44
-0.184
-1.592
-1.916
-0.868
-1.48
0.032
-1.548
-0.768
-0.844
-0.5
-0.984
-0.972
-0.864
-1.012
-0.684
-0.68
-1.4
-0.784
-1.332
-1.164
-1.004
-1.5
-0.548
-1.232
-0.408
-0.584
-1.248
-1.068
-1.224
-1.104
-0.648
-1.72
-1.0
-1.14
-0.82
-1.316
-0.616
-0.912
-1.028
-1.252
-0.82
-0.64
-1.06
-1.272
-1.088
-0.556
-0.268
-0.972
-0.908
-0.984
-0.904
-0.5
-1.536
-0.968
-0.508
-0.744
-1.412
-1.064
-0.912
-1.192
-1.1
-0.86
-1.588
-0.924
-1.224
-1.48
-1.344
-0.636
-0.668
-1.232
-1.224
-1.248
-1.064
-1.1
-1.028
-1.012
-0.868
-1.172
-0.756
-0.924
-1.0
-1.612
-0.772
-1.008
-0.86
-0.88
-0.788
-0.512
-1.436
-0.444
-0.728
-0.712
-1.316
-1.064
-1.144
-0.752
-0.66
-1.116
-0.504
-0.204
-1.216
-0.484
-1.3
-1.18
-0.956
-1.848
-1.764
-0.948
-1.604
-1.016
-1.42
-0.816
-1.028
-1.32
-0.692
-1.156
-1.2
-0.54
-0.836
-0.756
-0.816
-0.98
-0.856
-1.856
-0.296
-1.34
-1.464
-0.668
-0.452
-0.788
-0.588
-0.932
-0.92
-1.216
-0.564
-1.272
-0.904
-0.94
-0.408
-1.588
-0.656
-1.112
-1.36
-1.22
-1.408
-1.096
-1.372
-0.82
-1.332
-1.328
-0.56
-0.952
-1.172
-0.872
-0.964
-0.312
-1.668
-0.476
-1.832
-0.18
-1.632
-0.592
-0.996
-0.86
-1.212
-1.396
-0.94
-0.612
-1.276
-0.74
-0.516
-1.44
-0.98
-1.032
-1.068
-0.304
-0.724
-1.508
-0.48
-0.94
-1.708
-1.496
-0.816
-0.808
-1.46
-1.14
-0.944
-1.388
-0.824
-0.908
-1.092
-1.628
-1.06
-0.8
-0.7
-1.364
-0.324
-1.184
-0.832
-0.328
-1.024
-0.964
-1.228
-1.288
-1.448
-1.344
-1.408
-0.488
-1.204
-0.452
-0.932
-1.744
-1.128
-1.364
-1.072
-1.032
-1.648
-0.628
-1.1
-1.016
-0.548
-0.296
-1.096
-1.208
-1.632
-0.576
-0.984
-1.532
-0.644
-0.544
-1.188
-0.764
-1.14
-0.028
-1.428
-0.392
-1.892
-0.764
0.172
-1.632
-0.572
-1.252
-1.376
-1.044
-0.824
-1.028
-0.596
-0.412
-1.708
-1.048
-0.952
-1.38
-0.612
-1.512
-0.472
-1.664
-1.004
-0.896
-0.58
-1.096
-1.396
-1.148
-1.22
-0.736
-1.24
-0.808
-0.78
-1.276
-1.044
-1.352
-0.368
-0.792
-1.748
-1.06
-0.668
-0.824
-1.276
-0.64
-1.108
-0.728
-1.424
-0.528
-1.056
-0.352
-0.916
-0.648
-1.628
-1.332
-1.224
-0.788
-0.904
-0.376
-0.64
-1.388
-1.112
-1.204
-0.972
-0.576
-0.568
-1.24
-1.168
-0.652
-1.564
-0.74
-1.096
-1.384
-1.132
-1.524
-0.724
-0.872
-0.952
-0.82
-0.68
-0.528
-1.068
-0.344
-0.872
-0.612
-1.64
-0.352
-1.372
-0.896
-1.1
-0.796
-1.036
-0.696
-1.68
-0.964
-0.72
-1.252
-1.036
-0.444
-1.784
-0.776
-0.528
-1.868
-0.64
-1.248
-0.676
-0.512
-1.408
-0.628
-1.404
-1.172
-0.944
-1.14
-0.756
-1.248
-0.712
-1.076
-1.104
-1.288
-1.244
-0.768
-0.98
-0.74
-1.7
-0.664
-0.98
-1.428
-1.792
-1.144
-1.476
-0.668
-1.4
-0.988
-0.964
-0.852
-0.168
-1.028
-1.14
-1.74
-0.66
-0.764
-1.34
-0.736
-1.176
-1.172
-0.776
-1.096
-1.628
-0.64
-1.112
-0.564
-0.94
-0.94
0.0
-1.108
-0.9
-1.424
-0.808
-1.304
-1.0
-1.352
-0.708
-0.956
-1.34
-0.904
-0.992
-0.92
-1.024
-1.444
-0.164
-1.012
-1.228
-1.016
-0.86
-0.268
-1.472
-0.656
-1.156
-0.552
-1.784
-1.196
-0.888
-1.612
-0.684
-0.944
-0.812
-0.92
-1.84
-1.248
-0.372
-1.116
-1.0
-1.472
-1.004
-1.272
-1.06
-1.144
-1.2
-1.1
-1.004
-1.108
-1.76
-0.984
-0.484
-1.504
-1.58
-0.984
-0.82
-1.776
-1.416
-0.756
-1.228
-0.664
-1.196
-1.588
-1.224
-1.128
-1.376
-1.272
-1.252
-1.116
-0.86
-1.264
-1.364
-1.228
-1.332
-0.632
-1.084
-0.596
-1.192
-0.872
-0.944
-0.296
-1.484
-0.604
-0.628
-1.516
-0.788
-1.332
-0.624
-1.296
-1.676
-1.272
-0.804
-0.664
-1.288
-0.844
-1.372
-1.248
-1.22
-0.568
-0.996
-1.172
-1.172
-1.36
-0.72
-1.228
-0.908
-1.204
-0.76
-0.628
-1.236
-1.236
-1.332
-0.684
-0.988
-1.032
-0.72
-1.364
-0.948
-0.984
-1.396
-0.676
-0.948
-1.132
-1.18
-1.22
-0.864
-1.124
-0.816
-0.784
-1.34
-0.868
-1.632
-0.8
-1.404
-0.692
-1.348
-1.34
-1.188
-1.396
-1.352
-0.816
-1.248
-1.028
-0.68
-1.076
-0.904
-0.7
-1.18
-0.756
-0.9
-1.48
-0.796
-0.936
-1.012
-0.804
-1.112
-1.108
-0.588
-0.544
-0.956
-0.808
-0.484
-0.772
-1.076
-1.568
-0.624
-0.9
-1.096
-1.0
-1.02
-1.928
-0.508
-1.028
-0.728
-1.292
-0.328
-1.404
-1.464
-1.388
-1.164
-1.56
-0.76
-1.092
-1.024
-1.108
-0.764
-0.964
-1.28
-0.776
-1.108
-0.9
-1.516
-0.42
-0.808
-0.24
-1.292
-1.204
-0.668
-0.896
-1.432
-1.504
-0.5
-1.736
-0.676
-1.572
-0.888
-0.94
-0.74
-1.348
-0.744
-1.132
-0.792
-0.452
-1.212
-0.972
-0.52
-1.396
-0.896
-0.904
-1.096
-1.112
-1.676
-1.04
-1.36
-0.52
-1.336
-0.816
-1.316
-0.86
-1.212
-0.536
-1.084
-0.812
0.004
-1.492
-0.62
-1.176
-0.572
-1.716
-0.752
-0.684
-1.4
-0.644
-1.272
-1.888
-0.304
-1.76
-0.984
-1.232
-0.668
-1.652
-0.796
-0.908
-1.508
-0.652
-1.532
-0.54
-1.288
-1.584
-0.924
-1.548
-0.624
-0.724
-0.656
-0.8
-1.288
-0.464
-1.82
-1.364
-1.208
-1.144
-1.032
-0.892
-1.484
-0.152
-0.872
-0.564
-1.064
-0.504
-1.404
0.056
-1.684
-0.936
-1.076
-0.84
-0.54
-1.252
-0.964
-0.392
-0.94
-0.32
-0.8
-0.928
-0.832
-1.272
-0.868
-1.7
-1.336
-0.484
-0.9
-1.16
-1.432
-1.092
-0.796
-0.092
-0.512
-0.608
-0.964
-0.952
-0.888
-1.66
-0.868
-1.308
-1.332
-0.376
-1.584
-0.488
-1.224
-1.648
-1.148
-0.96
-1.252
-0.572
-0.252
-1.54
-0.736
-0.812
-1.084
-0.7
-1.336
-0.448
-1.212
-1.592
-0.932
-0.64
-1.196
-0.908
-1.18
-1.472
-0.916
-0.796
-1.572
-1.148
-1.86
-0.452
-1.228
-0.72
-0.856
-1.72
-1.656
-0.9
-1.404
-0.34
-0.692
-1.464
-0.72
-1.02
-1.148
-0.732
-1.584
-0.988
-0.568
-1.168
-0.72
-1.592
-1.38
-1.176
-1.22
-0.584
-1.528
-0.376
-0.844
-0.848
-0.852
-1.564
-0.672
-1.336
-0.26
-1.732
-0.788
-0.98
-0.496
-0.752
-0.72
-0.964
-1.328
-1.184
-0.864
-1.132
-1.248
-0.704
-0.792
-1.164
-1.032
-0.9
-1.264
-0.54
-1.1
-1.408
-1.284
-0.78
-1.304
-1.036
-1.168
-0.792
-0.428
-1.28
-0.312
-0.728
-1.764
-0.472
-1.864
-0.448
-1.544
-0.364
-1.432
-0.244
-0.556
-1.496
-0.976
-1.42
-1.012
-1.084
-1.228
-1.48
-1.064
-1.26
-0.456
-1.344
-1.392
-0.868
-0.94
-1.604
-0.484
-1.316
-0.216
-1.288
-0.58
-0.844
-1.38
-0.232
-0.888
-0.924
-0.904
-1.228
-0.932
-1.708
-1.104
-0.824
-1.012
-1.688
-0.528
-1.156
-0.776
-1.152
-1.436
-0.34
-0.908
-0.764
-0.752
-1.188
-1.1
-0.92
-1.056
-1.18
-0.436
-1.472
-1.184
-0.672
-0.832
-0.864
-1.356
-1.1
-1.292
-0.828
-1.008
-1.324
-1.488
-0.068
-0.356
-1.836
-1.344
-0.352
-1.032
-0.868
-0.384
-0.572
-1.3
-0.832
-0.976
-1.408
-0.796
-1.556
-0.464
-1.608
-0.96
-1.12
-1.14
-0.684
-1.092
-1.084
-0.764
-1.4
-0.624
-1.676
-0.228
-1.224
-1.264
-1.096
-1.228
-0.276
-1.452
-0.94
-1.392
-0.384
-0.98
-1.196
-0.928
-0.9
-0.776
-1.696
-0.696
-1.156
-1.284
-1.104
-1.444
-0.7
-0.664
-1.396
-1.008
-1.516
-1.56
-1.14
-0.868
-1.476
-0.392
-1.18
-1.476
-0.648
-0.704
-1.064
-0.428
-0.86
-0.836
-0.668
-0.964
-1.2
-0.5
-0.976
-0.84
-0.648
-1.232
-0.792
-0.908
-0.584
-1.044
-0.892
-0.772
-1.836
-0.652
-0.72
-0.668
-1.368
-1.168
-1.024
-1.284
-0.492
-1.032
-1.048
-1.424
-1.084
-0.46
-0.944
-1.1
-1.316
-1.544
-0.588
-1.1
-1.296
-1.164
-0.844
-1.252
-0.628
-0.904
-1.772
-1.324
-1.372
-0.864
-0.692
-1.168
-0.7
-0.508
-1.26
-0.592
-1.012
-1.364
-0.768
-0.916
-1.392
-0.876
-1.192
-1.288
-1.268
-0.84
-1.084
-1.32
-0.784
-0.752
-0.512
-0.516
-1.38
-1.264
-0.984
-1.344
-0.988
-1.06
-0.424
-1.032
-1.068
-1.224
-1.24
-0.744
-0.64
-1.184
-0.64
-1.084
-0.556
-1.056
-1.112
-0.584
-1.288
-0.752
-0.544
-0.028
-1.58
-0.62
-0.996
-1.116
-1.944
-0.56
-1.22
-0.78
-0.764
-0.756
-0.74
-1.176
-0.48
-0.864
-0.844
-0.604
-1.3
-1.056
-1.12
-0.86
-0.924
-1.228
-0.512
-0.76
-0.916
-0.952
-0.708
-1.156
-1.292
-1.38
-0.316
-0.54
-1.256
-1.056
-1.312
-0.912
-1.14
-0.884
-1.328
-1.144
-1.052
-1.196
-0.908
-0.716
-0.64
-0.884
-0.444
-0.96
-1.272
-0.94
-0.612
-1.068
-1.424
-0.388
-1.288
-0.544
-1.216
-0.892
-0.24
-1.76
-0.968
-0.824
-1.772
-0.536
-1.016
-0.9
-0.764
-1.048
-1.196
-1.192
-0.756
-0.828
-0.98
-0.564
-0.936
-1.172
-1.0
-1.356
-0.936
-1.244
-1.36
-0.916
-1.044
-0.96
-1.124
-0.704
-1.324
-0.664
-1.268
-0.604
-1.516
-1.1
-1.028
-0.82
-0.692
-0.796
-1.128
-1.028
-0.928
-1.272
-0.88
-0.888
-1.744
-0.496
-0.98
-1.264
-0.62
-0.336
-1.016
-1.064
-1.08
-1.064
-1.556
-1.24
-0.948
-0.76
-1.068
-1.112
-0.844
-1.048
-0.836
-0.492
-1.568
-0.768
-1.372
-0.624
-1.536
-1.284
-0.784
-1.336
-0.964
-1.064
-1.104
-1.388
-1.18
-0.78
-0.808
-1.264
-1.144
-0.488
-1.392
-0.512
-1.084
-1.248
-0.452
-1.268
-0.692
-0.824
-1.228
-0.984
-1.204
-0.956
-0.796
-0.96
-1.496
-1.444
-1.528
-1.136
-0.452
-1.032
-1.46
-1.348
-1.256
-0.808
-0.888
-1.04
-1.428
-0.372
-0.636
-0.664
-1.008
-1.504
-1.452
-0.28
-1.896
-1.02
-0.776
-0.884
-0.508
-0.808
-1.792
-0.116
-1.14
-0.776
-0.824
-0.94
-0.648
-1.188
-0.352
-1.22
-0.936
-1.172
-1.72
-0.992
-1.14
-1.416
-0.96
-1.108
-0.5
-1.56
-0.868
-1.212
-1.112
-0.5
-0.556
-1.272
-0.9
-1.672
-0.864
-0.064
-1.192
-1.396
-0.02
-0.9
-0.568
-1.792
-0.596
-1.48
-0.688
-0.584
-0.776
-1.084
-0.168
-0.948
-1.116
-0.524
-1.236
-0.368
-1.252
-0.868
-0.836
-1.18
-1.268
-1.02
-1.084
-1.04
-1.124
-1.004
-1.04
-1.504
-0.688
-1.12
-1.044
-1.256
-0.82
-1.012
-1.144
-0.44
-0.9
-1.148
-0.66
-1.556
-0.636
-0.388
-1.184
-1.668
-0.788
-0.752
-1.256
-0.576
-1.056
-1.608
-0.5
-0.92
-1.492
-1.132
-1.16
-1.648
-0.968
-0.44
-0.768
-1.704
-0.628
-1.28
-0.664
-0.52
-1.464
-1.272
-1.112
-0.764
-0.896
-0.524
-1.416
-0.716
-1.404
-0.58
-1.712
-1.204
-0.796
-1.096
-1.1
-0.62
-0.644
-0.792
-1.252
-0.528
-0.888
-1.412
-0.676
-0.512
-1.188
-0.716
-1.496
-0.16
-1.66
-0.432
-1.86
-1.724
-0.8
-1.096
-1.564
-0.828
-1.34
-0.72
-1.048
-0.688
-0.968
-1.104
-1.324
-1.412
-0.796
-1.104
-1.2
-1.296
-1.276
-0.544
-1.704
-1.168
-0.864
-1.112
-0.528
-1.1
-0.912
-1.34
-1.164
-0.956
-0.06
-0.7
-0.928
-1.16
-1.776
-0.604
-0.824
-0.476
-1.268
-1.496
-0.996
-1.552
-0.972
-1.54
-0.764
-1.56
-0.584
-1.072
-1.192
-0.884
-0.632
-0.968
-0.684
-1.444
-1.324
-0.972
-1.648
-1.404
-0.7
-1.604
-0.824
-1.176
-1.356
-0.936
-0.388
-0.716
-0.388
1.56
-0.416
-0.684
0.16
1.16
-0.58
-0.824
0.24
-1.488
0.396
0.452
-1.032
-1.68
-0.464
-1.088
-0.576
-1.096
-0.3
-0.456
-0.788
-1.4
-1.168
-0.892
-0.964
-0.964
-1.116
-0.956
-1.076
-0.996
-0.96
-1.004
-0.84
-1.12
-1.116
-0.92
-0.784
-0.936
-0.896
-0.836
-1.212
-1.068
-0.736
-0.932
-1.164
-0.84
-0.696
-1.216
-1.124
-0.92
-0.996
-0.776
-1.388
-0.712
-1.024
-0.696
0.252
-1.564
0.304
-0.4
-1.004
-1.104
-0.984
-0.924
-1.22
-0.936
-1.084
-0.884
-1.128
-0.888
-1.176
-1.204
-0.824
-0.968
-1.112
-1.044
-0.944
-1.104
-1.048
-0.908
-1.22
-0.816
-1.144
-1.772
-0.216
-1.072
-0.844
-0.956
-1.332
-0.992
-1.0
-1.032
-0.976
-0.936
-0.696
-0.9
-1.204
-1.12
-1.136
-0.84
-1.268
-0.796
-0.848
-1.66
-1.008
-0.824
-1.492
-1.068
-1.148
-1.548
-1.344
-1.08
-1.136
-0.908
-1.136
-1.032
-1.088
-1.3
-0.96
-1.012
-0.968
-0.96
-1.028
-0.88
-0.968
-0.932
-0.888
-0.984
-0.98
-1.008
-1.08
-0.932
-1.072
-1.012
-1.1
-0.832
-1.04
-1.208
-1.108
-1.064
-0.952
-1.04
-0.904
-0.916
-0.964
-0.968
-0.916
-1.24
-0.844
-0.684
-1.028
-0.996
-1.004
-1.024
-1.008
-1.02
-1.672
-0.788
-1.128
-0.56
-0.752
-1.1
-1.06
-0.936
-0.996
-1.164
-0.804
-0.944
-1.08
-1.072
-0.924
-0.804
-0.716
-0.992
-0.98
-0.832
-1.032
-1.02
-1.404
-0.928
-0.568
-1.496
-1.888
-1.688
-0.78
-1.116
-1.208
-1.32
-1.08
-0.976
-1.12
-1.08
-0.992
-0.984
-1.028
-0.964
-1.128
-1.088
-0.956
-0.932
-0.868
-0.872
-1.124
-1.008
-1.012
-1.012
-1.004
-1.02
-1.012
-1.02
-0.944
-1.128
-1.068
-1.04
-1.072
-1.032
-0.868
-1.132
-1.188
-0.968
-0.964
-1.292
-1.028
-1.072
-1.04
-1.092
-0.96
-1.06
-0.88
-1.032
-0.804
-0.972
-1.036
-1.008
-1.008
-1.016
-0.988
-0.972
-0.976
-1.004
-0.9
-1.004
-1.148
-0.888
-1.044
-1.116
-1.084
-1.064
-0.956
-1.176
-0.952
-1.04
-1.02
-1.196
-0.896
-0.924
-1.02
-1.184
-1.156
-0.944
-1.072
-1.088
-1.044
-1.036
-0.992
-1.096
-1.064
-1.148
-1.06
-1.044
-1.068
-0.904
-1.012
-1.052
-1.144
-1.028
-0.908
-0.98
-1.192
-0.92
-0.868
-1.068
-1.272
-0.956
-0.904
-1.02
-1.08
-1.156
-1.016
-0.992
-1.016
-1.228
-1.02
-0.896
-1.144
-1.296
-0.764
-1.136
-0.82
-1.052
-1.044
-0.668
-1.044
-0.516
-0.704
-1.392
-0.452
-1.312
-0.764
-0.944
-0.448
-0.58
-0.712
-1.856
-1.148
-0.9
-1.5
-1.352
-1.044
-1.164
-0.492
-0.448
-1.048
-1.092
-1.0
-1.08
-0.864
-1.012
-1.096
-0.996
-0.844
-1.028
-1.092
-1.148
-1.02
-1.036
-1.036
-1.012
-1.096
-0.992
-1.08
-0.968
-1.332
-1.196
-1.22
-0.96
-1.596
-0.988
-1.124
-0.868
-1.044
-0.968
-1.148
-1.128
-0.936
-1.072
-0.856
-0.588
-1.012
-1.192
-0.968
-0.948
-1.188
-1.044
-1.144
-1.164
-1.008
-1.244
-1.144
-1.02
-1.396
-1.12
-1.268
-1.188
0.336
-0.896
-1.956
-1.9
-1.212
-1.02
-0.968
-1.0
-0.94
-0.86
-1.036
-1.104
-1.052
-1.092
-1.072
-0.968
-0.908
-0.984
-1.148
-1.044
-0.916
-0.948
-0.94
-1.044
-1.388
-1.176
-0.936
-1.044
-1.016
-1.0
-1.04
-1.008
-1.012
-1.012
-1.016
-1.02
-1.2
-0.944
-1.024
-0.904
-0.98
-0.92
-0.972
-0.92
-1.156
-1.152
-0.904
-0.892
-0.976
-1.044
-1.028
-1.084
-0.8
-1.068
-1.032
-0.984
-1.076
-1.068
-1.052
-1.02
-1.016
-1.012
-1.016
-1.008
-1.74
-0.904
-1.064
-0.824
-0.96
-1.064
-0.98
-1.064
-0.76
-0.844
-0.816
-0.892
-0.84
-1.108
-0.984
-0.888
-1.124
-0.612
-1.096
-0.484
-0.848
-0.856
-0.864
-0.432
-1.204
-1.408
-0.904
-1.244
-1.168
-0.932
-0.932
-0.868
-1.104
-1.06
-0.888
-0.972
-0.896
-1.16
-1.072
-0.876
-0.856
-1.004
-1.108
-0.94
-1.22
-1.124
-0.764
-1.188
-1.044
-1.488
-0.932
-1.416
-0.956
-1.18
-1.284
-0.92
-1.516
-1.464
-0.7
-1.344
-1.072
-0.708
-0.932
-0.976
-1.096
-1.324
-0.544
-1.1
-0.692
-1.148
-0.788
-0.828
-1.124
-1.084
-0.536
-0.948
-1.036
-0.48
-1.016
-1.288
-0.884
-1.008
-0.896
-1.304
-0.536
-0.868
-0.944
-1.008
-0.84
-1.336
-1.288
-0.224
-1.376
-1.124
-0.604
-0.628
-1.144
-1.34
-1.0
-0.956
-1.024
-1.244
-1.384
-1.324
-1.56
-0.844
-0.896
-1.116
-0.66
-1.272
-1.14
-0.808
-1.0
-1.08
-0.86
-0.756
-1.056
-1.192
-1.072
-1.128
-1.188
-0.912
-0.688
-0.6
-1.304
-1.276
-1.116
-0.428
-1.564
-0.864
-0.984
-1.132
-1.052
-1.264
-0.776
-0.724
-0.948
-1.78
-1.456
-1.064
-1.272
-0.76
-1.324
-1.144
-0.816
-1.24
-0.84
-0.72
-0.876
-1.016
-0.784
-1.032
-0.944
-0.8
-0.824
-0.956
-0.964
-0.924
-1.18
-1.164
-0.912
-1.12
-0.996
-1.072
-1.004
-1.088
-1.1
-0.828
-0.892
-1.132
-0.852
-1.168
-0.896
-1.028
-1.044
-1.112
-1.024
-1.192
-0.988
-1.02
-1.008
-1.06
-0.996
-1.0
-0.996
-0.988
-1.18
-1.116
-0.976
-1.084
-1.04
-1.012
-1.008
-1.028
-1.0
-1.024
-1.0
-0.996
-0.892
-0.78
-0.836
-1.156
-0.968
-1.012
-1.044
-0.632
-0.976
-0.84
-1.144
-1.056
-0.888
-1.512
-1.34
-0.976
-1.168
-0.784
-1.124
-0.948
-0.82
-1.052
-0.94
-1.204
-0.636
-1.088
-1.544
-1.02
-1.504
-1.348
-1.044
-1.148
-0.796
-0.924
-0.692
-1.036
-1.06
-1.064
-0.828
-1.312
-1.196
-0.976
-0.864
-0.836
-1.368
-0.816
-0.944
-1.664
-1.148
-0.976
-0.804
-1.148
-1.132
-0.728
-1.104
-1.068
-0.972
-0.96
-1.116
-0.7
-1.28
-1.176
-1.336
-1.372
-1.584
-0.924
-1.728
-1.144
-1.12
-1.196
-1.244
-1.24
-0.756
-0.988
-1.056
-0.996
-0.94
-0.56
-1.156
-1.004
-1.076
-0.892
-1.06
-1.096
-0.82
-0.724
-1.204
-1.272
-1.212
-1.176
-0.952
-0.896
-0.896
-1.0
-1.108
-0.892
-0.368
-1.596
-1.004
-0.888
-1.304
-1.128
-0.964
-1.252
-1.152
-0.936
-1.22
-0.692
-0.948
-0.684
-1.592
-0.392
-1.036
-1.532
-0.66
-0.892
-0.664
-1.212
-0.64
-0.976
-1.368
-1.364
-1.224
-0.54
-1.268
-0.876
-0.724
-1.336
-0.492
-1.132
-0.928
-1.244
-0.38
-1.064
-0.612
-1.368
-1.32
-1.088
-1.364
-1.12
-1.436
-0.936
-0.868
-1.048
-0.768
-1.328
-1.552
-0.564
-1.296
-1.248
-1.416
-1.384
-1.372
-1.308
-0.876
-1.0
-1.18
-1.372
-1.06
-1.224
-0.62
-1.032
-0.776
-1.492
-1.212
-0.752
-0.864
-0.656
-0.928
-1.096
-1.388
-0.768
-1.1
-0.712
-0.784
-0.86
-0.864
-0.08
-0.48
-0.836
-0.936
-1.136
-1.104
-1.068
-0.708
-0.888
-1.54
-0.628
-1.16
-1.692
-0.6
-1.14
-1.252
-0.744
-1.004
-0.912
-0.94
-0.856
-1.116
-0.944
-1.06
-1.116
-0.896
-1.02
-0.948
-0.876
-0.916
-1.088
-0.968
-1.0
-1.052
-1.068
-1.112
-0.68
-1.32
-1.192
-1.088
-0.796
-0.988
-1.064
-0.98
-0.616
-1.04
-0.92
-0.952
-0.952
-0.724
-0.888
-1.044
-0.704
-1.508
-0.772
-0.56
-0.852
-1.22
-1.012
-1.028
-0.752
-1.836
-0.828
-0.568
-1.336
-1.376
-0.908
-0.792
-0.908
-0.756
-1.292
-1.448
-0.852
-0.996
-0.964
-1.288
-0.98
-0.848
-1.22
-1.328
-0.916
-0.364
-0.932
-1.144
-0.908
-0.828
-0.916
-0.556
-1.072
-1.0
-0.92
-1.196
-0.86
-0.988
-0.832
-0.848
-1.056
-0.924
-1.264
-0.972
-0.984
-1.132
-0.716
-1.072
-0.936
-0.976
-1.156
-1.028
-1.048
-0.66
-1.608
-0.812
-1.048
-0.96
-0.72
-0.848
-1.196
-1.088
-0.924
-0.792
-0.548
-0.948
-1.112
-1.316
-0.66
-0.32
-1.224
-0.868
-0.852
-0.796
-1.68
-0.924
-1.216
-0.668
-1.0
-0.804
-0.856
-0.704
-1.264
-0.984
-0.972
-1.18
-0.716
-0.888
-1.436
-1.104
-0.684
-0.524
-1.36
-0.84
-1.556
-0.904
-0.856
-1.364
-1.052
-0.74
-1.456
-1.24
-1.252
-0.8
-1.376
-0.872
-1.392
-0.916
-0.856
-0.808
-1.584
-0.94
-0.952
-0.688
-1.812
-0.46
-0.956
-1.136
-0.916
-0.784
-1.032
-0.956
-1.296
-1.188
-1.412
-1.36
-0.78
-0.928
-1.044
-1.348
-0.992
-1.184
-1.424
-0.872
-1.128
-0.988
-0.484
-1.12
-0.796
-0.672
-1.452
-0.72
-1.392
-0.776
-1.096
-0.904
-0.54
-0.936
-1.392
-0.852
-1.772
-0.752
-1.404
-0.852
-0.976
-0.54
-1.164
-0.368
-0.84
-1.392
-0.976
-0.928
-0.936
-0.644
-1.108
-0.824
-0.768
-1.44
-0.644
-1.528
-0.76
-1.272
-0.928
-0.72
-1.412
-0.82
-0.904
-1.124
-1.14
-0.676
-0.716
-1.628
-0.916
-0.88
-1.324
-0.416
-0.988
-0.688
-0.588
-1.024
-0.748
-1.436
-1.544
-0.628
0.508
-1.22
-0.176
-1.516
-1.124
-1.484
-0.44
-1.04
-1.564
-0.216
-1.544
-0.084
-1.412
-1.348
-0.86
-0.228
-1.584
-0.888
-1.364
-1.04
-0.828
-0.976
-1.232
-0.916
-0.488
-0.912
-1.12
-0.892
-1.14
-0.548
-1.464
-1.096
-1.044
-0.532
-1.476
-0.788
-0.876
-1.424
-1.028
-0.784
-1.2
-0.996
-1.636
-0.376
-1.76
-0.828
-1.264
-1.24
-0.756
-0.78
-0.992
-1.136
-1.652
-0.172
-1.644
-0.648
-0.828
-0.452
-1.364
-0.992
-1.388
-0.764
-0.884
-1.388
-0.468
-0.984
-1.724
-0.616
-1.128
-0.616
-0.78
-0.736
-0.872
-0.752
-1.012
-0.872
-1.152
-0.152
-1.056
-0.648
-0.464
-1.672
-0.472
-1.228
-0.96
-0.596
-0.984
-1.068
-0.72
-1.312
-1.052
-0.924
-1.072
-1.32
-0.688
-1.4
-1.56
-0.804
-1.116
-0.776
-1.58
-1.224
-0.792
-1.112
-0.908
-1.568
-1.228
-1.012
-1.004
-1.324
-0.792
-0.82
-0.692
-1.388
-0.892
-0.728
-1.696
-0.964
-0.332
-1.488
-0.86
-1.32
-1.32
-0.556
-1.036
-0.868
-0.916
-0.756
-0.48
-1.132
-0.684
-0.344
-1.76
-0.66
-1.14
-0.78
-1.132
-0.792
-0.904
-0.888
-1.104
-0.568
-1.448
-1.228
-0.796
-1.14
-1.172
-1.504
-1.084
-0.86
-0.492
-1.208
-1.096
-0.612
-0.484
-1.096
-1.28
-0.988
-0.404
-1.272
-1.18
-1.104
-0.912
-1.276
-0.952
-0.788
-0.972
-0.728
-1.684
-0.756
-1.532
-0.932
-0.612
-1.244
-1.276
-0.46
-0.532
-1.38
-1.596
-0.544
-1.32
-1.504
-1.16
-1.276
-1.216
-0.728
-1.612
-1.18
-0.944
-1.352
-0.92
-1.516
-1.116
-0.976
-0.604
-1.496
-0.808
-1.556
-1.068
-1.256
-0.884
-1.12
-0.428
-1.3
-0.872
-1.048
-1.168
-0.712
-1.316
-1.408
-0.944
-0.996
-1.264
-1.36
-1.516
-0.736
-0.952
-0.98
-1.168
-1.048
-1.004
-1.28
-1.172
-0.444
-0.708
-0.448
-0.748
-1.032
-0.688
-0.728
-1.196
-0.46
-1.468
-0.976
-1.376
-0.768
-1.188
-1.632
-1.064
-0.32
-1.8
-0.452
-0.868
-1.268
-0.716
-1.028
-0.832
-1.04
-1.648
-0.612
-1.532
-1.856
-1.152
-1.136
-0.86
-1.092
-0.796
-1.204
-0.792
-0.84
-1.184
-0.508
-1.176
-0.74
-0.192
-0.112
-1.204
-1.868
-0.956
-1.704
-0.332
-0.504
-1.548
-0.448
-1.956
-0.604
-0.912
-1.248
-1.256
-1.808
-0.32
-1.588
-0.504
-1.596
-1.048
-1.212
-0.856
-0.536
-1.08
-1.12
-0.696
-0.8
-0.716
-1.308
-0.624
-0.924
-1.704
-0.364
-1.004
-0.896
-0.804
-0.804
-1.288
-1.128
-0.948
-1.404
-1.212
-0.256
-1.244
-1.164
-1.576
-0.456
-1.78
-0.864
-1.28
-0.468
-1.492
-0.268
-0.716
-0.784
-1.72
-0.644
-1.044
-1.176
-0.948
-0.836
-1.224
-1.012
-1.428
-1.28
-1.864
-1.444
-0.312
-1.1
-0.904
-0.944
-1.128
-1.04
-1.464
-0.832
-1.152
-0.54
-1.02
-0.988
-1.18
-1.092
-0.968
-0.348
-1.032
-0.66
-1.676
-0.968
-1.016
-0.912
-1.332
-1.032
-1.016
-1.056
-0.84
-1.204
-0.476
-1.08
-0.988
-1.66
-0.964
-1.108
-0.848
-1.048
-0.652
-0.908
-1.472
-1.176
-0.796
-1.116
-1.352
-1.148
-0.852
-1.284
-1.244
-0.568
-0.996
-1.068
-1.188
-0.684
-1.456
-0.416
-0.7
-1.176
-0.66
-1.612
-1.152
-1.052
-0.924
-1.364
-0.272
-1.668
-1.084
-1.368
-0.82
-1.5
-0.056
-1.388
-1.1
-1.112
-1.904
-1.14
-1.412
-1.572
-0.816
-0.108
-1.952
-1.076
-1.148
-0.864
-0.792
-1.168
-1.1
-1.248
-1.132
-1.464
-0.196
-0.66
-0.82
-0.732
-1.328
-0.708
-1.032
-1.224
-0.892
-1.316
-1.728
-0.964
-0.868
-1.176
-0.904
-1.572
-1.344
-1.472
-1.004
-1.192
-0.568
-0.624
-0.904
-0.432
-0.484
-0.716
-0.828
-1.268
-0.664
-1.2
-0.524
-1.184
-0.712
-0.572
-1.936
-1.036
-1.34
-0.852
-1.476
-0.548
-1.12
-0.748
-0.696
-0.996
-1.088
-1.572
-1.508
-1.252
-0.72
-1.504
-0.204
-1.776
-1.136
-1.32
-0.128
-1.828
-1.552
-0.644
-0.928
-1.152
-1.22
-0.992
-1.024
-1.2
-0.904
-1.392
-0.932
-1.156
-1.084
-0.9
-1.596
-1.328
-0.52
-0.644
-0.884
-0.848
-1.392
-0.592
-0.94
-0.88
-0.808
-1.172
-0.916
-0.516
-0.864
-0.648
-1.236
-0.948
-1.268
-0.588
-0.808
-0.76
-0.876
-0.94
-0.692
-1.272
-1.092
-1.264
-0.592
-1.132
-0.496
-1.14
-1.016
-1.216
-0.468
-0.748
-1.084
-0.816
-0.944
-0.744
-1.38
-0.82
-0.808
-1.044
-0.808
-0.872
-0.732
-1.172
-0.668
-1.292
-0.876
-1.348
-1.496
-1.032
-1.052
-1.436
-0.744
-1.352
-0.784
-1.444
-0.192
-1.62
-0.964
-1.564
-1.064
-0.884
-1.048
-1.124
-0.812
-1.632
-1.076
-1.076
-0.912
-0.856
-1.376
-0.472
-1.084
-0.396
-1.02
-0.824
-1.376
-0.484
-0.54
-0.86
-1.352
-1.488
-1.168
-0.46
-1.276
-0.684
-1.492
-1.412
-1.608
-0.92
-0.972
-1.536
-0.776
-1.856
-0.616
-1.548
-0.948
-0.664
-1.472
-0.592
-1.592
-1.388
-1.224
-0.348
-0.956
-1.076
-0.904
-0.652
-1.648
-0.396
-0.972
-0.86
-1.204
-0.392
-0.548
-0.696
-0.54
-1.532
-0.684
-0.752
-1.424
-0.972
-0.892
-0.804
-1.232
-0.676
-0.868
-1.08
-1.06
-0.9
-0.736
-1.008
-1.096
-0.62
-0.848
-1.712
-0.472
-1.524
-0.912
-1.048
-0.692
-1.376
-0.824
-1.124
-1.276
-0.564
-0.488
-1.096
-1.236
-0.684
-1.456
-0.984
-1.14
-1.216
-0.616
-0.432
-1.668
-1.624
-0.888
-1.236
-0.476
-0.9
-0.668
-0.412
-0.968
-0.964
-0.988
-0.932
-0.992
-1.008
-0.84
-1.356
-1.236
-0.76
-1.132
-0.888
-0.576
-1.02
-0.704
-1.012
-1.2
-0.524
-0.888
-0.704
-1.2
-0.7
-1.38
-0.732
-0.804
-0.916
-1.072
-1.196
-0.98
-0.888
-0.556
-1.312
-0.96
-1.124
-1.056
-0.636
-0.752
-0.74
-0.708
-0.756
-1.936
-0.92
-0.84
-0.628
-1.348
-1.08
-1.312
-0.284
-1.02
-0.4
-1.116
-0.964
-0.88
-1.74
-0.588
-0.948
-0.58
-1.172
-0.336
-1.18
-0.804
-0.96
-0.996
-1.184
-1.256
-1.32
-1.092
-0.676
-1.048
-0.828
-0.916
-0.972
-1.076
-0.804
-1.36
-1.296
-0.552
-0.7
-0.976
-1.136
-0.904
-0.928
-0.876
-0.732
-1.244
-0.856
-1.524
-0.416
-1.792
-0.38
-1.12
-1.464
-1.636
-1.508
-1.136
-0.928
-0.812
-1.004
-1.028
-0.924
-1.168
-0.464
-1.624
-0.26
-0.612
-1.248
-0.812
-0.712
-0.468
-1.208
-1.052
-1.108
-0.912
-0.92
-0.724
-1.22
-0.72
-0.412
-0.268
-0.504
-1.228
-0.86
-1.012
-1.14
-0.456
-1.432
-1.104
-0.764
-1.508
-0.812
-0.88
-1.076
-0.168
-0.664
-0.34
-1.068
-0.26
-0.564
-1.704
-0.48
-1.468
-0.784
-1.736
-0.104
-1.152
-0.864
-1.16
-1.088
-1.452
-0.904
-0.892
-1.292
-1.076
-0.948
-0.68
-1.288
-0.596
-0.692
-1.044
-1.044
-1.344
-1.092
-0.98
-1.372
-0.964
-1.228
-1.28
-1.264
-1.24
-1.044
-0.928
-1.212
-1.272
-0.316
-1.496
-0.6
-1.468
-0.156
-1.268
-0.116
-1.38
-0.964
-0.46
-0.4
-1.384
-0.7
-1.388
-0.94
-0.932
-1.14
-0.588
-0.76
-0.776
-0.92
-1.024
-0.932
-1.668
-1.456
-0.796
-0.468
-1.584
-0.128
-1.364
-0.584
-1.84
-1.232
-0.828
-0.504
-1.488
-1.056
-0.94
-0.884
-0.948
-0.916
-0.724
-1.012
-0.78
-1.212
-0.964
-1.184
-1.288
-1.388
-0.612
-1.196
-0.88
-0.132
-0.688
-1.416
-1.168
-1.536
-0.988
-0.844
-1.244
-1.372
-0.716
-1.06
-0.512
-1.384
-0.56
-1.392
-1.52
-0.856
-1.0
-0.904
-1.148
-0.964
-0.784
-0.744
-1.5
-0.904
-0.872
-0.46
-1.084
-0.988
-0.376
-1.292
-0.648
-1.1
-1.556
-0.776
-1.052
-0.688
-1.02
-0.872
-1.78
-0.908
-1.188
-1.02
-1.044
-1.196
-0.512
-1.056
-0.988
-1.204
-0.568
-1.164
-1.264
-0.884
-0.484
-1.24
-0.704
-0.636
-1.376
-0.796
-0.776
-1.068
-0.936
-1.272
-0.588
-1.364
-0.844
-1.124
-1.732
-1.556
-0.54
-0.668
-1.208
-1.184
-1.28
-0.46
-0.668
-1.636
-0.268
-1.16
-1.644
-1.096
-0.764
-0.984
-0.808
-0.824
-0.744
-0.788
-1.464
-1.288
-0.652
-1.628
-1.3
-1.244
-1.096
-1.36
-1.092
-1.08
-0.356
-1.256
-0.796
-1.44
-0.72
-1.004
-1.052
0.0
-1.024
-0.796
-1.068
-1.216
-1.388
-0.78
-0.972
-1.776
-1.348
-0.988
-0.872
-0.46
-1.272
-0.92
-1.12
-0.808
-1.14
-0.624
-1.844
-0.36
-0.852
-0.28
-0.308
-1.864
-1.268
-0.884
-1.732
-1.02
-1.52
-1.44
-0.984
-0.976
-0.524
-1.176
-1.052
-0.672
-0.988
0.176
-1.904
-0.592
-1.268
-1.164
-1.208
-0.976
-1.4
-0.84
-0.936
-0.332
-0.864
-1.38
-1.304
-1.54
-0.32
-1.268
-1.036
-0.824
-1.316
-1.744
-0.076
-1.196
-0.704
-1.0
-1.372
-0.624
-1.348
-0.748
-0.968
-0.772
-1.136
-1.352
-1.276
-0.94
-0.552
-0.98
-1.148
-1.42
-1.068
-0.764
-0.812
-1.736
-0.908
-1.86
-0.7
-1.48
-1.004
-0.888
-0.54
-1.528
-0.668
-0.408
-0.652
-0.696
-1.344
-1.0
-0.652
-0.984
-1.024
-0.692
-1.056
-0.596
-1.104
-1.028
-0.848
-1.352
-0.9
-1.04
-1.232
-1.144
-1.2
-0.792
-0.52
-1.704
-0.696
-0.94
-0.852
-1.704
-0.484
-1.196
-1.0
-0.884
-1.252
-0.856
-1.028
-1.624
-0.756
-0.664
-1.352
-1.072
-0.884
-0.692
-1.06
-0.96
-1.14
-1.024
-1.2
-0.784
-0.696
-1.224
-1.012
-1.06
-0.952
-0.736
-1.132
-1.152
-1.028
-0.64
-1.204
-0.772
-0.632
-0.92
-0.636
-0.868
-1.292
-0.728
-1.112
-0.6
-0.868
-1.272
-1.248
-1.084
-0.904
-0.752
-0.524
-0.96
-1.456
-0.836
-0.908
-1.056
-1.172
-1.08
-0.488
-0.908
-0.604
-1.44
-1.228
-0.912
-1.14
-0.468
-1.62
-0.784
-0.036
-0.976
-0.432
0.076
-1.152
-1.516
-0.704
-1.108
-1.16
-1.44
-0.92
-0.88
-1.236
-0.972
-0.736
-0.764
-1.52
-0.924
-1.572
-0.66
-1.712
-0.356
-1.668
-0.128
-1.192
-1.316
-0.876
-1.328
-0.832
-0.964
-0.932
-1.452
-1.216
-1.024
-1.424
-0.752
-1.564
-1.164
-0.584
-1.34
-1.36
-0.656
-0.8
-1.132
-0.948
-1.312
-1.02
-0.54
-1.164
-0.956
-0.888
-1.188
-0.732
-0.972
-0.9
-0.876
-0.968
-0.98
-1.008
-0.852
-1.12
-1.124
-1.372
-0.884
-0.94
-0.844
-0.86
-0.764
-0.816
-0.868
-1.044
-1.304
-0.904
-1.056
-1.044
-0.344
-1.204
-1.032
-0.876
-1.116
-0.988
-1.244
-0.968
-1.252
-0.708
-1.332
-1.256
-1.072
-0.884
-1.224
-1.04
-1.044
-1.016
-0.836
-0.968
-0.7
-1.056
-1.016
-1.04
-0.624
-0.484
-1.404
-1.028
-1.144
-0.74
-1.08
-1.328
-0.996
-0.74
-1.36
-1.024
-1.328
-0.708
-0.876
-1.224
-0.784
-0.868
-1.444
-1.024
-1.3
-1.488
-0.904
-0.684
-0.892
-1.4
-0.688
-0.356
-1.5
-0.636
-1.772
-0.224
-1.36
-1.472
-1.212
-1.288
-1.112
-0.856
-1.268
-1.056
-1.456
-0.56
-1.068
0.08
-0.792
-1.26
-0.12
-0.52
-0.928
-0.78
-1.084
-0.548
-1.304
-1.12
-0.676
-1.216
-0.96
-1.548
-0.884
-1.216
-1.232
-1.052
-0.932
-0.72
-1.124
-1.344
-0.644
-0.948
-0.82
-0.776
-1.252
-1.412
-1.38
-0.452
-0.988
-1.544
-1.252
-1.384
-0.96
-1.16
-1.08
-0.856
-0.688
-1.252
-0.86
-0.66
-0.904
-0.548
-1.204
-0.94
-1.18
-1.392
-0.544
-1.04
-1.08
-0.74
-1.028
-0.24
-1.348
-0.968
-0.98
-1.512
-0.8
-0.868
-1.272
-0.968
-1.612
-0.752
-1.4
-0.76
-0.924
-1.188
-0.936
-1.392
-1.02
-1.02
-1.348
-1.116
-1.132
-1.068
-0.932
-0.956
-1.032
-1.076
-1.012
-0.596
-0.728
-1.012
-1.52
-1.46
-1.076
-1.232
-0.736
-0.464
-1.348
-0.944
-0.808
-0.396
-1.04
-0.956
-1.068
-0.988
-1.196
-0.644
-0.944
-0.996
-1.32
-0.872
-0.964
-1.38
-0.836
-1.284
-1.032
-0.696
-0.96
-1.0
-1.176
-0.756
-1.248
-0.96
-0.932
-1.22
-0.784
-0.504
-1.168
-0.524
-1.12
-0.72
-0.568
-1.348
-0.916
-1.0
-1.048
-0.72
-0.768
-1.124
-0.852
-1.2
-0.788
-0.704
-1.088
-0.968
-0.7
-1.064
-0.796
-1.22
-0.86
-0.892
-0.86
-0.908
-1.092
-1.104
-0.868
-1.296
-0.62
-1.208
-1.152
-0.856
-0.932
-0.624
-1.516
-1.364
-0.72
-1.176
-0.868
-0.696
-1.4
-0.996
-0.952
-0.992
-1.352
-1.192
-0.856
-1.396
-1.252
-0.736
-1.348
-0.984
-0.916
-1.252
-1.384
-0.824
-0.54
-0.304
-1.504
-1.584
-0.688
-0.872
-0.82
-0.684
-1.108
-0.864
-0.988
-0.108
-1.112
-1.456
-1.332
-1.144
-1.276
-1.172
-1.064
-0.824
-1.244
-1.124
-1.016
-1.368
-0.968
-1.14
-1.116
-0.876
-1.06
-0.932
-0.832
-1.012
-1.148
-0.952
-0.852
-1.076
-0.76
-1.468
-0.764
-1.372
-1.296
-0.412
-1.068
-1.144
-0.904
-1.012
-0.996
-1.188
-1.16
-1.16
0.288
-0.884
-1.224
-0.34
-1.344
-1.34
-1.444
-1.404
-0.644
-0.78
-1.188
-0.832
-0.612
-0.54
-1.476
-1.32
-0.668
-1.32
-0.628
-1.332
-1.492
-1.584
-1.004
-1.068
-0.784
-1.704
-0.86
-0.82
-0.824
-1.16
-1.324
-0.952
-0.584
-1.384
-1.176
-1.092
-0.94
-1.072
-1.22
-1.008
-1.392
-1.044
-1.496
-0.748
-0.932
-1.304
-1.344
-0.82
-1.2
-1.172
-0.528
-1.304
-0.876
-0.884
-0.9
-1.308
-0.476
-0.908
-1.184
-1.36
-1.08
-1.684
-1.168
-0.836
-0.58
-1.252
-0.748
-1.28
-0.732
-1.504
-0.628
-0.408
-1.368
-0.888
-0.816
-1.708
-0.804
-1.676
-0.536
-0.944
-0.8
-1.124
-0.952
-0.964
-0.628
-1.48
-1.276
-1.216
-0.816
-0.904
-0.732
-1.16
-1.228
-0.756
-0.492
-0.696
-1.38
-0.788
-1.38
-0.612
-1.62
-0.604
-1.156
-0.524
-1.544
-1.58
-0.028
-1.248
-1.236
-1.076
-1.328
-1.14
-0.392
-1.284
-1.16
-0.952
-0.6
-0.82
-0.444
-1.468
-0.636
-1.68
-0.136
-1.288
-1.488
-0.54
-0.76
-1.66
-1.004
-1.472
-0.8
-1.012
-1.192
-1.004
-1.032
-1.392
-0.952
-0.972
-1.12
-1.32
-0.64
-0.84
-1.312
-1.12
-1.104
-0.648
-0.812
-0.8
-0.68
-1.848
-0.448
-0.736
-0.728
-0.62
-1.296
-1.272
-1.312
-1.228
-0.892
-0.656
-1.372
-0.76
-1.68
-0.768
-0.852
-1.148
-1.332
-1.076
-0.968
-1.008
-1.54
-0.676
-0.492
-0.96
-0.716
-1.448
-0.908
-1.24
-0.964
-0.844
-1.192
-0.924
-0.728
-0.332
-0.952
-0.864
-1.484
-0.672
-0.716
-1.152
-1.036
-1.532
-1.16
-0.944
-1.148
-0.604
-1.0
-0.936
-0.924
-1.204
-1.32
-1.356
-0.32
-0.9
-1.592
-1.02
-0.892
-0.872
-0.664
-1.76
-1.092
-1.404
-0.456
-1.1
-0.752
-1.636
-1.284
-1.8
-0.716
-1.108
-1.472
-0.42
-0.948
-0.96
-0.688
-1.216
-0.872
-1.0
-0.688
-1.244
-1.164
-0.44
-1.544
-1.004
-0.2
-1.264
-1.308
-0.492
-1.224
-1.688
-0.284
-1.388
-0.708
-1.052
-1.12
-0.608
-1.412
-0.344
-1.32
-1.72
-0.904
-0.428
-1.256
-0.712
-1.78
-1.076
-1.06
-0.74
-1.784
-0.48
-0.644
-0.9
-0.28
-0.908
-1.42
-0.904
-1.152
-1.432
-0.704
-1.14
-0.848
-1.14
-1.1
-0.852
-1.072
-1.556
-0.428
-0.944
-0.956
-1.088
-0.98
-0.712
-1.072
-0.968
-1.148
-0.944
-1.096
-1.156
-0.94
-0.564
-0.44
-1.072
-1.748
-0.604
-0.832
-1.136
-0.876
-0.9
-1.168
-0.7
-1.172
-1.148
-1.312
-0.82
-0.872
-0.896
-0.964
-1.14
-0.424
-1.408
-1.316
-1.472
-1.136
-0.848
-0.94
-1.212
-0.948
-0.252
-1.536
-0.672
0.056
-1.08
-1.62
-1.632
-0.932
-1.2
-0.808
-0.592
-1.108
-0.796
-1.252
-1.088
-0.804
-1.076
-1.124
-0.932
-0.94
-0.588
-1.316
-0.668
-0.788
-0.612
-1.572
-0.296
-1.604
-0.796
-1.088
-1.408
-0.652
-1.164
-1.172
-0.8
-0.78
-1.264
-0.848
-0.644
-1.38
-0.676
-0.644
-1.484
-0.988
-1.476
-1.416
-0.728
-0.848
-1.172
-0.76
-1.528
-0.576
-1.72
-1.124
-1.192
-0.568
-1.244
-1.24
-0.428
-1.704
-0.952
-0.856
-0.572
-1.768
-0.18
-1.048
-0.944
-0.96
-1.376
-0.744
-1.252
-0.704
-0.98
-0.636
-0.984
-1.404
-0.964
-0.808
-1.316
-0.976
-0.552
-0.888
-0.896
-0.848
-0.852
-1.064
-0.764
-1.212
-0.532
-0.844
-1.264
-0.908
-1.492
-0.608
-1.204
-0.872
-1.076
-0.916
-1.128
-0.644
-1.34
-1.196
-0.68
-0.956
-1.444
-1.128
-0.812
-1.192
-1.052
-0.656
-1.0
-1.156
-0.736
-0.784
-1.436
-0.92
-1.0
-0.928
-0.64
-0.76
-1.292
-1.12
-0.9
-1.08
-1.092
-0.784
-0.9
-0.788
-0.692
-1.388
-0.656
-0.984
-1.312
-0.888
-0.856
-1.412
-0.824
-0.872
-0.672
-0.94
-0.9
-0.784
-0.696
-1.036
-1.392
-0.268
-1.528
-1.34
-0.664
-1.436
-0.664
-0.536
-1.16
-0.992
-1.452
-0.916
-0.996
-0.448
-1.268
-0.74
-1.196
-1.684
-1.18
-0.888
-1.04
-1.256
-1.296
-0.912
-0.82
-1.6
-1.448
-0.3
-0.976
-0.712
-1.032
-0.544
-1.244
-0.392
-0.948
-1.224
-0.332
-1.52
-0.576
-1.3
-0.764
-0.7
-0.588
-0.6
-1.9
-0.716
-0.936
-1.212
-0.94
-1.584
-0.316
-1.216
-1.22
-0.464
-1.584
-0.676
-1.684
-0.592
-1.36
-0.528
-1.104
-0.404
-1.024
-1.208
-0.764
-0.748
-0.596
-0.852
-1.728
-1.232
-1.38
-0.956
-0.42
-1.064
-0.796
-0.528
-1.072
-1.196
-1.06
-0.848
-1.008
-1.124
-0.824
-0.824
-0.824
-1.256
-0.844
-1.432
-1.552
-0.532
-1.276
-1.12
-0.844
-1.088
-0.324
-0.192
-1.04
-0.876
-1.1
-0.684
-1.488
-0.656
-1.18
-0.776
-1.004
-1.032
-0.744
-1.784
-0.356
-1.472
-1.672
-1.696
-0.736
-1.648
-1.356
-0.764
-1.656
-0.672
-1.736
-1.356
-0.94
-1.084
-0.684
-1.428
-0.84
-0.992
-1.228
-1.044
-0.624
-0.504
-1.332
-0.624
-0.92
-1.06
-1.132
-1.244
-1.552
-1.116
-1.312
-0.792
-1.044
-1.32
-1.308
-0.916
-0.932
-1.336
-0.492
-1.408
-1.092
-0.744
-1.692
-0.476
-1.108
-0.14
-0.748
-0.876
-0.916
-0.768
-0.924
-0.548
-1.392
-1.532
-1.332
-1.708
-1.12
-0.564
-0.52
-0.352
-1.444
-0.388
-0.944
-0.992
-0.716
-0.78
-1.224
-0.708
-1.48
-1.22
-0.684
-1.42
-0.848
-0.78
-1.436
-1.032
-0.996
-0.76
-1.148
-1.168
-1.384
-0.704
-1.124
-1.304
-1.368
-1.072
-0.496
-1.456
-0.58
-1.192
-0.436
-0.976
-1.072
-0.544
-0.68
-1.508
-0.392
-1.096
-1.028
-1.512
-0.392
-1.524
-0.452
-0.976
-0.556
-0.912
-1.068
-0.58
-1.416
-0.884
0.168
-0.652
-1.364
-0.824
-1.148
-1.092
-0.404
-0.76
-0.88
-1.08
-0.356
-1.104
-0.768
-0.808
-1.596
-0.22
-1.412
-0.928
-0.748
-1.696
-0.796
-1.136
-0.856
-1.068
-0.816
-1.08
-0.592
-1.076
-0.748
-0.84
-0.944
-0.276
-1.512
-1.348
-0.876
-1.104
-1.2
-1.092
-1.228
-0.724
-1.0
-0.06
-1.248
-0.344
-1.188
-0.632
-1.208
-0.916
-1.664
-0.972
-0.356
-0.844
-1.508
-0.272
-0.896
-0.752
-0.96
-1.452
-1.384
-1.036
-0.832
-1.052
-1.536
-0.316
-1.288
-1.548
-0.94
-0.672
-0.768
-1.016
-1.632
-0.896
-0.704
-0.824
-0.848
-1.136
-0.46
-0.868
-0.488
-1.824
-0.52
-0.444
-0.36
-1.308
-1.2
-1.052
-0.692
-1.064
-1.036
-1.728
-0.352
-0.9
-0.64
-1.092
-1.528
-0.984
-1.032
-0.264
-1.376
-1.268
-0.58
-0.816
-0.976
-0.904
-0.352
-1.16
-0.724
-1.224
-1.232
-1.184
-0.756
-1.52
-1.328
-0.908
-1.256
-1.644
-1.252
-1.136
-0.596
-0.688
-1.204
-1.184
-1.176
-1.228
-1.032
-1.08
-1.196
-0.992
-0.988
-1.144
-0.684
-1.04
-0.984
-1.012
-1.184
-0.852
-0.776
-1.144
-0.832
-0.852
-0.932
-0.64
-1.04
-0.876
-0.964
-1.008
-1.54
-1.068
-0.8
-0.692
-1.54
-1.368
-0.488
-1.184
-0.956
-0.74
-0.5
-1.0
-0.6
-0.952
-0.968
-0.752
-0.556
-0.9
-0.928
-0.984
-1.008
-0.816
-0.84
-1.188
-0.908
-1.096
-1.008
-0.196
-1.008
-1.404
-0.68
-1.184
-1.632
-1.048
-0.512
-1.252
-0.904
-0.74
-1.28
-1.596
-1.136
-1.192
-0.808
-0.64
-1.544
-0.48
-1.248
-0.988
-1.156
-0.692
-1.08
-1.064
-1.264
-0.748
-0.904
-1.244
-1.116
-0.912
-0.836
-0.824
-1.216
-1.032
-0.908
-1.236
-1.168
-0.9
-0.624
-1.096
-0.944
-0.92
-1.676
-0.508
-1.132
-1.088
-1.324
-1.116
-1.0
-1.204
-0.812
-1.072
-0.884
-0.984
-1.256
-0.668
-1.22
-1.756
-0.416
-0.768
-0.888
-0.792
-0.92
-0.764
-0.784
-0.764
-0.68
-1.112
-0.728
-1.204
-1.804
-0.952
-1.528
-0.472
-1.18
-1.228
-1.148
-0.636
-1.428
-1.008
-0.752
-1.34
-0.664
-0.688
-1.424
-0.372
-1.884
-1.46
-0.496
-1.684
-1.14
-1.292
-0.78
-0.92
-0.932
-0.708
-1.012
-1.22
-1.252
-1.076
-0.848
-0.956
-1.296
-0.612
-1.052
-0.892
-0.604
-1.036
-1.076
-1.216
-1.456
-0.972
-0.68
-1.324
-1.232
-0.976
-0.476
-1.296
-1.02
-1.196
