 0.0118956249973
 0.0364743749917
 0.056940624987
 0.115906874974
 0.242598124945
 0.383289374912
 0.441205624899
 0.425621874903
 0.410038124906
 0.39515437491
 0.380445624913
 0.365999374916
 0.35094062492
 0.336144374923
 0.322048124926
 0.30795187493
 0.293855624933
 0.279584374936
 0.26452562494
 0.249554374943
 0.235020624946
 0.22004937495
 0.204290624953
 0.189144374957
 0.146435624967
 0.065576874985
 359.944293125
 359.811721875
 359.725088125
 359.650529375
 359.563370625
 359.505786875
 359.553990625
 359.597556875
 359.526060625
 359.506889375
 359.554830625
 359.585884375
 359.573800625
 359.503179375
 359.514983125
 359.594424375
 359.586540625
 359.530006875
 359.476360625
 359.406001875
 359.350343125
 359.322334375
 359.283563125
 359.218979375
 359.136458125
 359.047024375
 358.969403125
 358.927131875
 358.904635625
 358.872951875
 358.822543125
 358.806696875
 358.788400625
 358.705004375
 358.624758125
 358.562361875
 358.517465625
 358.489194375
 358.447535625
 358.439039375
 358.415843125
 358.341634375
 358.345388125
 358.395429375
 358.391483125
 358.419561875
 358.433728125
 358.334931875
 358.235435625
 358.183889375
 358.141093125
 358.109584375
 358.089713125
 358.061441875
 357.993533125
 357.884324375
 357.852640625
 357.867331875
 357.820773125
 357.810176876
 357.877105625
 357.879984375
 357.792475626
 357.692804376
 357.599958126
 357.523911876
 357.464840626
 357.425806876
 357.375048126
 357.312564376
 357.238705626
 357.183396876
 357.217075626
 357.281729376
 357.337020626
 357.380324376
 357.407528126
 357.442344376
 357.447673126
 357.419664376
 357.375293126
 357.335734376
 357.400913126
 357.643016876
 357.997295625
 358.391824375
 358.828878125
 359.345731875
 359.933285625
 0.532564374878
 1.15013062474
 1.78195937459
 2.34256312447
 2.82730437435
 3.21649562427
 3.53656187419
 3.85461562412
 4.17039437405
 4.50393562397
 4.8140268739
 5.09235562384
 5.35012187378
 5.58163812373
 5.84605437367
 6.15973312359
 6.45801187353
 6.75865312346
 7.09018187338
 7.4552231233
 7.80827687322
 8.13779312314
 8.50738437306
 8.88310062297
 9.23746687289
 9.61055812281
 9.98986187272
 10.3251531226
 10.6055818726
 10.8618606225
 11.1403643725
 11.4888681224
 11.8866343723
 12.2658506222
 12.6382418721
 13.041433122
 13.4706118719
 13.8933156218
 14.2723568717
 14.6343356217
 15.0020893716
 15.3994181215
 15.8160843714
 16.1887381213
 16.5435418712
 16.8779581211
 17.1880493711
 17.546265621
 17.9269693709
 18.3165981208
 18.7666893707
 19.2238681206
 19.6480593705
 20.0265756204
 20.3728043703
 20.6940081203
 21.0145993702
 21.3857656201
 21.77530687
 22.1320356199
 22.4412518699
 22.7852056198
 23.1756218697
 23.5296381196
 23.8528543696
 24.1307456195
 24.4283243694
 24.7539031193
 25.0148193693
 25.2691731192
 25.5629893692
 25.8836681191
 26.221059369
 26.5880256189
 26.9351293688
 27.2721706188
 27.6400993687
 27.9699656186
 28.2993943685
 28.6714356185
 29.0020893684
 29.3299431183
 29.6775718682
 29.9967631182
 30.3229543681
 30.674345618
 31.0686993679
 31.4312906178
 31.7158318678
 32.0463106177
 32.4064518676
 32.7137431175
 33.0137718675
 33.3508131174
 33.7000168673
 34.0277831172
 34.3738368672
 34.7659156171
 35.127806867
 35.4544356169
 35.7948893668
 36.1227431168
 36.4137593667
 36.6998756166
 37.0342043665
 37.3568956165
 37.6577118664
 38.0116406163
 38.4111568662
 38.7640356161
 39.0377268661
 39.337843116
 39.610659366
 39.8353506159
 40.1374793658
 40.4498456158
 40.7020993657
 40.9346656157
 41.1677568656
 41.3962981155
 41.6506518655
 41.9572431154
 42.2612968654
 42.5337631153
 42.8427168652
 43.1968206151
 43.5333368651
 43.870903115
 44.1806443649
 44.4592356148
 44.7527018648
 45.0564931147
 45.3732343646
 45.6856881146
 45.9567543645
 46.2451456144
 46.5463118644
 46.8104656143
 47.1237068642
 47.4772856142
 47.8248268641
 48.223643114
 48.6395218639
 49.0092881138
 49.3493918637
 49.6649081137
 50.0046618636
 50.3172031135
 50.6205568634
 50.9757106134
 51.2703143633
 51.4856431132
 51.7128718632
 51.9244381131
 52.1417793631
 52.412320613
 52.719086863
 53.0751156129
 53.4316693628
 53.7568106127
 54.1046143626
 54.4550431126
 54.7485968625
 55.0644631124
 55.4120918623
 55.7019706123
 55.9461743622
 56.1974656122
 56.4757068621
 56.745723112
 56.990189362
 57.2895181119
 57.6308468618
 57.9603631118
 58.3023043617
 58.6429331116
 58.9601993615
 59.2785156115
 59.6157318614
 59.9569731113
 60.2604143612
 60.5717306112
 60.8873343611
 61.187450611
 61.520466861
 61.8839331109
 62.2644618608
 62.6173406107
 62.9153568606
 63.1852856106
 63.4782268605
 63.8185056104
 64.1618468603
 64.4576756103
 64.7506168602
 65.0640331101
 65.4158618601
 65.80234061
 66.1736818599
 66.5526356098
 66.9536393597
 67.2740556096
 67.5525593596
 67.9026381095
 68.2263793594
 68.4765331094
 68.7129493593
 68.9596031093
 69.2491318592
 69.5618481091
 69.8225893591
 70.022255609
 70.288159359
 70.6437506089
 71.0017043588
 71.3635956087
 71.7150743586
 72.0851031085
 72.4448943585
 72.7658356084
 73.0964893583
 73.3911806082
 73.6867468582
 73.9838881081
 74.265104358
 74.494783108
 74.7164118579
 75.0235281079
 75.3645068578
 75.7212356077
 76.0651893576
 76.4400306075
 76.8469843575
 77.2143881074
 77.5646418573
 77.9041331072
 78.1839493571
 78.4884406071
 78.862844357
 79.2163356069
 79.5140893568
 79.7707181068
 80.0092343567
 80.2688381067
 80.5401668566
 80.7967956066
 81.0535118565
 81.3344656064
 81.6395693564
 81.9622606063
 82.3142643562
 82.6310056061
 82.9065343561
 83.202888106
 83.5298668559
 83.9061081058
 84.3363368557
 84.7693656056
 85.1455193556
 85.4533356055
 85.7683268554
 86.0865556053
 86.3835218553
 86.7190756052
 87.0482418551
 87.3733831051
 87.742974355
 88.1037281049
 88.4194193548
 88.7588231047
 89.1215893547
 89.4549556046
 89.8517593545
 90.2931881044
 90.6555168543
 90.9804831042
 91.3533993541
 91.7235156041
 92.052069354
 92.4373231039
 92.8432268538
 93.2169306037
 93.5731343536
 93.9135006036
 94.2682168535
 94.6163706034
 94.9425618533
 95.2871281032
 95.6561068532
 96.0294606031
 96.316889353
 96.404730603
 96.304446853
 96.161113103
 95.9864543531
 95.7609581031
 95.6236618532
 95.5817406032
 95.5631818532
 95.5714856032
 95.6244143532
 95.6494306032
 95.5942093532
 95.5007506032
 95.4184043532
 95.3466456032
 95.2663118532
 95.1886031033
 95.1840443533
 95.1723981033
 95.0806018533
 95.0122556033
 94.9575593533
 94.8915756033
 94.8508793533
 94.8232206033
 94.7909243534
 94.7874156034
 94.8209193533
 94.8265106033
 94.8314893533
 94.8297306033
 94.7972593534
 94.8017131034
 94.8087043534
 94.7554956034
 94.6939743534
 94.7161906034
 94.7626443534
 94.7835481034
 94.8048018534
 94.8037431034
 94.7829968534
 94.7794881034
 94.8143918534
 94.8240956033
 94.7458618534
 94.6275531034
 94.5517693534
 94.4981231034
 94.4051018534
 94.3286181035
 94.2985093535
 94.2795131035
 94.2297168535
 94.1297831035
 94.0436743535
 93.9986031035
 93.9536193535
 93.8881606036
 93.8857018536
 93.9090556036
 93.8537468536
 93.7114631036
 93.3549793537
 92.7950581038
 92.2464243539
 91.7487156041
 91.2120693542
 90.6526731043
 90.1543518544
 89.6835931045
 89.1893843546
 88.6943006047
 88.2753418548
 87.9297081049
 87.568236855
 87.1645906051
 86.7355693552
 86.2621856053
 85.7839893554
 85.3455181055
 84.9056468556
 84.5511756057
 84.3671543557
 84.3021331058
 84.3657368557
 84.5549031057
 84.7172068557
 84.7803731056
 84.8085393556
 84.8551681056
 84.8727468556
 84.8486756056
 84.8119168556
 84.7186331057
 84.5892993557
 84.4836781057
 84.4247818557
 84.3975606057
 84.4094518557
 84.4265931057
 84.4290343557
 84.4288506057
 84.4084543557
 84.4165831057
 84.4514868557
 84.5137781057
 84.5697693557
 84.5494606057
 84.4798893557
 84.4297431057
 84.4418968557
 84.4460881057
 84.4508043557
 84.4220081057
 84.3406243557
 84.3055281058
 84.2731443558
 84.2336731058
 84.2110893558
 84.1633931058
 84.0837593558
 84.0271381058
 83.9959793558
 83.9523956058
 83.8762618558
 83.8150906059
 83.8145568559
 83.8582981059
 83.8796393558
 83.8532931059
 83.8245843559
 83.8239631059
 83.8736543558
 83.9241331058
 83.9220243558
 83.8749406058
 83.8123693559
 83.7639731059
 83.7326393559
 83.6993806059
 83.7215968559
 83.7553631059
 83.7375918559
 83.7166706059
 83.6848118559
 83.6883906059
 83.6797193559
 83.6579231059
 83.6433893559
 83.5905306059
 83.5158843559
 83.4447381059
 83.379716856
 83.320558106
 83.263411856
 83.193490606
 83.186306856
 83.164510606
 83.073151856
 83.003493106
 83.012234356
 83.071375606
 83.114679356
 83.156408106
 83.282049356
 83.5493531059
 83.9006568558
 84.2927356058
 84.7241018557
 85.1976431055
 85.7270968554
 86.3002131053
 86.8301043552
 87.1562081051
 87.2009118551
 87.0959031051
 86.9838943551
 86.9035606052
 86.8333768552
 86.7526931052
 86.6891593552
 86.6322756052
 86.5606043552
 86.4919956053
 86.4400118553
 86.3777031053
 86.3031443553
 86.2580731053
 86.2167643553
 86.1404556053
 86.0662468553
 86.0682506053
 86.0811043553
 86.0806581053
 86.0446868554
 85.9738031054
 85.9441318554
 85.9170856054
 85.8720143554
 85.8237931054
 85.7780218554
 85.7349631054
 85.7346918554
 85.7690706054
 85.8300493554
 85.8946156054
 85.8822693554
 85.8343981054
 85.7643893554
 85.6487931054
 85.5422093555
 85.4567131055
 85.3748918555
 85.3166081055
 85.2706618555
 85.2277781055
 85.2317068555
 85.2729106055
 85.2692268555
 85.2716681055
 85.3138343555
 85.3163631055
 85.3002543555
 85.3065456055
 85.3130118555
 85.2596281055
 85.1845443556
 85.1800731056
 85.2131393555
 85.2060431055
 85.1827593556
 85.1840631056
 85.2241293555
 85.2900956055
 85.3440743555
 85.3551781055
 85.3402068555
 85.3056356055
 85.2553143555
 85.2503181055
 85.2466343555
 85.2103131055
 85.1627043556
 85.0872706056
 85.0239993556
 84.9862781056
 84.9601943556
 84.8852856056
 84.7599768556
 84.6829681057
 84.6303718557
 84.5471506057
 84.4844043557
 84.4453706057
 84.4141243557
 84.4149906057
 84.4077193557
 84.3743731057
 84.3269393557
 84.2454681058
 84.1765968558
 84.2010006058
 84.2539293558
 84.2771956058
 84.2499743558
 84.2242406058
 84.2474193558
 84.2704231058
 84.2932518558
 84.2946431058
 84.2647093558
 84.2284756058
 84.1872543558
 84.1193456058
 84.0335868558
 83.9773156058
 83.9144818558
 83.8258356059
 83.7730643559
 83.7304431059
 83.6765343559
 83.6711881059
 83.6746793559
 83.6200706059
 83.5443743559
 83.5459406059
 83.5762068559
 83.5839856059
 83.5611393559
 83.6767181059
 84.0251343558
 84.4594756057
 84.9528793556
 85.4643081055
 85.9482618554
 86.3894281053
 86.8313818552
 87.2660731051
 87.697439355
 88.0226681049
 88.0862718549
 87.9593881049
 87.790854355
 87.655745605
 87.512499355
 87.3550781051
 87.2693193551
 87.2066606051
 87.1168768551
 87.0916681051
 87.1018968551
 87.1003131051
 87.0548918551
 86.9697456051
 86.9295743552
 86.9102281052
 86.8782818552
 86.8193856052
 86.7227768552
 86.5610681052
 86.2793093553
 85.8819631054
 85.4605543555
 85.0459706056
 84.5812493557
 84.0694531058
 83.5773443559
 83.124785606
 82.6563018561
 82.2290306062
 81.9402718563
 81.8039381063
 81.8489043563
 81.9794456063
 82.0720118563
 82.1686906062
 82.2714943562
 82.3194356062
 82.2789143562
 82.2164306062
 82.1875468562
 82.1593631062
 82.2978668562
 82.6429581061
 83.036874356
 83.4533656059
 83.9213943558
 84.4056981057
 84.8966518556
 85.4092181055
 85.9006968554
 86.3823756053
 86.8196043552
 87.2281331051
 87.653724355
 88.0428281049
 88.3804818548
 88.6593356048
 88.7649393547
 88.7388556047
 88.6486343548
 88.4917381048
 88.3650293548
 88.2618581048
 88.1753993549
 88.1530781049
 88.1833443549
 88.2279606049
 88.2726643548
 88.3060806048
 88.3282093548
 88.3241756048
 88.2787543548
 88.2207331049
 88.1735618549
 88.1375906049
 88.0871818549
 88.0191856049
 87.9808518549
 87.9650931049
 87.9957968549
 88.0592256049
 88.0509918549
 87.9776581049
 87.9235743549
 87.8326531049
 87.622469355
 87.2696606051
 86.8278643552
 86.3856306053
 85.9452343554
 85.4895256055
 85.0496543556
 84.6125831057
 84.1877618558
 83.8003906059
 83.402956856
 83.114023106
 83.063876856
 83.180418106
 83.316734356
 83.408075606
 83.4933793559
 83.5358081059
 83.5074493559
 83.5024531059
 83.4783818559
 83.399798106
 83.340026856
 83.310443106
 83.314546856
 83.372900606
 83.432391856
 83.418908106
 83.336911856
 83.265065606
 83.239506856
 83.194873106
 83.120139356
 83.202468106
 83.5256843559
 83.9260756058
 84.3563043557
 84.8684331056
 85.4076868555
 85.9614656054
 86.5422818552
 87.0789106051
 87.578526855
 88.0497056049
 88.3968093548
 88.7138131047
 89.1283793546
 89.5306081046
 89.8273993545
 90.0364281044
 90.0939943544
 89.9717481045
 89.8288518545
 89.7148306045
 89.5506718546
 89.2394256046
 88.8447918547
 88.3781456048
 87.8298618549
 87.3253281051
 86.8793318552
 86.4492606053
 86.0131518554
 85.6522056054
 85.3281843555
 84.9846506056
 84.6358668557
 84.2276706058
 83.8645368559
 83.5183781059
 83.104231856
 82.7582481061
 82.5690643561
 82.5330931062
 82.6049218561
 82.7379131061
 82.8591793561
 82.9167456061
 82.8980118561
 82.8400781061
 82.7707693561
 82.7152856061
 82.7108143561
 82.7591056061
 82.8337343561
 82.8794006061
 82.8606668561
 82.8192706061
 82.7914368561
 82.8024531061
 82.8442693561
 82.8486356061
 82.8096893561
 82.7358306061
 82.6540968561
 82.6043881061
 82.5679793561
 82.5322706062
 82.5031243562
 82.4716156062
 82.4730943562
 82.4817481062
 82.5009018562
 82.5195306062
 82.4683343562
 82.4055006062
 82.3472168562
 82.2616331062
 82.1659868562
 82.1273031062
 82.1267693562
 82.0965731063
 82.0928018563
 82.1410931062
 82.1997968562
 82.2169381062
 82.1898918562
 82.1960081062
 82.2693243562
 82.3437781062
 82.4124568562
 82.4663481062
 82.4064018562
 82.3460181062
 82.4896843562
 82.8128131061
 83.223091856
 83.6460581059
 84.0987743558
 84.6133531057
 85.1192693556
 85.6213356055
 86.0764143553
 86.4398806053
 86.7712343552
 86.9599631051
 86.9341418552
 86.8070831052
 86.6390743552
 86.4393906053
 86.2423318553
 86.1348731053
 86.0835893553
 86.0041306054
 85.9399843554
 85.9056756054
 85.8818668554
 85.8236706054
 85.7632868554
 85.7207531054
 85.6545943554
 85.6116231055
 85.6326143554
 85.6461681054
 85.6010968555
 85.5550631055
 85.5186543555
 85.4680706055
 85.4198493555
 85.3671656055
 85.2851693555
 85.2175231055
 85.1631768556
 85.0782056056
 85.0185218556
 85.0229756056
 85.0690793556
 85.1132581056
 85.1390618556
 85.1096531056
 85.0280068556
 84.9596606056
 84.9062768556
 84.8582306056
 84.7901468556
 84.7180381057
 84.6755043557
 84.6436456057
 84.6336618557
 84.6061781057
 84.5514818557
 84.5215481057
 84.4835643557
 84.4430431057
 84.3965718557
 84.3788881057
 84.3485168557
 84.2395706058
 84.1815493558
 84.2091906058
 84.2158318558
 84.1638481058
 84.1058268558
 84.0743181058
 84.0461343558
 83.9963381058
 83.9827668558
 84.0099706058
 84.0281618558
 84.0054031058
 83.9339943558
 83.8869106058
 83.8892643558
 83.8817306058
 83.8272093559
 83.8065506059
 83.8352418559
 83.8642831059
 83.8556118559
 83.7632031059
 83.6577568559
 83.6135606059
 83.5785518559
 83.5437181059
 83.4899843559
 83.356888106
 83.281891856
 83.267795606
 83.213536856
 83.127603106
 83.098106856
 83.116998106
 83.085139356
 83.041030606
 83.006109356
 82.9764381061
 82.9846543561
 82.999433106
 82.9779868561
 82.9290656061
 82.8806693561
 82.8598356061
 82.7980518561
 82.7159681061
 82.6540968561
 82.6026381061
 82.6062168561
 82.6382331061
 82.6256243561
 82.5899156061
 82.5543818562
 82.4955731062
 82.4084143562
 82.3132056062
 82.2224593562
 82.1539381062
 82.1145543563
 82.0855831063
 82.0644868563
 82.0475031063
 82.0045318563
 81.9589356063
 81.9346893563
 81.9790431063
 82.0496468563
 82.0997756063
 82.1277668562
 82.1099956063
 82.1153243563
 82.1218781062
 82.0999068563
 82.0690106063
 82.0436268563
 82.0642681063
 82.1024968563
 82.0873506063
 82.0551418563
 82.0287081063
 81.9949243563
 81.9943031063
 81.9906193563
 81.9586731063
 81.9119393563
 81.8291556063
 81.7322843563
 81.6349756064
 81.5412543564
 81.4779831064
 81.4160243564
 81.3358656064
 81.2578943564
 81.1725731065
 81.1815768565
 81.2142931065
 81.1614343565
 81.0883631065
 81.0024293565
 80.9458956065
 80.9131618565
 80.8772781065
 80.8381568565
 80.7909856066
 80.7415393566
 80.6962056066
 80.6954093566
 80.7283881066
 80.7359043566
 80.7147206066
 80.6692118566
 80.6077781066
 80.5618318566
 80.5295356066
 80.4681893566
 80.3654556067
 80.2812718567
 80.2421506067
 80.2123043567
 80.1286456067
 79.9805868567
 79.8881781068
 79.8409193568
 79.7842981068
 79.7570768568
 79.7351056068
 79.7378093568
 79.8162006068
 80.0111418567
 80.3290206067
 80.7120868566
 81.1242031065
 81.6155068564
 82.0795106063
 82.4529518562
 82.8529931061
 83.260034356
 83.5708256059
 83.6635668559
 83.5576831059
 83.366486856
 83.133903106
 82.9621318561
 82.8473231061
 82.7478268561
 82.6911181061
 82.7578718561
 83.023250606
 83.376216856
 83.7221831059
 84.0612368558
 84.4995156057
 85.0212693556
 85.4960356055
 85.9334393554
 86.3672556053
 86.7672093552
 87.1586756051
 87.537541855
 87.8430831049
 88.1179993549
 88.3761156048
 88.6005443548
 88.8235731047
 89.0730268547
 89.3767306046
 89.7189343545
 90.0229006044
 90.3154043544
 90.6381831043
 90.9289368542
 91.1664906042
 91.3672068541
 91.5183106041
 91.4996643541
 91.3118806042
 91.1188468542
 90.9286131042
 90.7170293543
 90.5957456043
 90.5868118543
 90.6017656043
 90.5913443543
 90.5595731043
 90.5371643543
 90.4941931043
 90.4394968544
 90.4107881044
 90.3793668544
 90.3307081044
 90.2683993544
 90.1466781044
 89.9927568545
 89.8977231045
 89.8528268545
 89.8504556045
 89.8572718545
 89.8359131045
 89.8513043545
 89.9155206045
 89.9355493545
 89.9420156045
 89.9938068545
 90.0432356044
 90.0845268544
 90.0382306044
 90.0000718545
 90.0082881044
 90.0297168544
 90.0837831044
 90.0577868544
 90.0064156044
 90.0128818544
 90.0073606044
 89.9719143545
 89.9271931045
 89.8853593545
 89.8555131045
 89.7858543545
 89.7013206045
 89.6071618545
 89.5427531046
 89.5059068546
 89.4127981046
 89.2110143546
 88.8528681047
 88.3862218548
 87.9314756049
 87.476904355
 86.9777081051
 86.5207743552
 86.0823031053
 85.6846943554
 85.3991731055
 85.1620393556
 84.8763431056
 84.4914218557
 84.1235631058
 83.8099543559
 83.5152456059
 83.226574356
 82.9535656061
 82.6917568561
 82.3789356062
 82.0721518563
 81.7799806063
 81.4376718564
 81.1153131065
 80.7886668566
 80.3799456066
 79.9607243567
 79.6053781068
 79.2917693569
 79.004148107
 78.769726857
 78.5098431071
 78.2310593571
 78.1332256072
 78.2343668571
 78.4576581071
 78.873449357
 79.3497031069
 79.7262943568
 80.0831981067
 80.4984643566
 80.8893181065
 81.2122718565
 81.5608631064
 81.9035043563
 82.2223456062
 82.5879993561
 82.8943281061
 83.157519356
 83.4586856059
 83.7475143559
 83.9925056058
 84.1778218558
 84.2385381058
 84.1353668558
 83.9712081058
 83.8095868559
 83.6601281059
 83.5325443559
 83.431385606
 83.419651856
 83.5172056059
 83.5957718559
 83.6192131059
 83.5851668559
 83.5289831059
 83.4937118559
 83.4369156059
 83.418531856
 83.420798106
 83.398214356
 83.345093106
 83.281034356
 83.276300606
 83.277954356
 83.229295606
 83.136536856
 83.054190606
 83.047619356
 83.036848106
 82.9572143561
 82.8923681061
 82.8657593561
 82.8203381061
 82.7963543561
 82.8589956061
 82.9385243561
 82.9877781061
 83.033969356
 83.035798106
 83.023889356
 83.055030606
 83.048984356
 82.9816006061
 82.9128168561
 82.8592581061
 82.8282743561
 82.8336031061
 82.8098818561
 82.7072356061
 82.5916393561
 82.5180431062
 82.4761218562
 82.4660506062
 82.4646418562
 82.4405706062
 82.4087118562
 82.3751906062
 82.3258318562
 82.2839106062
 82.2897643562
 82.3297431062
 82.3726093562
 82.3765381062
 82.3534293562
 82.3968206062
 82.6000743561
 82.9169031061
 83.302856856
 83.7332606059
 84.1805518558
 84.6604806057
 85.1401468556
 85.5748381055
 85.9576418554
 86.3284581053
 86.6648868552
 86.8293781052
 86.7708318552
 86.6335356052
 86.5168893552
 86.3412681053
 86.1364218553
 86.0207381054
 85.9634168554
 85.9321706054
 85.9423118554
 85.9132531054
 85.8379068554
 85.7657981054
 85.6501143554
 85.4885806055
 85.3397343555
 85.2716506055
 85.2329668555
 85.1476456056
 85.0766743556
 85.0897031056
 85.0997568556
 85.0525856056
 85.0145143556
 85.0131056056
 85.0129218556
 84.9748506056
 84.9216418556
 84.8901331056
 84.8910868556
 84.8873156056
 84.8665693556
 84.8367231056
 84.8022393556
 84.8169306056
 84.8262843556
 84.7911006056
 84.7363168557
 84.7076081057
 84.6892243557
 84.6235906057
 84.5551568557
 84.5080731057
 84.4571393557
 84.3861681057
 84.3161593557
 84.2541131058
 84.2415043558
 84.2379956058
 84.2386868558
 84.2995781058
 84.3726318557
 84.3692981057
 84.3402393557
 84.3765431057
 84.4160843557
 84.4046131057
 84.3619918557
 84.3877081057
 84.4014368557
 84.3282781057
 84.2776943558
 84.2586981058
 84.1828268558
 84.0986431058
 84.0965343558
 84.0787631058
 84.0531168558
 84.0437456058
 84.0047118558
 83.9257781058
 83.8100068559
 83.7312481059
 83.6781268559
 83.5972681059
 83.5378468559
 83.5458881059
 83.5133293559
 83.4527706059
 83.4802368559
 83.5384156059
 83.5987818559
 83.5985106059
 83.5392643559
 83.4878931059
 83.415346856
 83.359950606
 83.379191856
 83.387320606
 83.315124356
 83.253515606
 83.227519356
 83.252623106
 83.254101856
 83.197305606
 83.166671856
 83.178738106
 83.172691856
 83.069083106
 82.9486743561
 82.8688656061
 82.8016568561
 82.7214106061
 82.6422143561
 82.5956556061
 82.5566218562
 82.5681631061
 82.5652668561
 82.5166081062
 82.5499368562
 82.6085531061
 82.6063568561
 82.5527981062
 82.4899643562
 82.4382431062
 82.3733968562
 82.2940256062
 82.2629543562
 82.2590081062
 82.2649493562
 82.2550531062
 82.2355318562
 82.2249356062
 82.1969268562
 82.1449431062
 82.0617218563
 82.0737881063
 82.0981918563
 82.0312456063
 81.9399743563
 81.8546531063
 81.7843818563
 81.7004606063
 81.6361393564
 81.6041056064
 81.5531718564
 81.5385506064
 81.5804543564
 81.5588331064
 81.4938993564
 81.4875906064
 81.5258193564
 81.5251981064
 81.4779393564
 81.4436306064
 81.3888468564
 81.3031756064
 81.2379793565
 81.2562581064
 81.2780368564
 81.2396156065
 81.2100318565
 81.2286606065
 81.2234018565
 81.3097556064
 81.5962218564
 81.9717631063
 82.3837918562
 82.7853206061
 83.162786856
 83.5587156059
 84.0285818558
 84.4996731057
 84.8467768556
 84.9965681056
 84.9921843556
 84.8562006056
 84.6478543557
 84.4975206057
 84.4030993557
 84.4058906057
 84.4716818557
 84.4418356057
 84.3811018557
 84.3547556057
 84.3159843557
 84.2715256058
 84.2330168558
 84.1768331058
 84.1519743558
 84.1523156058
 84.1020818558
 84.0509731058
 84.0234893558
 84.0209431058
 84.0449968558
 84.0323006058
 83.9648293558
 83.8840581058
 83.8571868559
 83.8538531059
 83.8267193559
 83.7723731059
 83.6944893559
 83.6411931059
 83.6053968559
 83.5710881059
 83.5447418559
 83.4960831059
 83.4385868559
 83.409878106
 83.392194356
 83.356223106
 83.344489356
 83.377380606
 83.379559356
 83.350325606
 83.286704356
 83.169883106
 83.084824356
 83.039403106
 82.9907443561
 82.9538106061
 82.9234393561
 82.9015556061
 82.8372343561
 82.7692381061
 82.7696668561
 82.8018581061
 82.8435868561
 82.8749031061
 82.8616818561
 82.8171356061
 82.7443268561
 82.6759806061
 82.6668718561
 82.6624881061
 82.6280043561
 82.5957956061
 82.5779368561
 82.5578031061
 82.5794943561
 82.5990856061
 82.5716893561
 82.5418431062
 82.5115593562
 82.4812756062
 82.4373418562
 82.3705706062
 82.3090493562
 82.2782406062
 82.2197818562
 82.1379606062
 82.0982268563
 82.0641806063
 81.9997718563
 81.9535631063
 81.9207418563
 81.8863456063
 81.8943868563
 81.9365531063
 81.9433693563
 81.8863106063
 81.8244393563
 81.7845306063
 81.7559093563
 81.7372631063
 81.6807293564
 81.6000456064
 81.5581243564
 81.5154156064
 81.4534568564
 81.3893981064
 81.3321643564
 81.2820181064
 81.2127968565
 81.1633506065
 81.1081293565
 80.9958581065
 80.9175368565
 80.8796406065
 80.8226693565
 80.7472356066
 80.6885143566
 80.6348681066
 80.5837593566
 80.5635381066
 80.5913543566
 80.6551331066
 80.6312368566
 80.5579031066
 80.5273568566
 80.4879731066
 80.4416768566
 80.4356306066
 80.4377218566
 80.4113756066
 80.4116293566
 80.4226456066
 80.3847493566
 80.3373156067
 80.2616193567
 80.1776981067
 80.1659643567
 80.1410181067
 80.0836968567
 80.0907756067
 80.0733543567
 79.9746456067
 79.9097993568
 79.8924656068
 79.8549193568
 79.7888481068
 79.7160393568
 79.6630056068
 79.6206468568
 79.5425006068
 79.4589293569
 79.4425581069
 79.4402743569
 79.4034281069
 79.4007943569
 79.4455856069
 79.5356143568
 79.7594306068
 80.2254468567
 80.7791381066
 81.2666793564
 81.8001581063
 82.3706493562
 82.9029031061
 83.364719356
 83.7808606059
 84.1864143558
 84.5874181057
 84.9674218556
 85.3126881055
 85.6471918554
 85.9974456054
 86.3654618553
 86.7123031052
 87.0698193551
 87.452273105
 87.751426855
 87.8719056049
 87.8163343549
 87.660838105
 87.451004355
 87.2298831051
 87.0721993551
 86.9662281051
 86.8832693552
 86.7648731052
 86.6458643552
 86.5982556052
 86.5971968552
 86.6339381052
 86.6388293552
 86.6241206052
 86.6456368552
 86.6717906052
 86.6715193552
 86.6481481052
 86.6516393552
 86.6756931052
 86.6567843552
 86.5776756052
 86.5046043552
 86.4379206053
 86.3663368553
 86.3007906053
 86.2236068553
 86.1451981053
 86.1213893553
 86.1055431053
 86.0910093553
 86.0321131054
 85.9745293554
 86.0131081054
 85.9857993554
 85.9193781054
 85.8688818554
 85.8210106054
 85.7736643554
 85.7145931054
 85.6764343554
 85.6553381054
 85.6604043554
 85.6469206054
 85.5805868555
 85.5507406055
 85.5699818555
 85.5368106055
 85.4588393555
 85.4562056055
 85.4502468555
 85.3982631055
 85.3607168555
 85.2936831055
 85.2063493555
 85.1472781056
 85.1069318556
 85.0513606056
 84.9982393556
 84.9594681056
 84.9296218556
 84.8617131056
 84.6181043557
 84.1854081058
 83.7140368559
 83.306628106
 82.8331568561
 82.2776106062
 81.8020393563
 81.4507181064
 81.0895968565
 80.6671381066
 80.4286918566
 80.4405831066
 80.5212493566
 80.5766281066
 80.6250068566
 80.6628856066
 80.7145018566
 80.7866806066
 80.8847593565
 80.9368131065
 80.9540418565
 80.9899081065
 80.9805368565
 80.9374781065
 80.9038693565
 80.8643981065
 80.8083018565
 80.7484431066
 80.6798343566
 80.6104381066
 80.5307168566
 80.4961456066
 80.4892243566
 80.4449406066
 80.3930443566
 80.4055481066
 80.5511393566
 80.8282431065
 81.2448218564
 81.7273756063
 82.1725668562
 82.6184581061
 83.098036856
 83.5536406059
 84.0223693558
 84.5206731057
 84.9898393556
 85.4282056055
 85.8256218554
 86.1637131053
 86.4788793553
 86.8003456052
 87.1294243551
 87.503915605
 87.8923193549
 88.2603356048
 88.5806643548
 88.8591681047
 89.1567468546
 89.4216881046
 89.6150543545
 89.8553206045
 90.1453743544
 90.4534531043
 90.7669568543
 91.0017981042
 91.2245643542
 91.5039431041
 91.853496854
 92.2410256039
 92.5888293539
 92.9306831038
 93.3313368537
 93.7261281036
 94.0705193535
 94.4180606034
 94.7711143534
 95.0640556033
 95.3389718532
 95.6784631032
 95.9891668531
 96.262683103
 96.558074353
 96.8718406029
 97.1892818528
 97.4957856027
 97.8542643527
 98.2287556026
 98.5791843525
 98.9232256024
 99.2349793523
 99.5357956023
 99.8483368522
 100.178465602
 100.528894352
 100.850535602
 101.160014352
 101.467830602
 101.744846852
 101.977675602
 102.158004352
 102.335008102
 102.576849352
 102.876965602
 103.197469351
 103.526110601
 103.838739351
 104.175605601
 104.525071851
 104.872875601
 105.208691851
 105.534095601
 105.851799351
 106.168715601
 106.514506851
 106.843235601
 107.163389351
 107.5166181
 107.83983435
 108.1011881
 108.36805435
 108.6408706
 108.93039935
 109.2251781
 109.49886935
 109.7711606
 110.10015185
 110.5001056
 110.81850935
 111.1104006
 111.43160435
 111.712558099
 111.998236849
 112.328015599
 112.669869349
 112.995885599
 113.326889349
 113.675918099
 114.031596849
 114.386050599
 114.733504349
 115.051645599
 115.383349349
 115.795903099
 116.205744348
 116.549785598
 116.931276848
 117.331318098
 117.661359348
 117.960950598
 118.273491848
 118.604408098
 118.978024348
 119.346653098
 119.681944348
 119.989498098
 120.273601848
 120.583868097
 120.958271847
 121.344488097
 121.700429347
 122.076058097
 122.437511847
 122.745240597
 123.052881847
 123.403310597
 123.739651847
 124.080630597
 124.470784347
 124.854725596
 125.236041846
 125.615433096
 125.954311846
 126.258890596
 126.590944346
 126.952135596
 127.301076846
 127.670843096
 128.052684346
 128.445113096
 128.830016846
 129.167845596
 129.501649345
 129.831428095
 130.168206845
 130.566848095
 131.013789345
 131.456180595
 131.893321845
 132.268775595
 132.599604345
 132.928508095
 133.266861845
 133.648003094
 134.035269344
 134.447560594
 134.866764344
 135.244580594
 135.629571844
 136.028038094
 136.376279344
 136.709120594
 137.105836844
 137.544815594
 137.956231844
 138.324073093
 138.722101843
 139.105343093
 139.478784343
 139.904550593
 140.318416843
 140.729833093
 141.139761843
 141.546190593
 142.012206843
 142.525385592
 142.988514342
 143.374905592
 143.765496842
 144.199663092
 144.592266842
 144.948208092
 145.332324342
 145.665253092
 145.885744342
 146.130823092
 146.495864342
 146.893455591
 147.259721841
 147.610238091
 147.994791841
 148.393258091
 148.771774341
 149.162190591
 149.515681841
 149.833298091
 150.169639341
 150.532493091
 150.908646841
 151.27307559
 151.62394184
 151.99388309
 152.35717434
 152.68336559
 153.03956934
 153.37731059
 153.66036434
 153.95584309
 154.27975934
 154.65337559
 155.09340434
 155.552683089
 155.960511839
 156.328703089
 156.678344339
 156.972685589
 157.227126839
 157.502480589
 157.844684339
 158.208675589
 158.524979339
 158.830433089
 159.157149339
 159.486315589
 159.808394339
 160.136423088
 160.494464338
 160.929680588
 161.370671838
 161.741313088
 162.077129338
 162.426595588
 162.774836838
 163.113453088
 163.473944338
 163.813348088
 164.135076838
 164.393193087
 164.469921837
 164.399650587
 164.304966837
 164.157695588
 164.011124338
 163.907253088
 163.814494338
 163.761635588
 163.704139338
 163.650668088
 163.656346838
 163.665263088
 163.637691838
 163.641008088
 163.631986838
 163.573878088
 163.525131838
 163.475685588
 163.457651838
 163.486343088
 163.513371838
 163.511700588
 163.525429338
 163.576608088
 163.565224338
 163.521728088
 163.497919338
 163.411985588
 163.329289338
 163.261993088
 163.117871838
 163.000263088
 162.934804338
 162.885095588
 162.927349338
 163.163765588
 163.580344338
 164.044435588
 164.512726837
 165.017243087
 165.553696837
 166.103625587
 166.666241837
 167.077308087
 167.197086837
 167.155778087
 167.038169337
 166.830085587
 166.604239337
 166.525218087
 166.459846837
 166.318263087
 166.333304337
 166.411520587
 166.446861837
 166.512303087
 166.603906837
 166.740748087
 166.845476837
 166.843805587
 166.835046837
 166.821475587
 166.742541837
 166.665620587
 166.594911837
 166.487453087
 166.396706837
 166.334398087
 166.269464337
 166.190968087
 166.125596837
 166.070288087
 166.053304337
 166.081908087
 166.059149337
 166.042778087
 166.042506837
 165.987198087
 165.897414337
 165.833443087
 165.798434337
 165.742600587
 165.672941837
 165.615620587
 165.574399337
 165.538340587
 165.530281837
 165.576735587
 165.646814337
 165.715143087
 165.736659337
 165.752663087
 165.813991837
 165.859045587
 165.897011837
 165.896040587
 165.833994337
 165.760835587
 165.689689337
 165.629568087
 165.576096837
 165.511163087
 165.462766837
 165.434670587
 165.449974337
 165.457578087
 165.423881837
 165.393248087
 165.331464337
 165.238530587
 165.109284337
 164.974000587
 164.874854337
 164.819895587
 164.797399337
 164.831515587
 164.911656837
 164.956360587
 164.974551837
 164.995280587
 165.028434337
 165.078825587
 165.091854337
 165.069708087
 165.051236837
 165.029790587
 164.994256837
 164.987685587
 164.998701837
 164.970780587
 164.869971837
 164.733813087
 164.647704337
 164.610508087
 164.582936837
 164.512403087
 164.438106837
 164.393998087
 164.316464337
 164.357580587
 164.613859337
 165.001475587
 165.476416837
 165.980845587
 166.513711837
 167.107215587
 167.702556837
 168.128673087
 168.328601837
 168.300330587
 168.135559337
 167.991788087
 167.882054337
 167.786495587
 167.714386837
 167.721728087
 167.780606837
 167.823123087
 167.874914337
 167.875780587
 167.835171837
 167.786775587
 167.710554337
 167.622608087
 167.522149337
 167.429565587
 167.370931837
 167.310810587
 167.232226837
 167.168868087
 167.121346837
 167.088525587
 167.058854337
 167.013783087
 166.963199337
 166.970103087
 166.987244337
 166.988635587
 167.027039337
 167.065880587
 167.098859337
 167.099638087
 167.088604337
 167.118783087
 167.110724337
 167.030740587
 166.955919337
 166.899560587
 166.848626837
 166.788068087
 166.732059337
 166.729863087
 166.756979337
 166.763270587
 166.730099337
 166.688353087
 166.649231837
 166.605823087
 166.534501837
 166.430455587
 166.345659337
 166.325525587
 166.376441837
 166.425608087
 166.462086837
 166.501278087
 166.503981837
 166.482973087
 166.491364337
 166.484005587
 166.426859337
 166.374175587
 166.313354337
 166.261895587
 166.259611837
 166.284278087
 166.393994337
 166.659898087
 167.022314337
 167.414393087
 167.874371837
 168.381775587
 168.854966836
 169.328158086
 169.811411836
 170.260103086
 170.648681836
 170.956060586
 171.212689336
 171.444205586
 171.690421836
 171.977588086
 172.304129336
 172.638108086
 172.963074336
 173.342028085
 173.716606835
 174.096173085
 174.519401835
 174.911480585
 175.266284335
 175.634650585
 176.030404335
 176.411983085
 176.758999335
 177.101465585
 177.495906834
 177.912835584
 178.260814334
 178.583155584
 178.932271834
 179.253213084
 179.523141834
 179.765595584
 180.043574334
 180.356290584
 180.687819334
 181.060823084
 181.436451834
 181.806568083
 182.185171833
 182.523788083
 182.842191833
 183.205133083
 183.581374333
 183.941953083
 184.323269333
 184.723573083
 185.114251833
 185.512893083
 185.915034333
 186.306238082
 186.691929332
 187.073683082
 187.465324332
 187.806653082
 188.163294332
 188.548723082
 188.932926832
 189.318968082
 189.640696832
 190.047475582
 190.541229331
 191.006983081
 191.457161831
 191.912853081
 192.347194331
 192.750560581
 193.141501831
 193.501993081
 193.880159331
 194.243538081
 194.542516831
 194.843333081
 195.15648683
 195.49291558
 195.84343183
 196.20576058
 196.59311433
 196.95465558
 197.31042183
 197.64125058
 197.92894183
 198.19432058
 198.56994933
 199.05591558
 199.492969329
 199.891610579
 200.255426829
 200.575405579
 200.885934329
 201.230413079
 201.567891829
 201.903270579
 202.288611829
 202.677103079
 203.069969329
 203.459423079
 203.850889328
 204.298268078
 204.712746828
 205.104475578
 205.545991828
 205.997833078
 206.404261828
 206.765278078
 207.128219328
 207.461148078
 207.797139328
 208.210393077
 208.631171827
 209.017388077
 209.408154327
 209.750445577
 210.030699327
 210.327753077
 210.668031827
 211.019685577
 211.356026827
 211.736905577
 212.181046827
 212.644963076
 213.083591826
 213.451345576
 213.760299326
 214.077828076
 214.420644326
 214.772473076
 215.140139326
 215.527143076
 215.914059326
 216.305000576
 216.688766826
 217.048733075
 217.465399325
 217.945240575
 218.416244325
 218.875610575
 219.324914325
 219.794693075
 220.255634325
 220.680438075
 221.089841825
 221.495045574
 221.944436824
 222.425065574
 222.863781824
 223.248160574
 223.620114324
 223.993293074
 224.389571824
 224.828113074
 225.239529324
 225.637208073
 226.097361823
 226.547365573
 226.962456823
 227.384635573
 227.786164323
 228.150418073
 228.532609323
 228.939475573
 229.362004323
 229.794245573
 230.181511822
 230.468328072
 230.555119322
 230.481085572
 230.379139322
 230.226705572
 230.049334322
 229.890600573
 229.786729323
 229.777270573
 229.805436823
 229.833865573
 229.833331823
 229.796835573
 229.731289323
 229.664955573
 229.632484323
 229.598613073
 229.555029323
 229.556945573
 229.695536823
 229.961265572
 230.342581822
 230.834323072
 231.348289322
 231.837930572
 232.308409322
 232.732688072
 233.164666822
 233.532508072
 233.689999322
 233.653240572
 233.519356822
 233.372348072
 233.206876822
 233.109830572
 233.064059322
 232.992650572
 232.922554322
 232.873283072
 232.817274322
 232.752690572
 232.704206822
 232.653273072
 232.590526822
 232.509493072
 232.427234322
 232.373500572
 232.342429322
 232.404895572
 232.609286822
 232.933028072
 233.326681822
 233.747723072
 234.252239322
 234.784580571
 235.238609321
 235.611613071
 235.852841821
 235.974808071
 236.116374321
 236.334240571
 236.563831821
 236.805060571
 237.137114321
 237.508893071
 237.844621821
 238.185775571
 238.437416821
 238.527533071
 238.498386821
 238.321540571
 238.080469321
 237.944748071
 238.039501821
 238.254218071
 238.470334321
 238.74586307
 238.96810432
 239.04238307
 239.08174932
 239.20380307
 239.42359432
 239.71951057
 240.05313932
 240.35780557
 240.55055932
 240.55991307
 240.46199182
 240.42812057
 240.60004932
 240.91714057
 241.26284432
 241.67496057
 242.12452682
 242.51468057
 242.73613432
 242.87192557
 243.128729319
 243.444158069
 243.727649319
 244.022953069
 244.351156819
 244.635698069
 244.788026819
 244.789680569
 244.723346819
 244.752475569
 244.880829319
 245.116545569
 245.422524319
 245.765165569
 246.168531819
 246.446335569
 246.475814319
 246.476418069
 246.623321819
 246.848538069
 247.094491819
 247.422433069
 247.834811818
 248.228028068
 248.599981818
 248.925210568
 249.093114318
 249.076043068
 248.939184318
 248.805475568
 248.720591818
 248.652595568
 248.659149318
 248.702365568
 248.761856818
 248.784073068
 248.736989318
 248.701980568
 248.673359318
 248.644738068
 248.622241818
 248.631770568
 248.615574318
 248.541540568
 248.495069318
 248.475898068
 248.444564318
 248.439918068
 248.431421818
 248.475250568
 248.687866818
 249.036370568
 249.469749318
 249.959128068
 250.465306818
 251.011998068
 251.572339318
 252.097330567
 252.602021817
 253.029888067
 253.372004317
 253.691633067
 254.034274317
 254.369828067
 254.673181817
 254.955798067
 255.238589317
 255.497318067
 255.772146817
 256.091950567
 256.446229316
 256.829208066
 257.231174316
 257.686253066
 258.102219316
 258.447485566
 258.824076816
 259.204080566
 259.541471816
 259.842200566
 260.011504316
 259.992333066
 259.865624316
 259.691053066
 259.495919316
 259.346898066
 259.324051816
 259.408393066
 259.478034316
 259.520200566
 259.576891816
 259.616258066
 259.614936816
 259.546065566
 259.461706816
 259.395723066
 259.295351816
 259.211168066
 259.157521816
 259.090750566
 259.025116816
 258.913545566
 258.649286816
 258.210115566
 257.692894316
 257.151260566
 256.623101816
 256.132393067
 255.629259317
 255.133038067
 254.706816817
 254.342370567
 253.961211817
 253.502965567
 253.029669317
 252.622435567
 252.264901817
 251.882343067
 251.514046818
 251.189500568
 250.832491818
 250.454833068
 250.056961818
 249.648328068
 249.263931818
 248.895460568
 248.499339318
 248.065680568
 247.675771818
 247.346413069
 247.018366819
 246.824458069
 246.841686819
 246.928128069
 246.979131819
 246.971598069
 247.051564319
 247.201968069
 247.319559319
 247.560000568
 247.933179318
 248.305133068
 248.699399318
 249.121053068
 249.508756818
 249.886223068
 250.258264318
 250.647718068
 251.057646818
 251.412188068
 251.729454318
 252.048033067
 252.289524317
 252.512203067
 252.850644317
 253.211048067
 253.488851817
 253.687205567
 253.779509317
 253.755263067
 253.693129317
 253.551108067
 253.368224317
 253.251753067
 253.146219317
 253.018810567
 252.936814317
 252.958505567
 253.027709317
 253.091488067
 253.079754317
 253.053670567
 253.043424317
 253.001940567
 252.965706817
 252.928948067
 252.898751817
 252.846768067
 252.752609317
 252.672450567
 252.603316817
 252.522808067
 252.472924317
 252.479215567
 252.509831817
 252.536335567
 252.563714317
 252.545943067
 252.492296817
 252.443113067
 252.393404317
 252.316045567
 252.246911817
 252.206303067
 252.136206817
 252.051323067
 252.049826817
 252.103893067
 252.140809317
 252.189275567
 252.256029317
 252.308345567
 252.304749317
 252.265365567
 252.190281817
 252.111960567
 252.055164317
 252.009830567
 251.960909317
 251.901925567
 251.860616817
 251.789558068
 251.720949318
 251.699415568
 251.712619318
 251.716898068
 251.685039318
 251.632968068
 251.558584318
 251.470900568
 251.408854318
 251.372533068
 251.320549318
 251.246690568
 251.143694318
 251.000360568
 250.891151818
 250.847305568
 250.798734318
 250.737475568
 250.674554318
 250.638845568
 250.573474318
 250.494190568
 250.449556818
 250.361173068
 250.259489318
 250.163843068
 250.117984318
 250.091725568
 250.031254318
 249.987845568
 249.932799318
 249.855003068
 249.754631818
 249.671235568
 249.600701818
 249.543555568
 249.506621818
 249.465925568
 249.403966818
 249.335970568
 249.369649318
 249.376028068
 249.288169318
 249.235660568
 249.193126818
 249.181655568
 249.162309318
 249.090813068
 249.028154318
 248.987545568
 248.959624318
 248.930303068
 248.928894318
 248.956623068
 248.994851818
 249.038418068
 249.070171818
 249.027200568
 248.957366818
 248.896195568
 248.832661818
 248.787940568
 248.713731818
 248.630510568
 248.602501818
 248.599780568
 248.550421818
 248.485400568
 248.477254318
 248.504983068
 248.538924318
 248.591328068
 248.601206818
 248.548698068
 248.484464318
 248.421280568
 248.342171818
 248.275925568
 248.270054318
 248.314058068
 248.303811818
 248.257690568
 248.240881818
 248.250060568
 248.280414318
 248.337018068
 248.410771818
 248.456613068
 248.451704318
 248.411620568
 248.302586818
 248.141665568
 248.063081818
 248.036035568
 247.996476818
 247.951318068
 247.914121818
 247.866163068
 247.812866818
 247.784508068
 247.783361818
 247.810303068
 247.866994318
 247.899448068
 247.871789318
 247.786118068
 247.698346818
 247.685475568
 247.669891818
 247.625258068
 247.589549318
 247.532928068
 247.523644318
 247.570273068
 247.670451818
 247.887618068
 248.221071818
 248.620325568
 249.000329318
 249.430645568
 249.922124318
 250.366615568
 250.737519318
 251.102385568
 251.434964318
 251.554743068
 251.468896818
 251.335538068
 251.183016818
 251.020170568
 250.892499318
 250.770603068
 250.670669318
 250.679148068
 250.700051818
 250.610093068
 250.504471818
 250.448463068
 250.403916818
 250.342133068
 250.311936818
 250.257415568
 250.165531818
 250.155023068
 250.186689318
 250.223343068
 250.204521818
 250.155250568
 250.116391818
 250.096695568
 250.081899318
 250.033153068
 249.979244318
 249.966460568
 249.945889318
 249.867480568
 249.773321818
 249.682488068
 249.633391818
 249.598820568
 249.566961818
 249.542628068
 249.494756818
 249.451260568
 249.406626818
 249.359893068
 249.299946818
 249.194063068
 249.115391818
 249.108383068
 249.129811818
 249.157015568
 249.191219318
 249.166010568
 249.109214318
 249.072980568
 249.037009318
 249.038225568
 249.072866818
 249.063408068
 248.997774318
 248.982628068
 248.988306818
 248.944285568
 248.931326818
 248.934468068
 248.882571818
 248.824813068
 248.781929318
 248.670270568
 248.539361818
 248.476003068
 248.441081818
 248.403710568
 248.372289318
 248.373155568
 248.423546818
 248.433688068
 248.374091818
 248.330595568
 248.327786818
 248.326815568
 248.325669318
 248.285060568
 248.223364318
 248.202530568
 248.169971818
 248.126388068
 248.060754318
 248.028720568
 248.032649318
 247.987753068
 247.978644318
 247.972598068
 247.905476818
 247.852005568
 247.817784318
 247.777525568
 247.717404318
 247.649320568
 247.593224318
 247.531528068
 247.460119318
 247.502110568
 247.744651818
 248.124480568
 248.549809318
 249.026588068
 249.551841818
 250.114283068
 250.701311818
 251.237065568
 251.720756818
 252.190798067
 252.551726817
 252.600718067
 252.437346817
 252.279313067
 252.132654317
 252.037008067
 251.997099317
 251.946340567
 251.926119317
 251.956648067
 251.968451817
 251.926968067
 251.861509317
 251.758513068
 251.658316818
 251.607558068
 251.557061818
 251.479440568
 251.373031818
 251.280098068
 251.228464318
 251.185230568
 251.123621818
 251.096750568
 251.083266818
 251.049133068
 250.994349318
 250.931515568
 250.894931818
 250.825273068
 250.763401818
 250.736005568
 250.673171818
 250.611388068
 250.654604318
 250.762745568
 250.837636818
 250.913490568
 251.023031818
 251.098010568
 251.087851818
 251.009618068
 250.923684318
 250.864175568
 250.828991818
 250.775083068
 250.694924318
 250.671640568
 250.674344318
 250.673985568
 250.718514318
 250.776605568
 250.763646818
 250.682700568
 250.616629318
 250.541283068
 250.457186818
 250.394703068
 250.330731818
 250.287235568
 250.248114318
 250.213455568
 250.171534318
 250.165925568
 250.261204318
 250.340033068
 250.340199318
 250.311315568
 250.302644318
 250.331160568
 250.327039318
 250.267530568
 250.219309318
 250.153763068
 250.045079318
 249.999308068
 250.016886818
 249.990540568
 249.942494318
 249.937060568
 249.903976818
 249.828630568
 249.781546818
 249.755375568
 249.706891818
 249.619470568
 249.544649318
 249.485053068
 249.433244318
 249.311960568
 249.057501818
 248.721668068
 248.362734318
 247.966788068
 247.522279318
 247.037958069
 246.508574319
 246.004128069
 245.545006819
 245.057710569
 244.575401819
 244.205180569
 244.094571819
 244.184338069
 244.305341819
 244.552695569
 244.875386819
 245.193178069
 245.552794319
 245.964210569
 246.443176819
 246.950230569
 247.418434319
 247.823463068
 248.196379318
 248.605520568
 249.035661818
 249.472278068
 249.919656818
 250.363098068
 250.845389318
 251.332668068
 251.833421817
 252.383613067
 252.892066817
 253.165845567
 253.220786817
 253.208090567
 253.116994317
 252.968148067
 252.810201817
 252.660918067
 252.547509317
 252.537263067
 252.584679317
 252.572420567
 252.517636817
 252.515440567
 252.550606817
 252.542110567
 252.571589317
 252.608768067
 252.527821817
 252.338200567
 252.024329317
 251.625845568
 251.196911818
 250.726853068
 250.228006818
 249.769060568
 249.361914318
 248.929830568
 248.467734318
 248.041250568
 247.655891818
 247.243145569
 246.937324319
 246.887178069
 246.968019319
 247.095935569
 247.202326819
 247.217455569
 247.160834319
 247.084700569
 247.002879319
 246.921845569
 246.831711819
 246.743853069
 246.728094319
 246.728523069
 246.745751819
 246.740405569
 246.738909319
 246.801988069
 246.819391819
 246.828308069
 246.801786819
 246.721190569
 246.674281819
 246.641898069
 246.587989319
 246.530405569
 246.471946819
 246.399488069
 246.384079319
 246.415308069
 246.405061819
 246.406015569
 246.371794319
 246.275710569
 246.214539319
 246.158968069
 246.094471819
 246.043800569
 245.996279319
 245.920058069
 245.841211819
 245.806203069
 245.817394319
 245.859123069
 245.925089319
 245.932080569
 245.856121819
 245.785500569
 245.740254319
 245.705070569
 245.676624319
 245.612303069
 245.520331819
 245.507985569
 245.548051819
 245.553905569
 245.521346819
 245.488613069
 245.469004319
 245.496033069
 245.487886819
 245.408428069
 245.341219319
 245.321873069
 245.437714319
 245.708080569
 246.120984319
 246.610275569
 247.096504319
 247.637683068
 248.275199318
 248.893290568
 249.466581818
 250.015723068
 250.482964318
 250.790343068
 250.870571818
 250.837663068
 250.717516818
 250.485720568
 250.264074318
 250.154778068
 250.099819318
 250.077760568
 250.170064318
 250.259480568
 250.296834318
 250.358075568
 250.407504318
 250.449320568
 250.447736818
 250.370815568
 250.309294318
 250.262210568
 250.206901818
 250.176443068
 250.119646818
 250.060750568
 250.068441818
 250.055570568
 250.038149318
 250.078478068
 250.127906818
 250.113898068
 250.038551818
 249.979743068
 249.918921818
 249.850050568
 249.760091818
 249.678533068
 249.637661818
 249.590928068
 249.530806818
 249.472085568
 249.456851818
 249.488343068
 249.493934318
 249.420513068
 249.330466818
 249.304558068
 249.321436818
 249.316703068
 249.271281818
 249.200398068
 249.133189318
 249.098355568
 249.115584318
 249.151100568
 249.149254318
 249.151958068
 249.133224318
 249.049040568
 248.989444318
 248.952860568
 248.897464318
 248.853443068
 248.817821818
 248.783863068
 248.811591818
 248.860408068
 248.890411818
 248.957690568
 248.975094318
 248.851098068
 248.687289318
 248.601355568
 248.569671818
 248.542625568
 248.518641818
 248.492120568
 248.450286818
 248.476790568
 248.556056818
 248.618960568
 248.617376818
 248.596543068
 248.648684318
 248.653138068
 248.594854318
 248.554070568
 248.505674318
 248.446690568
 248.407044318
 248.381223068
 248.333701818
 248.193518068
 247.870984318
 247.384300569
 246.925704319
 246.479620569
 245.938511819
 245.431178069
 244.960506819
 244.459210569
 243.943476819
 243.473768069
 243.02234682
 242.54537557
 242.13026682
 241.75383307
 241.37109932
 241.02511557
 240.81991932
 240.86777307
 241.23937682
 241.74284307
 242.19503432
 242.62255057
 243.04175432
 243.497533069
 243.914986819
 244.293940569
 244.649531819
 244.947723069
 245.271814319
 245.605618069
 245.949921819
 246.293263069
 246.622254319
 246.955183069
 247.311824319
 247.745553068
 248.191269318
 248.575735568
 248.899301818
 249.093543068
 249.113396818
 249.006988068
 248.800654318
 248.583645568
 248.400936818
 248.215603068
 248.053194318
 247.921323068
 247.835389318
 247.792943068
 247.759246818
 247.760638068
 247.751091818
 247.751433068
 247.798761818
 247.841803068
 247.804606818
 247.767148068
 247.774489318
 247.732393068
 247.675159318
 247.618800568
 247.568129318
 247.556395568
 247.598736818
 247.647903068
 247.674406818
 247.656985568
 247.612176818
 247.584343068
 247.550996818
 247.507413068
 247.453854318
 247.374570569
 247.242611819
 247.134365569
 247.075206819
 247.000035569
 246.939914319
 246.895980569
 246.849946819
 246.814763069
 246.789904319
 246.789808069
 246.788574319
 246.739303069
 246.685744319
 246.629910569
 246.569439319
 246.574330569
 246.591821819
 246.539488069
 246.467204319
 246.413733069
 246.423786819
 246.475928069
 246.453081819
 246.427698069
 246.435564319
 246.446580569
 246.482446819
 246.460913069
 246.433254319
 246.434908069
 246.406724319
 246.367603069
 246.362869319
 246.336260569
 246.304051819
 246.342105569
 246.335096819
 246.279438069
 246.229816819
 246.185270569
 246.156299319
 246.124353069
 246.058806819
 245.998948069
 245.979514319
 246.009693069
 246.076359319
 246.091488069
 246.094979319
 246.158933069
 246.196724319
 246.163553069
 246.131431819
 246.144985569
 246.187064319
 246.193968069
 246.200521819
 246.197450569
 246.162004319
 246.197870569
 246.219561819
 246.209928069
 246.241681819
 246.242635569
 246.191701819
 246.084768069
 245.981159319
 245.903713069
 245.834316819
 245.799833069
 245.764036819
 245.720365569
 245.689994319
 245.687798069
 245.714476819
 245.711930569
 245.653646819
 245.635788069
 245.693266819
 245.743483069
 245.739186819
 245.688428069
 245.638281819
 245.637573069
 245.640101819
 245.609380569
 245.578921819
 245.573838069
 245.629916819
 245.661933069
 245.630686819
 245.579490569
 245.503181819
 245.431598069
 245.362551819
 245.264980569
 245.165134319
 245.088913069
 245.009979319
 244.932445569
 244.919924319
 244.962528069
 244.976344319
 244.936785569
 244.883401819
 244.817068069
 244.762109319
 244.763763069
 244.783354319
 244.768733069
 244.797774319
 244.867590569
 244.917281819
 244.960673069
 245.008526819
 245.073530569
 245.084896819
 245.041750569
 244.991429319
 244.936995569
 244.868911819
 244.836878069
 244.807031819
 244.755573069
 244.721089319
 244.687480569
 244.636021819
 244.561375569
 244.536691819
 244.525133069
 244.477086819
 244.420203069
 244.346256819
 244.272660569
 244.228376819
 244.165368069
 244.072696819
 243.986063069
 243.901004319
 243.841233069
 243.873074319
 244.076765569
 244.443994319
 244.898285569
 245.386526819
 245.893143069
 246.415509319
 246.909438069
 247.365304319
 247.761320568
 248.079811818
 248.299428068
 248.322169318
 248.191523068
 247.995601818
 247.774655568
 247.584596818
 247.437413069
 247.346229319
 247.311395569
 247.271924319
 247.251965569
 247.255106819
 247.259735569
 247.211689319
 247.127855569
 247.094859319
 247.024413069
 246.890966819
 246.805558069
 246.732924319
 246.644453069
 246.639894319
 246.790473069
 247.070551819
 247.420018069
 247.844734318
 248.315475568
 248.832766818
 249.337545568
 249.769961818
 250.225040568
 250.566631818
 250.673810568
 250.602401818
 250.424155568
 250.214934318
 250.006675568
 249.884516818
 249.795783068
 249.698736818
 249.684290568
 249.781056818
 249.885610568
 249.882276818
 249.830555568
 249.849621818
 249.894850568
 249.807079318
 249.616408068
 249.500549318
 249.441303068
 249.364381818
 249.297610568
 249.243439318
 249.125480568
 248.829546818
 248.458275568
 248.123841818
 247.762545568
 247.371061819
 246.999528069
 246.602269319
 246.188735569
 245.842489319
 245.511555569
 245.157609319
 244.812500569
 244.526541819
 244.204183069
 243.927324319
 243.789765569
 243.717219319
 243.753348069
 243.882839319
 243.949068069
 243.922021819
 243.872750569
 243.801866819
 243.754345569
 243.733511819
 243.686865569
 243.639431819
 243.651060569
 243.640639319
 243.572293069
 243.524071819
 243.478038069
 243.413104319
 243.324983069
 243.235549319
 243.190915569
 243.127031819
 243.05921057
 243.01527682
 243.00468057
 243.04045932
 243.081925569
 243.137916819
 243.192595569
 243.198711819
 243.170703069
 243.116006819
 243.03873557
 242.94746432
 242.88121807
 242.85137182
 242.80315057
 242.75711682
 242.70058307
 242.64807432
 242.66539057
 242.71709432
 242.69293557
 242.61907682
 242.56324307
 242.48369682
 242.37877557
 242.28767932
 242.20393307
 242.15124932
 242.12516557
 242.12463182
 242.16784807
 242.17475182
 242.17238057
 242.22338432
 242.28427557
 242.32276682
 242.27428307
 242.18826182
 242.17626557
 242.15788182
 242.11114807
 242.07885182
 242.02476807
 241.90890932
 241.78701307
 241.71857932
 241.68155807
 241.68259932
 241.72056557
 241.72309432
 241.67338557
 241.63356432
 241.60783057
 241.56555932
 241.51340057
 241.45852932
 241.38957057
 241.30118682
 241.21192807
 241.14926932
 241.14584807
 241.17891432
 241.24059307
 241.25519682
 241.19166307
 241.17931682
 241.17904557
 241.14351182
 241.06492807
 240.99220682
 241.00252307
 241.04127682
 241.04599307
 241.02323432
 240.98070057
 240.95864182
 240.99380807
 240.96824932
 240.89246557
 240.84074432
 240.79208557
 240.75646432
 240.70990557
 240.64934682
 240.58581307
 240.53881682
 240.51728307
 240.48446182
 240.43790307
 240.45749432
 240.47419807
 240.41880182
 240.37898057
 240.35455932
 240.37222557
 240.37492932
 240.31953307
 240.28014932
 240.23201557
 240.18020682
 240.18623557
 240.23233932
 240.27450557
 240.28420932
 240.23668807
 240.17499182
 240.12213307
 240.10716182
 240.13121557
 240.12560682
 240.12367307
 240.09793932
 240.01664307
 239.99090932
 239.97226307
 239.95982932
 239.96489557
 239.92568682
 239.86819057
 239.76816932
 239.66289807
 239.60452682
 239.56899307
 239.51937182
 239.49582557
 239.49371682
 239.45232057
 239.38773682
 239.37197807
 239.41370682
 239.42734807
 239.39907682
 239.35584307
 239.30517182
 239.30446307
 239.30935432
 239.25378307
 239.19506182
 239.12435307
 239.10798182
 239.14673557
 239.14506432
 239.11714307
 239.09088432
 239.05578807
 238.99715432
 238.94945807
 238.92573682
 238.91137807
 238.87269432
 238.80994807
 238.76986432
 238.77169307
 238.79732182
 238.82706307
 238.86520432
 238.84060807
 238.72851182
 238.639515571
 238.593131821
 238.553310571
 238.519264321
 238.443743071
 238.367346821
 238.376525571
 238.414841821
 238.441083071
 238.435474321
 238.391890571
 238.402469321
 238.382773071
 238.287914321
 238.229018071
 238.167934321
 238.105013071
 238.065979321
 238.030708071
 237.996574321
 237.971453071
 237.974506821
 237.976073071
 237.936251821
 237.928805571
 237.921796821
 237.902888071
 237.892116821
 237.835670571
 237.773799321
 237.698365571
 237.633606821
 237.562635571
 237.494814321
 237.505568071
 237.543446821
 237.592438071
 237.649129321
 237.690070571
 237.699424321
 237.658203071
 237.593881821
 237.530873071
 237.459201821
 237.396368071
 237.355059321
 237.318563071
 237.288279321
 237.218270571
 237.146511821
 237.158053071
 237.166619321
 237.154973071
 237.224614321
 237.304405571
 237.308596821
 237.256788071
 237.175491821
 237.119045571
 237.071961821
 237.027415571
 236.992319321
 236.939548071
 236.879339321
 236.835405571
 236.783771821
 236.710350571
 236.646641821
 236.600433071
 236.556236821
 236.544240571
 236.548344321
 236.529260571
 236.557514321
 236.580343071
 236.559596821
 236.525113071
 236.431654321
 236.343533071
 236.347549321
 236.364865571
 236.372994321
 236.412360571
 236.427751821
 236.398168071
 236.383809321
 236.402350571
 236.388779321
 236.349483071
 236.314124321
 236.250240571
 236.159494321
 236.141898071
 236.159039321
 236.201555571
 236.415134321
 236.645163071
 236.694854321
 236.643745571
 236.569449321
 236.536890571
 236.575206821
 236.585610571
 236.548151821
 236.545868071
 236.539296821
 236.504113071
 236.483804321
 236.440483071
 236.391386821
 236.386740571
 236.450519321
 236.560848071
 236.648776821
 236.661543071
 236.615509321
 236.566588071
 236.528254321
 236.498758071
 236.497699321
 236.521228071
 236.524631821
 236.487260571
 236.575451821
 236.860955571
 237.253034321
 237.678888071
 238.119616821
 238.622295571
 239.14151182
 239.64445307
 240.14966932
 240.64639807
 241.08957682
 241.46161807
 241.81712182
 242.14760057
 242.48586682
 242.83935807
 242.98031182
 242.92859057
 242.88526932
 242.83652307
 242.73868932
 242.62746807
 242.54582182
 242.52245057
 242.57494182
 242.62778307
 242.59373682
 242.50797807
 242.47603182
 242.47829807
 242.46043932
 242.44188057
 242.42402182
 242.40616307
 242.38935432
 242.37385807
 242.35626182
 242.33980307
 242.32483182
 242.30959807
 242.29488932
 242.27939307
 242.26345932
 242.24796307
 242.23264182
 242.21740807
 242.20191182
 242.18720307
 242.17275682
 242.15813557
 242.14255182
 242.12635557
 242.10937182
 242.09273807
 242.07802932
 242.13830807
 242.39651182
 242.81361557
 243.328369319
 243.965185569
 244.676376819
 245.531418069
 246.527071819
 247.430413069
 248.162516818
 248.740445568
 249.201124318
 249.589703068
 249.903119318
 250.203148068
 250.486201818
 250.779230568
 251.102621818
 251.421200568
 251.779591818
 252.156183067
 252.508624317
 252.878915567
 253.273794317
 253.637348067
 254.043164317
 254.461755567
 254.844646817
 255.225875567
 255.569129317
 255.897595567
 256.209174317
 256.499578066
 256.769944316
 257.086248066
 257.444639316
 257.760155566
 258.104546816
 258.491113066
 258.852129316
 259.155745566
 259.426024316
 259.682653066
 259.942344316
 260.224348066
 260.496901816
 260.785030565
 261.105709315
 261.445550565
 261.784516815
 262.128208065
 262.476449315
 262.814278065
 263.167244315
 263.510673065
 263.789439315
 264.027168065
 264.261484315
 264.466138065
 264.706579315
 265.006870564
 265.323961814
 265.666340564
 266.013356814
 266.334123064
 266.655501814
 267.028068064
 267.389609314
 267.705563064
 268.058004314
 268.434595564
 268.747136814
 269.053553064
 269.391119313
 269.689485563
 269.935614313
 270.248068063
 270.589134313
 270.863000563
 271.113504313
 271.371008063
 271.633411813
 271.905528063
 272.245106813
 272.629310563
 273.007214313
 273.336730563
 273.650496813
 273.984475562
 274.303754312
 274.623558062
 274.949224312
 275.202003062
 275.363256812
 275.567910562
 275.871614312
 276.139793062
 276.328521812
 276.528800562
 276.750079312
 276.985620562
 277.300436812
 277.650428062
 277.976706812
 278.279098061
 278.581226811
 278.911880561
 279.224684311
 279.594100561
 280.015141811
 280.359358061
 280.620799311
 280.902715561
 281.251831811
 281.579685561
 281.871751811
 282.154018061
 282.457021811
 282.72205056
 282.96555431
 283.22725806
 283.45352431
 283.63910306
 283.90448181
 284.27442306
 284.60516431
 284.90073056
 285.19594681
 285.47943806
 285.76572931
 286.06619556
 286.36307431
 286.65969056
 286.948694309
 287.245573059
 287.541314309
 287.815093059
 288.057284309
 288.275588059
 288.525654309
 288.759620559
 288.991311809
 289.321528059
 289.610794309
 289.886410559
 290.231939309
 290.523393059
 290.761471809
 291.023875559
 291.342541808
 291.675208058
 292.006649308
 292.328553058
 292.600756808
 292.851698058
 293.127226808
 293.361105558
 293.526034308
 293.720538058
 294.001054308
 294.312370558
 294.620449308
 294.954253058
 295.235556808
 295.459023058
 295.697364307
 296.016730557
 296.367509307
 296.644875557
 296.916729307
 297.227345557
 297.563249307
 297.870978057
 298.137844307
 298.422298057
 298.720926807
 299.032505557
 299.370334307
 299.642013057
 299.835204307
 300.097433056
 300.411986806
 300.675265556
 300.933381806
 301.220810556
 301.490826806
 301.711055556
 301.951059306
 302.228600556
 302.513229306
 302.791645556
 303.087824306
 303.411215556
 303.703544306
 303.978548056
 304.293976806
 304.646330555
 304.997459305
 305.313763055
 305.642141805
 306.028095555
 306.402499305
 306.768590555
 307.116394305
 307.441535555
 307.793189305
 308.166105555
 308.527296805
 308.843600554
 309.141179304
 309.468595554
 309.807036804
 310.132090554
 310.444806804
 310.792698054
 311.199914304
 311.597155554
 311.991421804
 312.424625554
 312.896591804
 313.356570553
 313.754861803
 314.160853053
 314.528606803
 314.804923053
 315.075201803
 315.353530553
 315.629759303
 315.875275553
 316.078354303
 316.374970553
 316.728811803
 317.041878053
 317.341556803
 317.598973052
 317.824189302
 318.035143052
 318.267359302
 318.556713052
 318.858404302
 319.172608052
 319.529336802
 319.886503052
 320.228531802
 320.558573052
 320.892726802
 321.211830552
 321.506259302
 321.821163052
 322.186116801
 322.545295551
 322.897124301
 323.290865551
 323.707006801
 324.112473051
 324.489326801
 324.885168051
 325.263246801
 325.591800551
 325.941091801
 326.34367055
 326.7234993
 327.02589055
 327.3300318
 327.66164805
 328.0147893
 328.44449305
 328.8581843
 329.20388805
 329.5502918
 329.86782055
 330.1372243
 330.40487805
 330.714356799
 330.917260549
 330.891439299
 330.733755549
 330.5842093
 330.43772555
 330.3258918
 330.23812055
 330.1450993
 330.13397805
 330.1549693
 330.14629805
 330.0685018
 329.93278055
 329.8142093
 329.74140055
 329.6657043
 329.59420805
 329.5509743
 329.50319055
 329.4588193
 329.49214805
 329.5309893
 329.56020555
 329.6143593
 329.60621305
 329.5697168
 329.56559555
 329.5134368
 329.41210305
 329.3389443
 329.28109805
 329.2411018
 329.33393055
 329.6140968
 329.98281305
 330.4229293
 330.891308049
 331.328974299
 331.775478049
 332.247531799
 332.713810549
 333.140801799
 333.483968049
 333.792046799
 334.034675549
 334.237841799
 334.506808049
 334.795461799
 335.070815548
 335.364544298
 335.705523048
 336.057001798
 336.390280548
 336.730209298
 337.088513048
 337.477004298
 337.796808048
 337.899611798
 337.882015548
 337.804394298
 337.624048048
 337.456739298
 337.393118048
 337.354521798
 337.339200548
 337.339191798
 337.342333048
 337.337686798
 337.283603048
 337.270906798
 337.243685548
 337.171139298
 337.131230548
 337.079684298
 337.006263048
 336.934854298
 336.876658048
 336.843836798
 336.813553048
 336.731119298
 336.684473048
 336.712026798
 336.710793048
 336.686984298
 336.590550548
 336.327254298
 335.941370548
 335.489161798
 335.033278049
 334.595506799
 334.114073049
 333.607264299
 333.133530549
 332.646321799
 332.159200549
 331.747766799
 331.393208049
 331.109436799
 330.876590549
 330.5792568
 330.23292305
 329.9595643
 329.65391805
 329.2552593
 328.84776305
 328.4615293
 328.09813305
 327.7277368
 327.38070305
 327.0164318
 326.61794805
 326.227426801
 325.808468051
 325.391784301
 324.984200551
 324.549229301
 324.198520551
 323.927786801
 323.617678051
 323.249644301
 322.957123051
 322.881426801
 323.008555551
 323.222309301
 323.497575551
 323.881954301
 324.307633051
 324.709774301
 325.118828051
 325.568656801
 325.983135551
 326.3820393
 326.81620555
 327.2171218
 327.49090055
 327.6512793
 327.70420805
 327.6056743
 327.45201555
 327.3588193
 327.28496055
 327.1992893
 327.12228055
 327.0471093
 326.93746305
 326.8134668
 326.71265805
 326.6754618
 326.70082805
 326.7330193
 326.76608555
 326.7916268
 326.82985555
 326.8920593
 326.93772555
 326.9338668
 326.95940805
 327.0492618
 327.12249055
 327.1024443
 327.03392305
 326.9931393
 326.97248055
 326.9515593
 326.92643805
 326.9765668
 327.02363305
 326.9962368
 326.92342805
 326.8231443
 326.76941055
 326.7094643
 326.68705555
 326.7734968
 326.97727555
 327.3199168
 327.73710805
 328.1496618
 328.61226555
 329.1566818
 329.68289805
 330.0015643
 330.01459305
 329.8804468
 329.72451305
 329.5844168
 329.54022055
 329.5822993
 329.59620305
 329.5551568
 329.49722305
 329.4433143
 329.40515555
 329.4028718
 329.40181305
 329.3691668
 329.33302055
 329.3692368
 329.46416555
 329.5764193
 329.69348555
 329.7803643
 329.90408055
 330.0917593
 330.33246305
 330.6398418
 331.003395549
 331.373511799
 331.741440549
 332.130544299
 332.411848049
 332.466614299
 332.426968049
 332.450321799
 332.526438049
 332.607016799
 332.683220549
 332.699311799
 332.638140549
 332.554831799
 332.484910549
 332.473701799
 332.475880549
 332.447784299
 332.423888049
 332.404279299
 332.384408049
 332.366636799
 332.350528049
 332.334156799
 332.317523049
 332.302114299
 332.286443049
 332.271121799
 332.256588049
 332.241179299
 332.226120549
 332.211236799
 332.195040549
 332.178931799
 332.163873049
 332.149164299
 332.134368049
 332.119834299
 332.105213049
 332.090154299
 332.074833049
 332.059249299
 332.043753049
 332.028256799
 332.013285549
 331.998314299
 331.983343049
 331.968896799
 331.953313049
 331.937816799
 331.923545549
 331.909449299
 331.894390549
 331.879419299
 331.864185549
 331.848076799
 331.833193049
 331.819009299
 331.804213049
 331.789504299
 331.775320549
 331.759036799
 331.741965549
 331.726994299
 331.711760549
 331.696351799
 331.682080549
 331.667896799
 331.652575549
 331.637254299
 331.622808049
 331.606261799
 331.589540549
 331.574656799
 331.559335549
 331.544451799
 331.530005549
 331.515296799
 331.500675549
 331.486229299
 331.471695549
 331.456636799
 331.440790549
 331.425381799
 331.410935549
 331.396664299
 331.382568049
 331.367596799
 331.351663049
 331.336516799
 331.320845549
 331.304036799
 331.288103049
 331.272956799
 331.257898049
 331.242226799
 331.227168049
 331.211846799
 331.196263049
 331.181291799
 331.166408049
 331.152049299
 331.137690549
 331.122194299
 331.105735549
 331.090501799
 331.075618049
 331.060646799
 331.045588049
 331.030354299
 331.014945549
 330.999799299
 330.985003049
 330.969944299
 330.955060549
 330.940439299
 330.926343049
 330.911984299
 330.895613049
 330.878716799
 330.862783049
 330.847111799
 330.831965549
 330.815156799
 330.798610549
 330.783814299
 330.768668049
 330.752296799
 330.734875549
 330.716666799
 330.699420549
 330.684449299
 330.668690549
 330.6531943
 330.63909805
 330.6248268
 330.60985555
 330.5932218
 330.57685055
 330.5622293
 330.54813305
 330.5336868
 330.51915305
 330.5036568
 330.48754805
 330.4726643
 330.45830555
 330.4441218
 330.42993805
 330.4148793
 330.39877055
 330.3827493
 330.36751555
 330.3521068
 330.33634805
 330.3211143
 330.30553055
 330.2877593
 330.26972555
 330.2540543
 330.23855805
 330.2232368
 330.20756555
 330.1914568
 330.17683555
 330.1614268
 330.14566805
 330.1312218
 330.11572555
 330.0989168
 330.08359555
 330.0693243
 330.05461555
 330.0401693
 330.02502305
 330.0097018
 329.99385555
 329.9764343
 329.96041305
 329.9459668
 329.93152055
 329.9162868
 329.89965305
 329.8838943
 329.86778555
 329.8514143
 329.83661805
 329.8213843
 329.80623805
 329.7910043
 329.77568305
 329.7609743
 329.74591555
 329.7309443
 329.71571055
 329.7005643
 329.68524305
 329.6688718
 329.65328805
 329.6378793
 329.62212055
 329.6053118
 329.58841555
 329.5724818
 329.55567305
 329.5399143
 329.52529305
 329.5093593
 329.49255055
 329.4764418
 329.46094555
 329.4450993
 329.42890305
 329.4129693
 329.39817305
 329.3839893
 329.36945555
 329.3549218
 329.33986305
 329.3241043
 329.30930805
 329.2945993
 329.27962805
 329.2651818
 329.24968555
 329.2333143
 329.21729305
 329.2013593
 329.18630055
 329.1706293
 329.15364555
 329.1381493
 329.12300305
 329.1069818
 329.09174805
 329.0773018
 329.06233055
 329.0463968
 329.03037555
 329.0154918
 329.00078305
 328.9860743
 328.97022805
 328.9534193
 328.93696055
 328.9211143
 328.90623055
 328.8916093
 328.87751305
 328.8630668
 328.84765805
 328.8313743
 328.81544055
 328.7988943
 328.78234805
 328.7670268
 328.75223055
 328.7375218
 328.72290055
 328.7083668
 328.69374555
 328.6786868
 328.66196555
 328.6455068
 328.63079805
 328.6155643
 328.59735555
 328.5792343
 328.56268805
 328.5455293
 328.52977055
 328.5147118
 328.49904055
 328.4844193
 328.47006055
 328.4552643
 328.44064305
 328.4261968
 328.41122555
 328.3955543
 328.37997055
 328.3628993
 328.34644055
 328.3319943
 328.31684805
 328.3011768
 328.28541805
 328.2702718
 328.25556305
 328.2412043
 328.22649555
 328.2116993
 328.19664055
 328.1814068
 328.16696055
 328.1526893
 328.13859305
 328.1244968
 328.11005055
 328.0956043
 328.07975805
 328.0632993
 328.04850305
 328.0319568
 328.01479805
 328.0000893
 327.98573055
 327.9711968
 327.95613805
 327.9409918
 327.92663305
 327.9119243
 327.89660305
 327.8804943
 327.86464805
 327.8495018
 327.83321805
 327.8167593
 327.80187555
 327.7874293
 327.77219555
 327.7573993
 327.74295305
 327.7268443
 327.71038555
 327.6953268
 327.68026805
 327.6648593
 327.64971305
 327.6339543
 327.61854555
 327.6041868
 327.58956555
 327.5747693
 327.56041055
 327.5442143
 327.52766805
 327.5128718
 327.49702555
 327.4816168
 327.46585805
 327.4499243
 327.43495305
 327.4185818
 327.40133555
 327.3855768
 327.36999305
 327.3543218
 327.33978805
 327.3241168
 327.30879555
 327.2934743
 327.27789055
 327.2628318
 327.24698555
 327.2312268
 327.21590555
 327.2011093
 327.18692555
 327.1724793
 327.15759555
 327.1431493
 327.12800305
 327.1124193
 327.09788555
 327.0824768
 327.06663055
 327.0520093
 327.03747555
 327.0224168
 327.00762055
 326.9915993
 326.97479055
 326.9592068
 326.94397305
 326.9261143
 326.90869305
 326.8938968
 326.87918805
 326.8647418
 326.84968305
 326.8346243
 326.81956555
 326.8041568
 326.78866055
 326.7726393
 326.75530555
 326.7388468
 326.72352555
 326.7085543
 326.69445805
 326.6801868
 326.66539055
 326.6505943
 326.63623555
 326.6212643
 326.60524305
 326.5895718
 326.57302555
 326.5564793
 326.54194555
 326.5276743
 326.51287805
 326.4960693
 326.47961055
 326.4652518
 326.45045555
 326.4353093
 326.42007555
 326.4040543
 326.38750805
 326.3720118
 326.35774055
 326.3434693
 326.32806055
 326.3118643
 326.29680555
 326.282271801
 326.267300551
 326.251804301
 326.236308051
 326.221511801
 326.205315551
 326.188944301
 326.172398051
 326.154801801
 326.138430551
 326.123021801
 326.108488051
 326.094479301
 326.079595551
 326.064624301
 326.050178051
 326.035206801
 326.019273051
 326.003339301
 325.988368051
 325.972609301
 325.956150551
 325.940741801
 325.924983051
 325.908961801
 325.893903051
 325.876744301
 325.858448051
 325.842776801
 325.828243051
 325.813359301
 325.797863051
 325.780616801
