0.849486653531
1.25653234168
1.68127566845
2.2122048269
2.79622690121
3.39794661412
3.98196868843
4.60138603996
5.25619866872
5.94640657471
6.65431211932
8.140913763
8.91960986207
11.4149769068
12.2644635603
13.1316478525
14.8483187982
15.7155030903
16.6003850211
17.4852669518
20.1576103827
21.0424923135
21.9273742443
22.8299538136
23.7502310216
24.6882058682
26.5464579228
27.4667351308
28.4047099774
29.3249871854
30.2275667548
31.1478439628
32.0681211708
33.9086755868
34.8289527948
36.6695072107
37.5897844187
38.5277592653
39.4834317506
40.4214065972
41.3593814438
42.2973562904
43.235331137
44.1733059836
45.1289784688
46.0669533154
47.92520537
50.7214322712
51.6417094792
52.5619866872
54.4379363804
55.3582135884
56.3315837123
57.1987680044
58.136742851
59.0747176976
59.9949949056
60.9152721136
61.8355493216
62.7558265296
63.6761037376
64.5963809456
65.5166581536
66.4369353615
67.3572125695
68.3128850548
69.2331622628
70.1711371094
71.109111956
72.029389164
72.9850616492
73.9407341344
74.878708981
75.8166838276
76.7546586742
77.6749358822
78.5952130902
79.5331879368
81.4268352686
82.3648101152
84.2407598085
85.1787346551
86.1344071403
87.0546843483
88.6120765464
89.319982091
90.0278876356
90.7180955416
91.390605809
92.0454184378
92.7002310665
93.3550436953
93.9921586854
94.611576037
95.2486910271
95.8858060173
96.5229210074
97.1600359976
97.8148486263
98.4873588937
99.1421715225
99.8146817899
100.487192057
101.177399963
101.849910231
102.540118137
103.230326043
103.90283631
104.593044216
105.265554483
105.938064751
106.610575018
107.300782924
107.973293191
108.645803459
109.318313726
110.008521632
110.6810319
111.353542167
112.026052434
112.71626034
113.388770608
114.078978514
114.804581697
115.477091964
116.061114039
116.715926667
117.353041658
117.972459009
118.609573999
119.228991351
119.866106341
120.485523692
121.104941044
121.724358396
122.343775747
122.963193099
123.58261045
124.21972544
124.85684043
125.493955421
126.131070411
126.768185401
127.387602752
128.024717743
128.661832733
129.298947723
129.953760352
130.573177703
131.227990332
131.882802961
132.537615589
133.192428218
133.847240847
134.519751114
135.174563743
135.84707401
136.501886639
137.227489822
137.846907174
138.519417441
139.191927709
139.864437976
140.554645882
141.227156149
141.899666417
142.572176684
143.244686952
143.934894858
144.607405125
145.279915392
145.970123298
146.642633566
147.315143833
147.969956462
148.624769091
149.279581719
149.934394348
150.571509338
151.244019606
151.916529873
152.571342502
153.243852769
153.916363037
154.571175665
155.225988294
155.880800923
156.535613552
157.19042618
157.845238809
158.500051438
159.154864067
159.809676695
160.464489324
161.101604314
161.774114582
162.446624849
163.101437478
163.773947745
164.446458013
165.101270641
165.773780909
166.463988815
167.154196721
167.826706988
168.534612533
169.224820439
169.897330706
170.569840974
171.26004888
171.950256786
172.65816233
173.348370236
174.038578142
174.728786048
175.436691593
176.10920186
176.799409766
177.507315311
178.197523217
178.887731123
179.666427222
180.321239851
181.029145395
181.73705094
182.444956484
183.117466752
183.807674658
184.480184925
185.134997554
185.789810183
186.444622811
187.09943544
187.73655043
188.37366542
189.010780411
189.647895401
190.302708029
190.93982302
191.57693801
192.214053
192.868865629
193.523678257
194.178490886
194.851001154
195.523511421
196.196021688
196.886229594
197.5764375
198.248947768
198.921458035
199.611665941
200.319571486
201.009779392
201.699987298
202.407892842
203.08040311
203.752913377
204.443121283
205.11563155
205.805839456
206.496047362
207.186255268
207.858765536
208.531275803
209.203786071
209.858598699
210.513411328
211.185921595
211.876129501
212.548639769
213.221150036
213.911357942
214.58386821
215.256378477
215.911191106
216.566003734
217.291606918
217.857931353
218.512743982
219.149858972
219.786973962
220.441786591
221.078901581
221.698318933
222.317736284
222.972548913
223.591966265
224.229081255
224.866196245
225.521008874
226.158123864
226.812936493
227.467749121
228.12256175
228.812769656
229.485279924
230.17548783
230.847998097
231.520508364
232.175320993
232.830133622
233.484946251
234.139758879
234.812269147
235.502477053
236.192684959
236.865195226
237.555403132
238.210215761
238.882726028
239.555236296
240.227746563
240.90025683
241.590464736
242.280672642
242.970880548
243.643390816
244.333598722
245.006108989
245.696316895
246.386524801
247.059035069
247.749242974
248.43945088
249.111961148
249.784471415
250.456981683
251.12949195
251.784304579
252.456814846
253.129325114
253.801835381
254.474345648
255.146855916
255.819366183
256.49187645
257.164386718
257.819199347
258.474011975
259.18191752
259.801334871
260.438449862
261.075564852
261.730377481
262.367492471
263.004607461
263.641722451
264.278837441
264.915952431
265.553067421
266.20788005
266.84499504
267.499807669
268.154620298
268.791735288
269.446547917
270.101360546
270.773870813
271.428683442
272.101193709
272.738308699
273.393121328
274.030236318
274.685048947
275.322163937
275.976976566
276.614091556
277.268904185
277.906019175
278.560831804
279.197946794
279.852759423
280.489874413
281.126989403
281.781802032
282.43661466
283.091427289
283.746239918
284.454145462
285.303632116
286.188514047
287.108791255
288.06446374
288.984740948
289.887320517
290.772202448
291.674782017
292.559663948
293.444545879
296.134586949
297.037166518
297.957443726
298.877720934
299.797998142
302.594225043
305.337359028
306.257636236
307.177913444
308.098190652
309.01846786
309.956442707
310.894417554
311.850090039
312.788064885
313.708342093
314.628619301
315.566594148
317.442543841
318.504402158
319.336191173
320.27416602
321.212140866
322.132418074
323.052695282
324.87555206
325.831224545
326.751501753
327.689476599
328.609753807
329.530031015
330.485703501
332.343955555
333.281930402
334.219905248
335.140182456
336.060459664
337.918711719
338.856686566
339.794661412
340.71493862
341.635215828
342.573190675
343.511165521
344.449140368
345.422510492
346.360485339
347.316157824
348.271830309
349.227502794
350.165477641
351.121150126
353.032495096
354.058958136
355.120816453
356.164977131
357.20913781
358.235600849
359.297459166
360.341619845
361.368082884
362.412243563
363.456404241
364.518262558
365.562423236
366.606583914
367.650744593
368.677207632
369.685973033
370.694738434
371.703503836
372.712269237
373.721034638
374.659009484
375.561589054
376.446470984
377.313655277
378.180839569
379.065721499
379.968301069
380.853183
381.773460208
382.693737416
384.534291832
385.507661955
386.481032079
387.578285673
388.39237705
389.330351896
390.268326743
391.170906312
392.09118352
393.029158367
393.967133213
394.90510806
395.825385268
396.763360115
398.621612169
399.559587016
402.355813917
403.293788764
404.249461249
405.187436096
406.125410942
407.965965358
411.753260022
412.67353723
413.629209715
414.655672755
415.575949963
416.496227171
418.336781587
419.292454072
420.248126557
421.203799042
422.159471528
423.115144013
424.070816498
425.008791345
425.946766191
426.990926869
427.822715884
429.698665578
430.618942786
431.539219994
432.47719484
433.415169687
434.335446895
435.273421741
436.211396588
437.149371435
438.087346281
439.043018766
440.91896846
441.856943306
442.794918153
443.732892999
444.670867846
445.608842693
446.529119901
447.502490025
448.440464871
449.360742079
450.298716926
451.218994134
452.15696898
454.050616312
455.006288797
455.979658921
456.935331406
458.828978738
459.784651223
460.811114263
461.74908911
462.669366318
463.571945887
464.350641986
465.093942808
465.801848353
466.509753897
467.182264165
467.872472071
468.562679977
469.270585521
470.013886343
470.881070635
471.83674312
473.748088091
474.703760576
475.641735423
476.579710269
477.499987477
478.402567047
479.340541893
480.260819101
481.198793948
482.136768795
483.057046002
483.995020849
484.932995696
485.853272904
488.720290359
489.675962845
490.649332968
491.605005454
492.525282662
494.418929993
496.312577325
497.250552172
499.073408949
500.011383796
501.887333489
502.825308336
503.780980821
504.718955668
505.763116346
506.577207722
507.49748493
509.373434623
510.293711831
511.231686678
513.107636371
514.045611218
515.018981342
515.974653827
516.912628673
517.85060352
519.726553213
520.66452806
521.620200545
522.57587303
523.513847877
524.451822724
525.38979757
526.310074778
527.230351986
528.150629194
530.044276526
530.999949011
531.920226219
532.858201066
533.778478274
535.672125606
536.627798091
538.503747784
540.361999839
541.282277047
543.122831463
544.060806309
544.981083517
545.919058364
546.85703321
547.795008057
548.750680542
549.706353027
550.644327874
551.600000359
552.537975206
553.475950052
554.431622538
556.32526987
557.280942355
558.218917201
559.174589687
560.112564533
561.032841741
561.970816588
562.926489073
563.882161558
564.820136405
565.758111251
566.713783737
567.669456222
568.625128707
569.563103554
571.40365797
572.341632816
574.199884871
576.058136925
578.818968549
579.739245757
580.694918243
581.632893089
582.588565575
583.54423806
585.420187753
587.278439808
588.216414654
589.172087139
590.127759625
591.08343211
592.039104595
592.977079442
593.932751927
594.870726773
596.728978828
598.62262616
599.560601007
600.498575853
602.374525546
603.330198032
604.232777601
605.790169799
606.515772982
607.223678527
607.913886433
608.604094339
609.276604606
609.949114874
610.657020418
611.347228324
612.143622062
613.028503993
614.904453686
615.842428533
616.762705741
617.700680587
618.603260156
619.505839726
620.426116934
621.346394142
622.26667135
623.222343835
626.018570736
626.938847944
627.876822791
628.814797637
629.752772484
630.690747331
631.611024539
632.548999385
633.557764786
634.584227826
635.628388504
636.690246821
637.769802777
638.831661094
639.893519411
640.937680089
641.964143129
643.008303807
644.017069208
644.972741693
645.893018901
646.777900832
647.627387485
648.494571778
649.379453708
650.264335639
651.184612847
652.087192416
653.007469624
653.927746832
654.777233486
655.538231946
656.281532768
657.007135952
657.715041496
658.405249402
659.095457308
659.767967575
660.422780204
661.077592833
661.714707823
662.351822813
662.988937803
663.626052794
664.245470145
664.882585135
665.625885957
666.475372611
668.369019942
669.306994789
670.244969636
671.165246844
672.10322169
673.041196537
673.961473745
674.881750953
675.784330522
676.686910092
677.589489661
678.598255062
679.412346438
680.332623646
681.235203216
682.155480424
683.09345527
684.969404964
686.845354657
687.783329503
688.72130435
689.659279197
690.614951682
691.570624167
692.508599014
693.570457331
694.455339261
695.49949994
696.543660618
697.587821296
698.631981975
699.676142653
700.702605693
701.711371094
702.737834133
703.764297173
704.790760213
705.817223252
706.772895738
707.657777668
708.52496196
709.392146253
710.277028183
711.161910114
712.949371614
713.816555906
715.604017407
716.524294615
717.462269461
718.382546669
720.258496362
721.161075932
722.08135314
722.983932709
724.824487125
725.78015961
726.718134457
727.673806942
728.611781789
729.549756635
730.647010229
732.151309512
732.859215056
733.549422962
734.239630868
734.912141136
735.566953764
736.204068755
736.841183745
737.460601096
738.080018448
738.717133438
739.354248428
740.009061057
740.663873686
741.407174508
742.256661161
743.194636008
745.088283339
746.008560547
746.946535394
747.902207879
748.91097328
749.93743632
750.981596998
752.008060038
753.034523078
754.043288479
755.05205388
756.043121642
757.034189405
758.060652444
759.104813123
760.131276162
761.175436841
762.184202242
763.192967643
764.219430683
765.157405529
766.04228746
766.909471752
767.758958406
768.608445059
769.457931713
770.307418366
771.174602658
773.900039005
774.820316213
775.740593421
776.660870629
778.483727406
779.404004614
780.306584184
781.226861392
782.200231516
783.120508724
784.040785932
784.96106314
785.881340348
786.819315194
788.65986961
789.597844457
790.518121665
791.438398873
792.376373719
793.296650927
794.234625774
796.128273106
797.066247952
798.924500007
800.782752062
801.70302927
802.623306478
803.525886047
804.446163255
805.366440463
806.30441531
807.242390156
808.144969726
809.065246934
809.985524142
810.905801349
812.764053404
813.684330612
814.586910181
815.524885028
816.427464597
817.347741805
818.268019013
819.20599386
820.020085236
820.781083697
821.50668688
822.232290063
822.940195608
823.630403514
824.338309058
825.010819326
825.701027232
826.391235138
827.081443044
827.842441504
828.727323435
829.647600643
830.567877851
831.488155059
832.390734628
833.311011836
834.355172515
835.257752084
836.160331653
837.062911223
837.965490792
839.770649931
840.814810609
841.664297263
842.602272109
843.522549317
844.460524164
845.380801372
846.30107858
847.239053427
848.247818828
849.079607843
850.920162259
851.840439467
852.796111952
853.734086798
854.689759284
855.645431769
856.583406615
857.503683823
859.361935878
860.317608363
861.273280848
864.06950775
864.989784958
867.750616582
868.706289067
869.661961552
871.520213607
872.458188453
873.413860938
874.351835785
875.289810632
876.245483117
877.165760325
879.944289587
881.802541642
883.643096058
885.501348113
887.394995444
888.35066793
889.447921524
890.297408177
891.235383024
892.191055509
893.111332717
894.031609925
896.845534465
897.80120695
900.544340936
902.40259299
905.234215169
907.092467223
908.03044207
908.968416916
910.826668971
911.764643818
912.684921026
913.587500595
915.44575265
916.383727496
917.321702343
918.259677189
919.197652036
920.135626883
921.091299368
922.046971853
923.020341977
924.89629167
925.851964155
926.807636641
927.763309126
928.73667925
929.692351735
930.630326581
931.585999067
932.541671552
933.479646399
934.435318884
935.37329373
936.328966216
938.222613547
939.160588394
940.098563241
941.036538087
941.992210572
942.930185419
943.885857904
944.930018583
945.814900513
946.75287536
947.690850207
948.646522692
949.5667999
950.522472385
951.460447232
952.416119717
953.371792202
956.185716742
957.141389227
958.097061712
959.035036559
959.973011406
961.017172084
961.902054015
962.875424138
963.831096624
965.742441594
966.680416441
968.538668495
971.334895396
972.237474966
973.157752174
974.113424659
974.99830659
975.936281436
976.856558644
977.794533491
978.750205976
979.688180823
980.626155669
981.564130516
982.519803001
983.440080209
984.378055056
985.316029903
986.218609472
987.156584318
988.094559165
989.032534012
989.970508858
990.926181344
991.86415619
992.784433398
993.704710606
998.500770671
999.456443156
1000.41211564
1001.36778813
1004.12861975
1005.0665946
1006.00456944
1006.92484665
1007.8628215
1008.76540107
1009.70337591
1011.61472088
1012.58809101
1013.54376349
1014.49943598
1015.41971319
1017.29566288
1018.23363773
1019.17161257
1020.10958742
1021.04756227
1021.98553711
1022.92351196
1023.87918445
1024.83485693
1025.79052942
1026.7462019
1027.68417675
1029.57782408
1036.28522911
1038.17887645
1040.0371285
1040.97510335
1041.91307819
1042.8333554
1043.66514442
1044.42614288
1045.1694437
1045.89504688
1046.62065007
1047.34625325
1048.05415879
1048.7443667
1049.45227224
1050.19557307
1051.06275736
1051.98303457
1052.95640469
1053.89437954
1054.83235438
1055.75263159
1056.69060644
1057.62858128
1059.48683334
1060.37171527
1061.15041137
1061.87601455
1062.5839201
1063.274128
1063.98203355
1064.67224145
1065.34475172
1066.01726199
1066.67207462
1067.32688725
1067.98169987
1068.6365125
1069.29132513
1069.92844012
1070.56555511
1071.22036774
1071.85748273
1072.49459772
1073.14941035
1073.80422298
1074.47673325
1075.13154587
1075.82175378
1076.47656641
1077.16677432
1077.8923775
1078.77725943
1079.71523428
1080.67090676
1081.66197452
1082.61764701
1083.53792422
1084.47589906
1087.18363777
1088.08621734
1090.79395605
1091.71423326
1092.6522081
1093.57248531
1094.49276252
1095.43073737
1096.35101457
1097.28898942
1098.26235954
1099.21803203
1100.19140215
1101.18246992
1102.1381424
1103.09381489
1104.03178973
1104.95206694
1105.87234415
1106.79262136
1107.71289857
1108.5977805
1110.385242
1111.3055192
1112.24349405
1113.1814689
1115.05741859
1115.9776958
1117.81825021
1118.75622506
1119.65880463
1120.57908184
1121.48166141
1122.40193862
1123.30451819
1124.22479539
1125.1450726
1126.08304745
1127.97669478
1128.91466963
1129.85264447
1130.80831696
1131.81708236
1132.75505721
1133.79921788
1134.8610762
1135.90523688
1136.94939756
1137.9758606
1138.96692836
1139.97569376
1140.98445916
1141.95782929
1142.93119941
1143.90456953
1144.86024202
1145.83361214
1146.78928463
1147.76265475
1148.73602488
1149.709395
1150.68276512
1151.63843761
1152.59411009
1153.53208494
1154.50545506
1155.47882519
1156.43449767
1157.39017016
1158.36354028
1159.35460804
1160.32797817
1161.28365065
1162.23932314
1163.21269326
1164.16836575
1165.12403823
1166.0266178
1166.91149973
1167.74328875
1168.46889193
1169.15909984
1169.81391247
1170.45102746
1171.12353772
1171.76065271
1172.43316298
1173.10567325
1173.79588115
1174.48608906
1175.15859933
1175.86650487
1176.53901514
1177.22922305
1177.93712859
1178.6273365
1179.4060326
1180.30861217
1182.23765477
1183.19332726
1184.11360447
1185.01618404
1185.91876361
1186.85673845
1187.75931802
1188.67959523
1189.59987244
1190.50245201
1191.49351977
1192.41379698
1193.35177182
1194.28974667
1195.24541916
1196.183394
1197.10367121
1198.02394842
1198.94422563
1199.88220047
1200.82017532
1201.77584781
1202.73152029
1203.68719278
1204.62516762
1205.58084011
1206.53651259
1207.47448744
1208.43015992
1209.40353005
1210.35920253
1211.29717738
1212.21745459
1213.12003416
1214.04031137
1214.96058857
1216.81884063
1219.56197461
1220.49994946
1221.42022667
1222.37589915
1223.33157164
1224.28724412
1226.12779854
1228.00374823
1228.95942072
1229.89739556
1230.83537041
1232.67592483
1233.61389967
1234.55187452
1236.44552185
1237.40119434
1238.37456446
1239.31253931
1240.26821179
1241.20618664
1242.14416149
1243.08213633
1244.92269075
1245.8606656
1246.869431
1247.66582473
1248.39142792
1249.1170311
1249.82493665
1250.53284219
1251.2230501
1251.913258
1252.62116355
1253.31137145
1254.019277
1254.74488018
1255.5766692
1256.51464404
1257.47031653
1258.42598901
1259.34626622
1260.26654343
1261.18682064
1262.10709784
1263.02737505
1264.85023183
1265.7528114
1266.67308861
1267.61106345
1268.56673594
1269.54010606
1270.51347619
1271.46914867
1272.42482116
1273.362796
1274.28307321
1275.22104806
1276.14132527
1277.07930011
1277.99957732
1278.91985453
1279.87552701
1281.73377907
1282.67175392
1283.60972876
1285.46798082
1286.40595566
1287.34393051
1288.26420772
1289.16678729
1290.0870645
1291.0073417
1292.83019848
1293.75047569
1294.74154345
1295.64412302
1296.58209787
1298.45804756
1299.46681296
1301.32506502
1304.17438483
1305.13005732
1306.06803216
1307.02370465
1307.92628422
1309.73144336
1310.65172057
1311.58969541
1312.52767026
1313.44794747
1315.30619952
1319.05809891
1319.96067848
1320.88095569
1321.80123289
1322.7215101
1323.64178731
1324.54436688
1328.24317335
1329.19884583
1330.13682068
1331.09249317
1332.01277037
1332.93304758
1333.87102243
1335.71157685
1336.66724933
1337.60522418
1338.56089666
1339.49887151
1340.41914872
1341.35712356
1344.13565283
1345.07362767
1345.99390488
1346.93187973
1347.85215694
1348.7547365
1350.61298856
1352.48893825
1354.4356785
1355.33825807
1356.27623292
1358.11678733
1359.05476218
1359.97503939
1360.87761896
1363.65614822
1364.6118207
1365.54979555
1366.47007276
1367.37265233
1369.21320674
1370.15118159
1371.08915644
1372.02713128
1373.00050141
1373.93847625
1374.89414874
1375.81442595
1376.73470316
1377.672678
1378.61065285
1381.38918211
1382.27406404
1383.19434125
1384.1323161
1385.0525933
1385.97287051
1386.89314772
1389.68937462
1390.62734947
1391.54762668
1392.46790388
1393.40587873
1394.3084583
1395.22873551
1397.97186949
1399.83012155
1400.75039876
1401.65297833
1402.59095317
1403.52892802
1404.46690287
1405.42257535
1406.37824784
1407.33392032
1408.28959281
1409.26296293
1410.20093778
1411.13891262
1413.91744189
1414.85541673
1415.77569394
1416.67827351
1418.53652556
1419.47450041
1420.41247526
1421.3504501
1422.30612259
1423.24409744
1424.19976992
1425.15544241
1426.09341725
1427.0313921
1427.96936695
1428.88964415
1429.79222372
1430.71250093
1431.65047578
1432.53535771
1434.05735463
1434.78295781
1435.508561
1436.21646654
1436.94206972
1437.66767291
1438.39327609
1439.17197219
1440.05685412
1440.99482897
1441.93280381
1442.8884763
1443.82645115
1444.72903072
1445.66700556
1446.58728277
1449.29502148
1450.19760105
1453.94950043
1454.88747528
1455.84314777
1456.78112261
1457.71909746
1458.67476994
1459.59504715
1460.533022
1461.5417874
1462.42666933
1463.34694654
1464.26722375
1465.18750095
1466.14317344
1467.08114829
1468.01912313
1468.93940034
1469.87737519
1471.77102252
1472.74439264
1473.70006513
1474.65573761
1475.59371246
1476.51398967
1477.43426688
1478.37224172
1479.31021657
1480.24819142
1481.2038639
1482.12414111
1483.04441832
1483.96469553
1485.84064522
1486.7963177
1487.73429255
1489.61024224
1490.54821709
1493.32674635
1494.28241884
1495.20269605
1496.15836853
1497.09634338
1498.03431822
1498.97229307
1499.91026792
1500.8659404
1502.72419246
1503.6621673
1504.56474687
1505.48502408
1509.29001638
1510.22799123
1511.16596608
1512.10394092
1513.04191577
1513.97989062
1515.87353795
1516.79381516
1518.89983415
1519.82011136
1520.75808621
1521.67836341
1522.61633826
1523.55431311
1524.47459032
1525.39486752
1526.35054001
1527.28851486
1529.16446455
1530.10243939
1531.04041424
1531.99608673
1532.95175921
1533.88973406
1535.76568375
1536.7036586
1537.60623817
1538.50881774
1539.42909495
1540.36706979
1541.30504464
1542.24301948
1543.19869197
1544.13666682
1545.0923393
1546.04801179
1546.98598663
1552.52534752
1553.44562473
1555.30387678
1556.22415399
1557.16212884
1559.02038089
1559.97605338
1560.89633059
1561.83430543
1562.78997792
1564.63053233
1565.56850718
1567.44445687
1568.40012936
1569.3381042
1571.16096098
1572.08123819
1573.12539887
1574.06337372
1575.0190462
1575.97471869
1576.91269353
1577.85066838
1578.78864323
1579.72661807
1581.60256777
1584.39879467
1585.31907187
1586.23934908
1588.0799035
1589.95585319
1591.83180288
1592.75208009
1593.69005494
1594.64572742
1595.58370227
1596.52167712
1597.44195433
1598.36223153
1599.28250874
1600.22048359
1601.15845844
1602.09643328
1603.03440813
1603.97238297
1604.91035782
1606.78630751
1607.72428236
1610.59129982
1611.5469723
1613.38752672
1614.29010629
1616.1306607
1617.05093791
1618.59063247
1619.31623565
1620.00644356
1620.69665147
1621.36916173
1622.05936964
1622.71418227
1623.38669254
1624.0592028
1624.74941071
1625.51040917
1626.1652218
1626.82003443
1627.49254469
1628.16505496
1628.81986759
1629.49237786
1630.14719049
1630.81970075
1631.58069921
1632.44788351
1633.36816071
1634.28843792
1635.20871513
1636.14668998
1637.06696719
1637.96954675
1638.88982396
1639.88089173
1640.74807602
1641.7037485
1643.54430292
1644.44688249
1645.3671597
1646.26973927
1647.19001647
1648.11029368
1649.03057089
1650.90652058
1651.82679779
1653.68504985
1654.60532705
1655.5433019
1656.48127675
1657.41925159
1658.37492408
1659.29520129
1660.21547849
1661.1357557
1662.05603291
1662.97631012
1663.91428496
1664.85225981
1666.7282095
1669.52443641
1670.46241125
1672.35605858
1673.29403343
1675.15228549
1676.09026033
1677.04593282
1678.99267306
1679.91295027
1680.83322748
1681.77120233
1682.69147954
1683.62945438
1684.56742923
1685.52310171
1686.44337892
1687.38135377
1688.30163098
1689.20421055
1690.14218539
1691.0624626
1692.00043745
1692.95610993
1693.89408478
1694.79666435
1695.73463919
1696.67261404
1698.5308661
1699.52193386
1700.56609454
1701.61025522
1702.63671825
1703.68087893
1704.72503961
1705.73380501
1706.74257041
1707.75133581
1708.76010122
1709.75116898
1710.67144619
1711.60942103
1712.5120006
1713.37918489
1714.26406682
1715.16664639
1716.0869236
1716.98950317
1717.89208274
1718.81235995
1720.59982145
1722.40498059
1723.30756016
1725.16581221
1726.10378706
1727.02406427
1727.96203911
1728.88231632
1729.82029117
1730.77596365
1731.7139385
1732.63421571
1733.60758583
1734.52786304
1736.36841746
1738.22666951
1739.83715462
1740.54506017
1741.25296571
1741.96087126
1742.6687768
1743.37668235
1744.06689025
1744.75709816
1745.44730606
1746.10211869
1746.75693132
1747.42944159
1748.08425422
1748.75676449
1749.41157711
1750.17257558
1750.79199293
1751.46450319
1752.13701346
1752.80952373
1753.46433636
1754.11914899
1754.79165925
1755.53496008
1756.11898215
1756.79149242
1757.48170032
1758.15421059
1758.82672086
1759.49923113
1760.18943903
1760.8619493
1761.53445957
1762.20696983
1762.86178246
1763.51659509
1764.18910536
1764.84391799
1765.49873062
1766.17124088
1766.82605351
1767.48086614
1768.15337641
1768.80818904
1769.46300167
1770.11781429
1770.77262692
1771.42743955
1772.08225218
1772.75476245
1773.42727272
1774.11748062
1774.931572
1775.60408227
1776.29429017
1776.96680044
1777.65700834
1778.34721625
1779.0551218
1779.70993442
1780.38244469
1781.05495496
1781.72746523
1782.39997549
1783.05478812
1783.72729839
1784.39980866
1785.09001656
1785.78022447
1786.45273474
1787.14294264
1787.81545291
1788.50566082
1789.17817108
1789.85068135
1790.50549398
1791.17800425
1791.83281688
1792.50532714
1793.16013977
1793.8149524
1794.46976503
1795.1422753
1795.79708793
1796.46959819
1797.14210846
1797.83231637
1798.52252427
1799.23042982
1799.92063772
1800.62854327
1801.33644881
1802.02665672
1802.7522599
1803.40707253
1804.11497807
1804.80518598
1805.49539389
1806.20329943
1806.89350734
1807.5660176
1808.23852787
1808.91103814
1809.58354841
1810.25605867
1810.92856894
1811.60107921
1812.27358948
1812.9284021
1813.58321473
1814.23802736
1814.96363055
1815.60074554
1816.25555816
1816.91037079
1817.54748578
1818.20229841
1818.85711104
1819.49422603
1820.14903866
1820.82154893
1821.49405919
1822.16656946
1822.83907973
1823.49389236
1824.16640263
1824.82121525
1825.47602788
1826.13084051
1826.87414133
1827.45816341
1828.13067368
1828.80318394
1829.47569421
1830.14820448
1830.78531947
1831.4401321
1832.09494473
1832.76745499
1833.43996526
1834.11247553
1834.78498579
1835.43979842
1836.11230869
1836.74942368
1837.40423631
1838.05904894
1838.71386157
1839.35097656
1840.00578919
1840.66060181
1841.2977168
1841.95252943
1842.58964442
1843.24445705
1843.91696732
1844.57177995
1845.24429022
1845.89910284
1846.55391547
1847.2087281
1847.84584309
1848.48295808
1849.13777071
1849.7748857
1850.41200069
1851.06681332
1851.72162595
1852.35874094
1852.97815829
1853.6683662
1854.28778355
1854.92489854
1855.54431589
1856.16373324
1856.78315059
1857.40256794
1858.00428766
1858.62370501
1859.24312236
1859.86253971
1860.48195706
1861.10137442
1861.75618704
1862.39330203
1863.01271939
1863.64983438
1864.28694937
1864.92406436
1865.57887699
1866.26908489
1866.92389752
1867.57871015
1868.23352278
1868.88833541
1869.5254504
1870.16256539
1870.79968038
1871.45449301
1872.091608
1872.74642062
1873.38353561
1874.03834824
1874.69316087
1875.33027586
1875.98508849
1876.63990112
1877.29471375
1877.94952638
1878.60433901
1879.241454
1879.89626662
1880.56877689
1881.22358952
1881.87840215
1882.53321478
1883.17032977
1883.8251424
1884.46225739
1885.09937238
1885.71878973
1886.3913
1887.02841499
1887.68322762
1888.35573788
1889.02824815
1889.70075842
1890.37326868
1891.02808131
1891.68289394
1892.33770657
1892.9925192
1893.62963419
1894.26674918
1894.90386417
1895.5586768
1896.21348943
1896.86830206
1897.52311469
1898.17792731
1898.85043758
1899.66452896
1900.56710853
1901.48738574
1902.42536058
1903.32794015
1904.21282208
1905.09770401
1905.98258594
1906.90286315
1907.82314036
1909.64599714
1910.54857671
1911.46885391
1912.37143348
1913.30940833
1914.26508082
1915.20305566
1916.15872815
1917.11440063
1918.03467784
1918.97265269
1919.91062753
1920.8132071
1921.75118195
1922.67145916
1923.59173637
1924.51201357
1925.44998842
1926.38796327
1927.34363575
1928.29930824
1929.21958545
1930.15756029
1931.11323278
1931.98041707
1932.75911317
1933.50241399
1934.26341245
1934.98901563
1935.69692118
1936.42252436
1937.11273227
1937.80294017
1938.49314808
1939.21875126
1940.08593556
1941.04160804
1941.99728053
1942.95295301
1943.9086255
1944.84660034
1945.76687755
1946.7048524
1947.64282724
1948.58080209
1949.5010793
1951.35933135
1952.27960856
1953.19988577
1954.12016298
1955.02274255
1955.94301975
1956.86329696
1957.80127181
1958.72154902
1959.6772215
1960.61519635
1961.5531712
1962.50884368
1963.42912089
1964.38479337
1965.32276822
1966.24304543
1967.51727541
1968.13669276
1969.07466761
1969.99494481
1970.91522202
1971.85319687
1972.79117172
1973.72914656
1974.66712141
1975.60509626
1976.5430711
1977.48104595
1978.4190208
1980.29497049
1981.23294534
1982.20631546
1983.16198794
1984.09996279
1985.03793764
1985.95821485
1986.87849205
1987.79876926
1988.71904647
1989.63932368
1991.49757573
1992.41785294
1993.44431598
1994.29380263
1996.16975233
1997.10772717
1998.04570202
1998.98367687
1999.90395407
2000.82423128
2001.79760141
2002.68248334
2003.60276055
2006.36359217
2007.30156702
2008.2572395
2009.21291199
2010.25707266
2011.15965223
2013.01790429
2014.87615634
2015.81413119
2016.76980367
2017.72547616
2018.66345101
2019.60142585
2020.52170306
2022.34455984
2024.22050953
2025.15848438
2027.01673643
2028.83959321
2029.77756806
2031.65351775
2032.5914926
2033.54716508
2034.48513993
2035.40541714
2036.36108962
2037.28136683
2038.21934168
2039.15731652
2040.09529137
2040.99787094
2042.55526314
2043.29856396
2044.02416714
2044.74977033
2045.43997823
2046.13018614
2046.85578932
2047.68757834
2048.60785554
2049.56352803
2050.55459579
2051.52796592
2052.50133604
2053.43931089
2054.37728573
2057.17351263
2059.04946233
2059.9520419
2060.8723191
2061.81029395
2062.73057116
2064.60652085
2065.56219334
2066.51786582
2067.47353831
2068.42921079
2069.38488328
2070.32285812
2073.13678266
2074.09245515
2076.92407733
2077.86205217
2078.8354223
2079.77339715
2080.71137199
2083.54299417
2085.4366415
2086.51619746
2088.30365896
2089.25933144
2090.19730629
2091.13528114
2093.94920568
2095.78976009
2097.66570979
2098.7275681
2099.59475239
2100.55042488
2101.48839973
2102.44407221
2103.38204706
2104.33771954
2106.23136687
2107.16934172
2108.08961893
2109.02759378
2109.96556862
2111.85921595
2113.73516565
2114.76162869
2115.66420826
2116.6021831
2118.53122571
2121.36284789
2122.31852038
2123.25649522
2124.21216771
2125.15014255
2126.0881174
2127.02609225
2127.96406709
2128.90204194
2129.82231915
2130.760294
2131.71596648
2132.65394133
2134.40600755
2135.16700601
2135.89260919
2136.61821238
2137.34381556
2138.05172111
2138.74192901
2139.43213692
2140.10464718
2140.79485509
2141.46736536
2142.13987563
2142.83008353
2143.5025938
2144.1928017
2144.91840489
2145.60861279
2146.31651834
2147.00672624
2147.69693415
2148.38714206
2149.07734996
2149.76755787
2150.44006814
2151.1125784
2151.80278631
2152.4399013
2153.07701629
2153.73182892
2154.38664155
2155.02375654
2155.67856917
2156.31568416
2157.04128734
2157.60761177
2158.24472676
2158.88184176
2159.55435202
2160.20916465
2160.88167492
2161.53648755
2162.20899781
2162.8461128
2163.50092543
2164.13804042
2164.75745778
2165.39457277
2166.03168776
2166.68650038
2167.30591774
2167.96073036
2168.61554299
2169.25265798
2169.90747061
2170.56228324
2171.21709587
2171.88960614
2172.54441877
2173.19923139
2173.85404402
2174.57964721
2175.16366928
2175.81848191
2176.47329454
2177.12810717
2177.7829198
2178.42003479
2179.05714978
2179.67656713
2180.31368212
2180.93309947
2181.57021446
2182.20732945
2182.84444444
2183.48155943
2184.13637206
2184.77348705
2185.41060204
2186.08311231
2186.73792494
2187.39273756
2188.02985255
2188.66696754
2189.30408253
2189.94119752
2190.57831252
2191.21542751
2191.83484486
2192.48965749
2193.16216775
2193.81698038
2194.45409537
2195.108908
2195.76372063
2196.41853326
2197.07334589
2197.71046088
2198.36527351
2199.0023885
2199.63950349
2200.27661848
2200.91373347
2201.55084846
2202.18796345
2202.82507844
2203.44449579
2204.08161078
2204.84260924
2205.39123604
2206.02835103
2206.68316365
2207.33797628
2207.99278891
2208.64760154
2209.28471653
2209.93952916
2210.57664415
2211.23145678
2211.86857177
2212.5233844
2213.17819703
2213.85070729
2214.50551992
2215.16033255
2215.81514518
2216.45226017
2217.08937516
2217.74418779
2218.38130278
2219.03611541
2219.69092804
2220.34574067
2221.00055329
2221.63766828
2222.27478327
2222.91189827
2223.53131562
2224.15073297
2224.77015032
2225.38956767
2225.99128738
2226.61070474
2227.21242445
2227.8318418
2228.43356151
2229.05297886
2229.65469858
2230.27411593
2230.87583564
2231.47755535
2232.06157743
2232.6455995
2233.26501685
2233.86673657
2234.48615392
2235.12326891
2235.7603839
2236.39749889
2237.03461388
2237.67172887
2238.29114622
2238.92826121
2239.5653762
2240.20249119
2240.83960618
2241.47672117
2242.11383616
2242.73325351
2243.35267087
2244.13136696
2244.99855126
2245.88343319
2246.8037104
2247.70628996
2248.60886953
2249.47605383
2250.34323812
2251.22812005
2252.21918781
2253.01558155
2253.93585876
2254.85613597
2255.77641317
2256.71438802
2257.63466523
2258.55494244
2259.47521964
2260.36010157
2261.13879767
2261.86440086
2262.5723064
2263.24481667
2263.91732694
2264.57213957
2265.22695219
2265.86406718
2266.58967037
2267.43915702
2268.34173659
2269.27971144
2270.23538392
2271.17335877
2272.09363598
2272.99621555
2273.89879512
2274.81907232
2275.73934953
2276.6419291
2277.54450867
2278.44708824
2279.36736545
2280.28764266
2281.20791986
2283.08386956
2284.00414676
2284.94212161
2286.80037367
2288.65862572
2290.19832028
2290.9416211
2291.64952665
2292.33973455
2293.02994246
2293.72015036
2294.39266063
2295.15365909
2296.03854102
2296.92342295
2297.70211905
2298.44541987
2299.13562778
2299.82583569
2300.53374123
2301.2062515
2301.87876177
2302.56896967
2303.36536341
2304.26794298
2305.18822019
2306.1084974
2307.04647224
2307.84286598
2308.60386444
2309.31176998
2310.00197789
2310.74527871
2311.612463
2312.55043785
2313.45301742
2314.23171352
2314.9573167
2315.64752461
2316.33773251
2317.08103334
2317.93051999
2318.86849484
2320.70904925
2321.48774535
2322.21334854
2322.92125408
2323.61146199
2324.30166989
2325.02727307
2325.87675973
2326.79703694
2327.61112831
2328.37212677
2329.06233468
2329.75254259
2330.44275049
2331.1329584
2331.94704977
2332.84962934
2333.76990655
2334.65478848
2335.41578694
2336.12369249
2336.83159803
2337.52180594
2338.22971148
2339.00840758
2339.89328951
2340.79586908
2341.6276581
2342.38865656
2343.0965621
2343.78677001
2344.47697791
2345.14948818
2345.82199845
2346.49450872
2347.27320481
2348.15808674
2349.07836395
2350.0163388
2350.93661601
2351.83919558
2352.74177515
2353.64435472
2355.46721149
2356.40518634
2357.32546355
2359.20141324
2360.15708573
2361.99764014
2362.91791735
2363.8558922
2365.69644661
2367.55469867
2368.47497588
2369.43064836
2370.42171612
2371.32429569
2372.2445729
2373.18254775
2374.95231161
2375.71331007
2376.43891325
2377.16451644
2377.87242198
2378.54493225
2379.21744251
2379.88995278
2380.54476541
2381.19957804
2381.87208831
2382.54459857
2383.1994112
2383.88961911
2384.57982702
2385.28773256
2385.97794047
2386.66814837
2387.37605392
2388.06626182
2388.75646973
2389.44667763
2390.10149026
2390.77400053
2391.41111552
2392.06592815
2392.6853455
2393.32246049
2393.95957548
2394.63208575
2395.44617712
2396.33105906
2397.2690339
2398.20700875
2399.12728596
2400.02986553
2400.95014273
2401.83502466
2402.7199066
2403.60478853
2404.47197282
2405.37455239
2406.25943432
2407.17971153
2408.11768637
2409.03796358
2409.99363607
2410.93161091
2411.86958576
2412.78986297
2413.72783781
2414.64811502
2416.48866944
2418.52389788
2419.55036092
2420.61221924
2421.67407755
2422.73593587
2423.78009655
2424.8596525
2425.93920846
2427.12495025
2428.08062273
2429.12478341
2430.15124645
2431.19540713
2432.23956781
2433.24833321
2434.27479625
2435.30125929
2436.31002469
2437.33648773
2438.34525313
2439.37171617
2440.38048157
2441.38924697
2442.36261709
2443.35368486
2444.30935734
2445.3004251
2446.27379523
2447.24716535
2448.13204728
2448.98153394
2449.84871823
2450.71590252
2451.60078445
2452.48566638
2453.35285067
2454.18463969
2454.91024287
2455.60045078
2456.27296105
2456.94547131
2457.63567922
2458.30818949
2458.99839739
2459.65321002
2460.34341793
2460.99823056
2461.67074082
2462.34325109
2462.99806372
2463.67057399
2464.32538662
2464.98019924
2465.61731423
2466.25442922
2467.01542768
2467.90030962
2468.8559821
2469.81165459
2470.76732707
2471.70530192
2472.6609744
2473.59894925
2474.51922646
2475.51029422
2477.31545336
2478.21803293
2480.99656219
2481.9168394
2483.75739381
2484.69536866
2485.61564587
2487.49159556
2488.42957041
2489.34984762
2490.28782246
2491.24349495
2492.19916743
2493.15483992
2494.12821004
2495.08388253
2496.02185738
2496.95983222
2498.782689
2500.62324342
2501.56121826
2502.51689075
2503.43716795
2504.3751428
2505.33081529
2506.28648777
2507.22446262
2508.16243747
2510.0560848
2510.976362
2511.91433685
2512.81691642
2514.6397732
2515.54235277
2516.46262998
2517.38290718
2518.32088203
2519.25885688
2520.21452936
2521.17020185
2522.09047906
2523.93103347
2524.86900832
2526.78035329
2527.82451397
2528.74479117
2529.68276602
2530.60304323
2531.52332044
2532.46129528
2533.39927013
2534.33724498
2535.27521982
2536.23089231
2537.16886716
2538.106842
2539.18639796
2540.03588461
2540.97385946
2541.92953194
2542.88520443
2543.82317927
2544.74345648
2545.68143133
2547.55738102
2548.49535587
2549.43333072
2550.37130556
2553.14983483
2556.01685228
2556.95482713
2557.91049961
2559.78644931
2560.74212179
2561.68009664
2562.63576912
2563.57374397
2564.52941645
2565.44969366
2566.38766851
2567.32564336
2568.2636182
2569.21929069
2570.15726553
2572.03321523
2572.98888771
2573.92686256
2575.82050989
2576.77618238
2577.71415722
2578.65213207
2579.59010692
2580.5457794
2581.48375425
2582.43942673
2583.48358741
2584.42156226
2587.18239388
2588.13806637
2589.07604121
2589.99631842
2590.91659563
2591.85457048
2592.79254532
2593.73052017
2595.64186514
2597.50011719
2598.43809204
2599.39376453
2600.31404173
2601.23431894
2602.18999143
2603.11026864
2604.04824348
2604.98621833
2605.8887979
2606.80907511
2607.71165468
2609.58760437
2611.4812517
2612.41922655
2613.35720139
2614.31287388
2615.25084873
2616.20652121
2617.12679842
2618.06477327
2619.00274811
2619.94072296
2620.86100017
2622.66615931
2624.48901608
2625.39159565
2626.31187286
2627.26754535
2628.24091547
2629.19658795
2630.16995808
2631.12563056
2632.04590777
2633.05467317
2633.90415983
2634.82443703
2635.76241188
2636.68268909
2638.6117317
2639.42582307
2640.34610028
2641.26637749
2643.14232718
2644.18648786
2645.03597452
2645.991647
2646.92962185
2647.88529433
2648.80557154
2649.76124403
2650.71691651
2651.63719372
2653.40695758
2654.16795604
2654.89355922
2655.60146477
2656.32706795
2657.01727586
2657.7251814
2658.45078459
2659.15869013
2659.88429331
2660.6098965
2661.47708079
2662.41505564
2663.4061234
2664.37949352
2665.31746837
2666.23774558
2667.15802278
2668.04290472
2668.94548428
2669.86576149
2670.7860387
2671.68861827
2672.59119784
2675.38742474
2676.34309723
2677.29876971
2678.23674456
2679.1747194
2680.11269425
2681.0506691
2682.00634158
2686.67851818
2687.59879538
2688.53677023
2689.47474508
2691.38609005
2693.2443421
2695.10259416
2696.05826664
2697.01393913
2697.95191397
2698.90758646
2699.84556131
2701.721511
2702.64178821
2703.57976305
2704.50004026
2705.43801511
2706.37598996
2707.29626716
2708.21654437
2709.15451922
2710.1101917
2711.06586419
2712.00383904
2712.94181388
2713.86209109
2716.62292271
2717.56089756
2718.53426768
2719.48994017
2721.34819222
2722.28616707
2723.20644428
2724.14441913
2726.00267118
2726.94064603
2727.86092323
2729.71917529
2730.6394525
2731.57742734
2732.53309983
2733.45337704
2734.39135188
2735.34702437
2736.30269685
2737.25836934
2738.19634419
2739.13431903
2740.05459624
2740.95717581
2741.87745302
2743.73570507
2744.65598228
2745.59395713
2746.76200128
2747.46990682
2749.31046124
2750.24843608
2751.18641093
2752.14208341
2753.0977559
2754.97370559
2756.86735292
2757.80532777
2758.74330262
2759.64588219
2761.61032007
2763.3623863
2764.30036114
2765.25603363
2766.19400848
2767.23816915
2768.06995817
2769.00793301
2769.92821022
2771.80415992
2772.74213476
2773.64471433
2774.45880571
2775.20210653
2775.89231444
2776.5648247
2777.23733497
2777.8921476
2778.54696023
2779.20177286
2779.83888785
2780.52909575
2781.2370013
2782.10418559
2784.01553056
2784.98890068
2785.92687553
2786.84715274
2787.76742995
2788.68770716
2789.60798436
2790.52826157
2792.36881599
2793.2890932
2795.12964761
2796.0853201
2797.04099258
2797.99666507
2798.95233755
2799.92570768
2800.84598488
2801.78395973
2802.75732985
2803.71300234
2804.63327955
2805.97830008
2807.92504033
2808.73913171
2809.65940891
2810.59738376
2811.53535861
2812.47333345
2813.42900594
2814.36698079
2815.30495563
2816.24293048
2817.18090533
2820.0125275
2820.91510707
2821.81768664
2822.73796385
2823.65824106
2824.59621591
2825.55188839
2827.44553572
2828.38351057
2830.25946026
2831.21513275
2833.12647772
2834.0821502
2835.02012505
2836.84298183
2837.7455614
2838.64814097
2839.58611581
2841.44436787
2842.40004035
2843.3380152
2844.27599005
2845.21396489
2847.08991459
2848.01019179
2848.94816664
2849.92153676
2850.82411633
2852.68236839
2853.6026456
2854.54062044
2855.44320001
2856.36347722
2858.23942691
2859.1950994
2860.13307424
2861.08874673
2862.02672158
2862.96469642
2863.92036891
2864.85834375
2865.81401624
2866.75199109
2867.68996593
2869.67210146
2871.42416768
2872.34444489
2873.2647221
2874.20269694
2876.99892385
2877.91920105
2878.89257118
2879.84824366
2880.78621851
2881.79498391
2882.83914459
2883.86560763
2884.89207067
2885.95392898
2886.99808966
2888.0245527
2889.05101574
2890.05978114
2891.05084891
2892.07731195
2893.08607735
2894.09484275
2894.99742232
2896.78488382
2897.63437047
2898.37767129
2899.0678792
2899.74038947
2900.41289973
2901.06771236
2901.74022263
2902.39503526
2903.03215025
2903.66926524
2904.30638023
2904.92579758
2905.54521493
2906.16463228
2906.81944491
2907.42116462
2908.02288434
2908.64230169
2909.2440214
2909.86343875
2910.58904194
2911.40313331
2912.27031761
2913.17289717
2914.05777911
2914.94266104
2915.82754297
2916.80091309
2917.65039974
2918.55297931
2919.43786124
2920.34044081
2923.06587716
2923.98615437
2924.90643158
2925.82670878
2926.74698599
2927.68496084
2928.69372624
2929.73788692
2930.76434996
2931.80851064
2932.87036895
2933.91452963
2934.99408559
2936.07364154
2937.20629041
2938.21505582
2939.22382122
2940.25028426
2941.2767473
2942.2855127
2943.2057899
2944.10836947
2945.78964514
2946.6391318
2947.52401373
2948.4265933
2949.32917287
2950.24945007
2951.20512256
2952.14309741
2953.06337461
2954.00134946
2955.87729915
2956.815274
2957.73555121
2959.57610562
2960.63796394
2962.47851836
2963.39879556
2964.30137513
2965.23934998
2967.11529967
2968.07097216
2969.06203992
2970.00001477
2970.95568725
2971.91135974
2972.86703222
2973.80500707
2974.74298192
2976.58353633
2978.42409075
2980.26464516
2982.12289722
2983.13166262
2984.03424219
2984.97221704
2985.91019188
2986.84816673
2987.80383921
2988.74181406
2989.69748655
2990.63546139
2991.53804096
2993.3432001
2994.26347731
2997.02430893
2997.96228378
2998.88256099
3000.75851068
3001.71418317
3002.66985565
3003.62552814
3004.59889826
3005.53687311
3006.45715032
3007.39512516
3008.31540237
3009.25337722
3010.17365442
3011.11162927
3012.93448605
3015.87229406
3016.79257127
3019.41182178
3020.13742496
3020.82763287
3021.51784078
3022.19035104
3022.86286131
3023.51767394
3024.17248657
3024.8272992
3025.5175071
3026.24311029
3026.93331819
3027.78280485
3028.72077969
3029.69414982
3030.6498223
3031.62319243
3032.525772
3033.4460492
3034.34862877
3035.26890598
3036.18918319
3037.09176276
3038.0297376
3038.95001481
3040.79056923
3041.72854408
3042.66651892
3043.58679613
3044.54246862
3046.38302303
3047.32099788
3048.24127509
3049.19694757
3050.13492242
3051.99317447
3052.89575404
3053.81603125
3055.6742833
3056.59456051
3057.53253536
3058.47051021
3059.42618269
3060.3464599
3061.28443475
3063.1426868
3064.08066165
3065.00093885
3065.9389137
3066.9476791
3068.78823352
3069.70851073
3070.64648557
3072.52243527
3073.47810775
3074.39838496
3075.33635981
3076.27433465
3078.15028435
3079.07056155
3080.0085364
3080.94651125
3081.86678845
3082.76936802
3083.70734287
3085.56559493
3086.50356977
3088.30872891
3089.22900612
3090.16698097
3093.86578744
3094.78606464
3095.74173713
3096.66201434
3097.58229155
3098.50256875
3100.29003025
3101.29879565
3102.16597995
3103.12165243
3104.05962728
3104.99760212
3105.93557697
3106.87355182
3107.81152666
3108.73180387
3109.65208108
3110.59005593
3112.44830798
3113.35088755
3114.2888624
3116.11171918
3117.06739166
3117.98766887
3118.90794608
3119.84592092
3120.78389577
3121.72187062
3122.80142657
3125.57995583
3127.4913008
3128.51776384
3129.56192452
3130.6060852
3131.65024588
3132.67670892
3133.70317196
3134.71193736
3135.72070276
3136.76486344
3137.77362884
3138.81778952
3139.8619502
3140.85301796
3141.84408572
3142.85285112
3143.84391889
3144.81728901
3145.77296149
3146.56935523
3147.29495842
3147.96746868
3148.60458367
3149.2593963
3149.89651129
3150.55132392
3151.20613655
3151.86094918
3152.51576181
3153.18827207
3153.8430847
3154.51559497
3155.18810524
3155.86061551
3156.51542813
3157.1879384
3157.87814631
3158.55065657
3159.2054692
3159.89567711
3160.67437321
3161.5415575
3162.44413707
3163.36441428
3164.26699385
3165.16957342
3166.1252459
3167.06322075
3167.98349796
3168.90377516
3169.82405237
3170.72663194
3172.67337219
3174.47853133
3175.3811109
3176.28369047
3177.22166531
3178.12424488
3180.90277415
3181.82305135
3183.69900105
3184.61927825
3186.53062323
3187.46859807
3188.42427056
3190.28252261
3191.20279982
3193.06105187
3193.98132908
3194.90160629
3195.8218835
3196.74216071
3197.66243791
3198.60041276
3199.53838761
3200.49406009
3201.43203494
3202.37000979
3203.32568227
3204.28135476
3205.2193296
3207.11297693
3208.05095178
3208.97122899
3210.82948104
3212.63464018
3214.49289224
3215.41316945
3216.36884193
3217.30681678
3218.22709399
3219.16506883
3220.10304368
3221.04101852
3222.91696822
3223.85494306
3224.81061555
3225.7485904
3226.65116997
3227.57144717
3228.50942202
3230.38537171
3231.41183475
3232.24362377
3233.16390098
3234.08417818
3235.02215303
3235.96012788
3236.89810272
3237.83607757
3238.77405242
3239.71202726
3240.66769975
3241.6056746
3243.49932193
3244.41959914
3247.23352368
3248.15380088
3249.18026392
3250.02975058
3250.98542306
3251.90570027
3252.84367512
3253.76395232
3254.68422953
3255.62220438
3256.57787686
3258.45382656
3259.3918014
3261.2677511
3262.20572594
3263.12600315
3264.04628036
3264.96655757
3265.92223005
3266.84250726
3268.70075932
3270.48822082
3271.40849802
3272.34647287
3273.28444772
3274.2401202
3275.21349033
3276.16916281
3277.1248353
3278.0451125
3278.98308735
3279.90336456
3280.82364177
3281.74391898
3282.66419618
3283.58447339
3284.52244824
3285.42502781
3286.34530502
3287.26558222
3288.18585943
3289.12383428
3290.06180912
3290.99978397
3292.87573366
3295.6896582
3296.62763305
3297.5656079
3298.48588511
3299.38846467
3303.10496878
3304.00754835
3304.92782556
3305.84810277
3306.78607762
3309.70618799
3310.6264652
3311.58213768
3312.53781017
3313.45808737
3314.37836458
3315.29864179
3318.0063805
3318.92665771
3319.84693491
3320.76721212
3321.70518697
3322.64316181
3324.50141387
3325.45708635
3327.31533841
3329.17359046
3330.11156531
3331.03184252
3331.95211973
3333.79267414
3334.69525371
3335.63322856
3336.57120341
3337.52687589
3338.4471531
3339.40282558
3341.26107764
3342.19905248
3343.13702733
3344.09269982
3345.03067466
3346.90662436
3347.82690156
3348.74717877
3350.58773319
3351.52570803
3352.44598524
3353.36626245
3354.3042373
3355.24221214
3356.18018699
3357.13585948
3358.07383432
3359.01180917
3359.84359818
3360.60459664
3361.34789747
3362.07350065
3362.79910383
3363.50700938
3364.23261256
3364.92282047
3365.63072601
3366.33863156
3367.0465371
3367.89602375
3368.8339986
3369.78967109
3370.72764593
3371.64792314
3372.56820035
3373.5061752
3374.4264524
3375.34672961
3376.24930918
3377.16958639
3378.07216596
3378.99244317
3379.91272037
3381.73557715
3382.673552
3383.61152684
3384.53180405
3385.48747654
3386.40775375
3387.31033331
3388.23061052
3390.0534673
3391.57546422
3392.28336977
3392.97357767
3393.66378558
3394.37169112
3395.04420139
3395.7344093
3396.4246172
3397.22101094
3398.12359051
3399.06156536
3400.03493548
3400.99060796
3401.92858281
3402.84886002
3403.76913723
3404.6717168
3405.591994
3406.49457357
3407.39715314
3408.31743035
3411.99853918
3412.93651403
3413.90988415
3414.90095192
3415.83892676
3416.79459925
3417.73257409
3418.6528513
3419.55543087
3420.49340572
3422.4578436
3423.46660901
3424.45767677
3425.46644217
3426.45750993
3427.43088006
3428.42194782
3429.41301558
3430.40408334
3431.39515111
3432.40391651
3433.37728663
3434.36835439
3435.35942216
3436.35048992
3437.34155768
3438.27953253
3439.16441446
3440.03159875
3440.91648068
3441.80136261
3442.70394218
3445.50016908
3446.43814393
3447.37611878
3448.29639598
3449.21667319
3450.1369504
3451.05722761
3451.99520245
3454.75603408
3455.69400892
3457.58765626
3458.5256311
3459.46360595
3460.4015808
3461.35725328
3462.29522813
3464.18887546
3465.10915267
3466.06482515
3467.92307721
3468.84335442
3469.76363162
3471.62188368
3472.57755616
3473.49783337
3474.43580822
3475.3914807
3476.32945555
3477.30282567
3479.21417064
3480.15214549
3481.10781798
3482.04579282
3482.98376767
3483.90404488
3484.82432208
3488.452338
3490.29289242
3491.2485649
3492.20423739
3493.15990987
3494.09788472
3495.01816193
3495.95613677
3496.87641398
3497.81438883
3499.69033852
3500.61061573
3501.49549766
3502.41577487
3503.31835444
3504.23863165
3505.15890885
3506.99946327
3507.93743812
3508.85771532
3509.79569017
3510.73366502
3511.6893375
3512.62731235
3513.58298483
3514.53865732
3515.47663217
3517.28179131
3519.12234572
3520.04262293
3520.9452025
3521.86547971
3522.76805928
3523.67063885
3524.60861369
3525.56428618
3526.50226102
3527.45793351
3528.39590836
3529.35158084
3530.27185805
3531.19213526
3533.95296688
3534.85554645
3537.59868044
3538.53665528
3540.41260498
3542.25315939
3543.19113424
3544.12910908
3545.08478157
3546.04045405
3546.9784289
3547.93410139
3548.87207623
3549.79235344
3550.73032829
3551.6506055
3552.5708827
3553.50885755
3555.38480724
3556.30508445
3558.14563887
3559.08361371
3560.02158856
3560.95956341
3561.89753825
3562.81781546
3563.73809267
3564.67606752
3565.61404236
3566.53431957
3567.45459678
3569.2951512
3570.19773076
3571.13570561
3572.05598282
3572.99395767
3573.93193251
3574.86990736
3575.79018457
3577.64843662
3579.48899104
3580.42696588
3583.24089042
3584.19656291
3585.13453776
3586.0725126
3587.93076466
3588.83334423
3589.77131907
3590.69159628
3591.61187349
3592.54984834
3593.47012554
3595.27528468
3597.1158391
3598.03611631
3598.95639351
3599.89436836
3600.85004085
3601.80571333
3602.76138582
3603.66396539
3606.40709937
3607.34507422
3608.3007467
3610.12360348
3611.02618305
3611.9641579
3612.8844351
3613.84010759
3614.79578008
3615.75145256
3616.68942741
3618.5653771
3619.50335195
3620.44132679
3622.31727649
3623.25525133
3625.07810811
3625.98068768
3626.91866253
3627.85663737
3628.79461222
3630.63516664
3631.55544384
3632.47572105
3634.35167074
3635.28964559
3637.16559528
3638.10357013
3639.02384734
3639.94412455
3641.78467896
3642.68725853
3643.60753574
3646.36836736
3647.32403985
3648.27971234
3649.23538482
3650.19105731
3651.12903215
3652.98728421
3653.94295669
3654.8632339
3655.80120875
3656.72148595
3657.64176316
3658.56204037
3660.40259479
3661.32287199
3662.27854448
3663.21651933
3664.15449417
3665.11016666
3667.87099828
3668.80897313
3669.74694798
3670.66722518
3671.60520003
3672.52547724
3673.44575445
3674.38372929
3675.3040065
3677.16225856
3678.08253576
3679.00281297
3680.8964603
3681.85213279
3682.79010763
3683.76347776
3684.70145261
3686.52430938
3687.44458659
3688.3648638
3689.28514101
3691.12569542
3692.06367027
3693.00164512
3693.92192232
3694.87759481
3695.83326729
3696.77124214
3697.70921699
3698.64719183
3699.58516668
3700.50544389
3701.44341874
3702.36369594
3704.16885508
3705.08913229
3705.99171186
3706.94738434
3707.97384738
3708.87642695
3709.83209944
3710.77007429
3711.69035149
3712.6106287
3713.54860355
3714.46888076
3715.42455324
3716.38022573
3717.33589821
3718.27387306
3719.19415027
3720.11442747
3723.81323394
3724.73351115
3725.671486
3726.60946085
3727.52973805
3728.4677129
3729.42338539
3730.36136023
3731.33473036
3732.2727052
3733.21068005
3735.01583919
3736.87409124
3737.81206609
3738.75004094
3739.67031814
3740.57289771
3742.41345213
3743.35142698
3745.24507431
3746.16535152
3747.121024
3748.05899885
3748.99697369
3750.81983047
3751.61622421
3752.51880378
3753.47447626
3754.39475347
3755.31503068
3756.25300553
3757.19098037
3758.11125758
3759.03153479
3759.96950964
3760.88978684
3761.79236641
3764.60629095
3765.56196344
3766.48224065
3767.54409896
3768.35819034
3769.15458408
3770.07486129
3771.01283613
3771.96850862
3772.90648346
3775.64961745
3776.56989466
3777.5078695
3779.36612156
3780.28639877
3781.20667597
3782.02076735
3782.78176581
3783.50736899
3784.21527454
3784.92318008
3785.61338799
3786.28589826
3786.95840852
3787.59552351
3788.25033614
3788.88745113
3789.50686848
3790.16168111
3790.7987961
3791.43591109
3792.01993317
3792.40928122
3792.83402454
3792.95790801
3793.04639621
3793.11718676
3793.15258204
3793.17027968
3793.20567496
3793.27646551
3793.27646551
3793.27646551
3793.27646551
3793.27646551
3793.27646551
3793.27646551
3793.27646551
3793.27646551
3793.27646551
3793.27646551
3793.27646551
3793.27646551
3793.27646551
3793.27646551
3793.27646551
3793.27646551
3793.27646551
3793.27646551
3793.27646551
3793.27646551
3793.27646551
3793.27646551
3793.27646551
3793.27646551
3793.27646551
3793.27646551
3793.27646551
3793.27646551
3793.27646551
3793.27646551
3793.27646551
3793.595023
3793.77199939
3793.96667342
3794.17904508
3794.44450966
3794.76306715
3795.09932229
3795.45327506
3795.82492547
3796.23197116
3796.63901685
3797.08145781
3797.52389878
3798.00173502
3798.4972689
3799.01050042
3799.52373194
3800.0546611
3800.58559026
3801.13421705
3801.66514621
3802.21377301
3802.76239981
3803.34642188
3803.91274632
3804.49676839
3805.08079047
3805.66481254
3806.24883461
3806.85055433
3807.45227404
3808.07169139
3808.69110874
3809.32822373
3809.96533872
3810.60245371
3811.25726634
3811.89438133
3812.54919396
3813.18630895
3813.82342394
3814.47823657
3815.1330492
3815.78786183
3816.4603721
3817.09748709
3817.75229971
3818.3894147
3819.02652969
3819.66364468
3820.31845731
3820.9555723
3821.62808257
3822.2828952
3822.95540547
3823.62791573
3824.300426
3824.97293627
3825.66314418
3826.33565444
3827.00816471
3827.68067498
3828.35318524
3829.02569551
3829.68050814
3830.35301841
3831.00783104
3831.6803413
3832.35285157
3833.0076642
3833.68017447
3834.3349871
3835.00749736
3835.66230999
3836.33482026
3837.02502817
3837.69753843
3838.38774634
3839.07795425
3839.76816215
3840.45837006
3841.11318269
3841.80339059
3842.47590086
3843.14841113
3843.82092139
3844.49343166
3845.18363957
3845.85614984
3846.5286601
3847.21886801
3847.87368064
3848.56388854
3849.25409645
3849.96200199
3850.6522099
3851.32472017
3851.99723043
3852.6697407
3853.34225097
3854.01476124
3854.66957387
3855.34208413
3855.99689676
3856.63401175
3857.27112674
3857.92593937
3858.580752
3859.25326227
3859.9080749
3860.54518989
3861.20000251
3861.8371175
3862.4742325
3863.11134749
3863.74846248
3864.42097274
3865.05808773
3865.71290036
3866.36771299
3867.02252562
3867.69503589
3868.38524379
3869.09314934
3869.80105488
3870.50896043
3871.21686597
3871.92477152
3872.61497942
3873.30518733
3873.99539523
3874.6679055
3875.35811341
3876.04832131
3876.72083158
3877.41103949
3878.10124739
3878.7914553
3879.4816632
3880.17187111
3880.84438138
3881.55228692
3882.26019247
3882.95040037
3883.64060828
3884.31311855
3885.00332645
3885.67583672
3886.36604463
3887.07395017
3887.74646044
3888.4189707
3889.10917861
3889.76399124
3890.45419915
3891.17980233
3891.79921968
3892.48942759
3893.19733313
3893.90523868
3894.57774894
3895.26795685
3895.94046712
3896.61297738
3897.26779001
3897.95799792
3898.64820582
3899.32071609
3900.010924
3900.7011319
3901.37364217
3902.06385008
3902.73636034
3903.42656825
3904.11677616
3904.78928642
3905.47949433
3906.16970224
3906.85991014
3907.55011805
3908.24032595
3908.93053386
3909.60304413
3910.29325203
3910.9657623
3911.63827257
3912.31078284
3913.00099074
3913.67350101
3914.36370891
3915.03621918
3915.72642709
3916.43433263
3917.14223818
3917.83244608
3918.54035163
3919.23055953
3919.92076744
3920.59327771
3921.28348561
3921.97369352
3922.62850615
3923.28331878
3923.95582904
3924.61064167
3925.2654543
3925.92026693
3926.57507956
3927.22989219
3927.88470482
3928.53951745
3929.19433007
3929.83144506
3930.48625769
3931.14107032
3931.77818531
3932.4153003
3933.03471765
3933.65413501
3934.27355236
3934.89296971
3935.51238706
3936.13180441
3936.75122176
3937.38833675
3938.0077541
3938.64486909
3939.29968172
3939.97219199
3940.68009754
3941.38800308
3942.09590862
3942.80381417
3943.51171971
3944.20192762
3944.89213553
3945.60004107
3946.30794662
3946.98045688
3947.67066479
3948.34317506
3949.03338296
3949.70589323
3950.36070586
3951.01551849
3951.68802875
3952.34284138
3952.99765401
3953.67016428
3954.32497691
3954.97978954
3955.61690453
3956.30711243
3956.89113451
3957.51055186
3958.14766685
3958.7670842
3959.38650155
3960.0059189
3960.62533626
3961.24475361
3961.86417096
3962.48358831
3963.10300566
3963.74012065
3964.37723564
3965.01435063
3965.65146562
3966.30627825
3966.96109088
3967.61590351
3968.27071614
3968.97862168
3969.79271306
3970.69529263
3971.61556984
3972.55354468
3973.47382189
3974.37640146
3976.19925824
3977.08414017
3977.98671974
3978.88929931
3980.69445844
3981.61473565
3982.53501286
3983.49068535
3984.42866019
3985.3489374
3986.28691225
3987.22488709
3988.18055958
3989.13623206
3990.09190455
3991.0298794
3992.87043381
3994.72868587
3995.64896307
3996.56924028
3997.50721513
3998.46288761
3999.38316482
4000.33883731
4001.27681215
4002.17939172
4002.9934831
4003.75448156
4004.48008474
4005.20568793
4005.91359347
4006.60380138
4007.31170692
4007.98421719
4008.65672746
4009.32923772
4010.00174799
4010.6919559
4011.470652
4012.19625518
4012.92185836
4013.62976391
4014.33766945
4015.02787736
4015.71808526
4016.40829317
4017.08080344
4017.75331371
4018.42582397
4019.09833424
4019.8593327
4020.76191227
4021.69988712
4022.67325724
4023.61123209
4024.51381166
4025.43408886
4027.239248
4028.14182757
4029.06210478
4030.88496156
4031.80523877
4032.74321361
4033.66349082
4034.60146567
4035.53944051
4036.45971772
4037.39769257
4039.23824698
4040.15852419
4041.09649904
4042.03447389
4042.95475109
4043.91042358
4044.84839842
4046.72434812
4048.61799545
4049.5559703
4050.58243334
4051.62659401
4052.67075469
4053.73261301
4054.77677369
4055.83863201
4056.90049032
4057.944651
4058.97111404
4060.01527472
4061.04173776
4062.03280552
4063.04157092
4064.03263868
4065.04140408
4066.05016949
4067.04123725
4068.05000265
4069.05876805
4070.04983581
4071.05860121
4072.03197134
4073.0230391
4074.01410686
4074.95208171
4075.92545183
4076.9165196
4077.925285
4078.89865512
4079.87202524
4080.84539537
4081.83646313
4082.82753089
4083.81859866
4084.80966642
4085.78303654
4086.68561611
4087.57049804
4088.49077525
4089.25177371
4089.95967926
4090.63218952
4091.30469979
4091.95951242
4092.59662741
4093.2337424
4093.88855503
4094.52567002
4095.16278501
4095.81759764
4096.61399137
4097.49887331
4098.45454579
4099.41021828
4100.33049548
4101.21537741
4103.05593183
4103.9585114
4104.87878861
4105.81676345
4106.7547383
4107.69271315
4108.61299036
4111.24993851
4111.76317003
4112.13482044
4112.40028502
4112.59495904
4112.75423779
4112.8958189
4113.01970237
4113.1258882
4113.23207403
4113.32056223
4113.39135278
4113.4444457
4113.46214334
4113.46214334
4113.46214334
4113.46214334
4113.46214334
4113.46214334
4114.04616541
4114.50630401
4115.01953553
4115.55046469
4116.08139385
4116.63002065
4117.05476398
4117.42641439
4117.83346007
4118.24050576
4118.66524909
4119.10769005
4119.55013102
4120.01026962
4120.45271059
4120.75357045
4120.94824447
4121.08982558
4121.21370905
4121.30219724
4121.39068544
4121.46147599
4121.54996418
4121.63845238
4121.63845238
4121.63845238
4121.63845238
4121.63845238
4121.63845238
4121.63845238
4121.63845238
4121.65615002
4122.3817532
4122.89498472
4123.44361152
4124.04533123
4124.73553913
4125.26646829
4125.70890926
4126.11595495
4126.52300063
4126.9654416
4127.40788256
4127.79723061
4128.06269519
4128.23967158
4128.45204324
4128.50513616
4128.54053144
4128.55822907
4128.59362435
4128.59362435
4128.59362435
4128.59362435
4128.59362435
4128.59362435
4128.59362435
4128.59362435
4128.59362435
4128.59362435
4128.59362435
4128.59362435
4128.59362435
4128.59362435
4128.59362435
4128.59362435
4128.59362435
4128.59362435
4128.59362435
4128.59362435
4128.59362435
4128.59362435
4128.59362435
4128.59362435
4128.59362435
4128.59362435
4128.59362435
4128.59362435
4128.59362435
4128.59362435
4128.59362435
4128.59362435
4128.59362435
4128.59362435
4128.59362435
4128.59362435
4128.59362435
4128.59362435
4128.59362435
4128.59362435
4128.59362435
4128.59362435
4128.59362435
4128.59362435
4128.59362435
4128.59362435
4128.59362435
4128.59362435
4128.59362435
4128.59362435
4128.59362435
4128.59362435
4128.59362435
4128.59362435
4128.59362435
4128.59362435
4128.59362435
4128.59362435
4128.59362435
4128.59362435
4128.59362435
4128.59362435
4128.59362435
4128.59362435
4128.59362435
4128.59362435
4128.59362435
4128.59362435
4128.59362435
4128.59362435
4128.59362435
4128.59362435
4128.59362435
4128.59362435
4128.59362435
4128.59362435
4128.59362435
4128.59362435
4128.59362435
4128.59362435
4128.59362435
4128.59362435
4128.59362435
4128.59362435
4128.59362435
4128.59362435
4128.59362435
4128.59362435
4128.59362435
4128.59362435
4128.59362435
4128.59362435
4128.59362435
4128.59362435
4128.59362435
4128.59362435
4128.59362435
4128.59362435
4128.59362435
4128.59362435
4128.59362435
4128.59362435
4128.59362435
4128.59362435
4128.59362435
4128.59362435
4128.59362435
4128.59362435
4128.59362435
4128.59362435
4128.59362435
4128.59362435
4128.59362435
4128.59362435
4128.59362435
4128.59362435
4128.59362435
4128.59362435
4128.59362435
4128.59362435
4128.59362435
4128.59362435
4128.59362435
4128.59362435
4128.59362435
4128.59362435
4128.59362435
4128.59362435
4128.59362435
4128.59362435
4128.59362435
4128.59362435
4128.59362435
4128.59362435
4128.59362435
4128.59362435
4128.59362435
4128.59362435
4128.59362435
4128.59362435
4128.59362435
4128.59362435
4128.59362435
4128.59362435
4128.59362435
4128.59362435
4128.59362435
4128.59362435
4128.59362435
4128.59362435
4128.59362435
4128.59362435
4128.59362435
4128.59362435
4128.59362435
4128.59362435
4128.59362435
4128.59362435
4128.59362435
4128.59362435
4128.59362435
4128.59362435
4128.59362435
4128.59362435
4128.59362435
4128.59362435
4128.59362435
4128.59362435
4128.59362435
4128.59362435
4128.59362435
4128.59362435
4128.59362435
4128.59362435
4128.59362435
4128.59362435
4128.59362435
4128.59362435
4128.59362435
4128.59362435
4128.59362435
4128.59362435
4128.59362435
4128.59362435
4128.59362435
4128.59362435
4128.59362435
4128.59362435
4128.59362435
4128.59362435
4128.59362435
4128.59362435
4128.59362435
4128.59362435
4128.59362435
4128.59362435
4128.59362435
4128.59362435
4128.59362435
4128.59362435
4128.59362435
4128.59362435
4128.59362435
4128.59362435
4128.59362435
4128.59362435
4128.59362435
4128.59362435
4128.59362435
4128.59362435
4128.59362435
4128.59362435
4128.59362435
4128.59362435
4128.59362435
4128.59362435
4128.59362435
4128.59362435
4128.59362435
4128.59362435
4128.59362435
4128.59362435
4128.59362435
4128.59362435
4128.59362435
4128.59362435
4128.59362435
4128.59362435
4128.59362435
4128.59362435
4128.59362435
4128.59362435
4128.59362435
4128.59362435
4128.59362435
4128.59362435
4128.59362435
4128.59362435
4128.59362435
4128.59362435
4128.59362435
4128.59362435
4128.59362435
4128.59362435
4128.59362435
4128.59362435
4128.59362435
4128.59362435
4128.59362435
4128.59362435
4128.59362435
4128.59362435
4128.59362435
4128.59362435
4128.59362435
4128.59362435
4128.59362435
4128.59362435
4128.59362435
4128.59362435
4128.59362435
4128.59362435
4128.59362435
4128.59362435
4128.59362435
4128.59362435
4128.59362435
4128.59362435
4128.59362435
4128.59362435
4128.59362435
4128.59362435
4128.59362435
4128.59362435
4128.59362435
4128.59362435
4128.59362435
4128.59362435
4128.59362435
4128.59362435
4128.59362435
4128.59362435
4128.59362435
4128.59362435
4128.59362435
4128.59362435
4128.59362435
4128.59362435
4128.59362435
4128.59362435
4128.59362435
4128.59362435
4128.59362435
4128.59362435
4128.59362435
4128.59362435
4128.59362435
4128.59362435
4128.59362435
4128.59362435
4128.59362435
4128.59362435
4128.59362435
4128.59362435
4128.59362435
4128.59362435
4128.59362435
4128.59362435
4128.59362435
4128.59362435
4128.59362435
4128.59362435
4128.59362435
4128.59362435
4128.59362435
4128.59362435
4128.59362435
4128.59362435
4128.59362435
4128.59362435
4128.59362435
4128.59362435
4128.59362435
4128.59362435
4128.59362435
4128.59362435
4128.59362435
4128.59362435
4128.59362435
4128.59362435
4128.59362435
4128.59362435
4128.59362435
4128.59362435
4128.59362435
4128.59362435
4128.59362435
4128.59362435
4128.59362435
4128.59362435
4128.59362435
4128.59362435
4128.59362435
4128.59362435
4128.59362435
4128.59362435
4128.59362435
4128.59362435
4128.59362435
4128.59362435
4128.59362435
4128.59362435
4128.59362435
4128.59362435
4128.59362435
4128.59362435
4128.59362435
4128.59362435
4128.59362435
4128.59362435
4128.59362435
4128.59362435
4128.59362435
4128.59362435
4128.59362435
4128.59362435
4128.59362435
4128.59362435
4128.59362435
4128.59362435
4128.59362435
4128.59362435
4128.59362435
4128.59362435
4128.59362435
4128.59362435
4128.59362435
4128.59362435
4128.59362435
4128.59362435
4128.59362435
4128.59362435
4128.59362435
4128.59362435
4128.59362435
4128.59362435
4128.59362435
4128.59362435
4128.59362435
4128.59362435
4128.59362435
4128.59362435
4128.59362435
4128.59362435
4128.59362435
4128.59362435
4128.59362435
4128.59362435
4128.59362435
4128.59362435
4128.59362435
4128.59362435
4128.59362435
4128.59362435
4128.59362435
4128.59362435
4128.59362435
4128.59362435
4128.59362435
4128.59362435
4128.59362435
4128.59362435
4128.59362435
4128.59362435
4128.59362435
4128.59362435
4128.59362435
4128.59362435
4128.59362435
4128.59362435
4128.59362435
4128.59362435
4128.59362435
4128.59362435
4128.59362435
4128.59362435
4128.59362435
4128.59362435
4128.59362435
4128.59362435
4128.59362435
4128.59362435
4128.59362435
4128.59362435
4128.59362435
4128.59362435
4128.59362435
4128.59362435
4128.59362435
4128.59362435
4128.59362435
