1970-01-01 07:42:26.078543, 0.0399958999909,0.0 0.008 -1.0,-0.0176976386152 0.0
1970-01-01 07:42:26.098900, 0.122000199972,0.0 0.008 -1.0,-0.0176976386152 0.0
1970-01-01 07:42:26.119226, 0.206541999953,0.0 0.012 -0.996,-0.0176976386152 0.0
1970-01-01 07:42:26.139645, 0.341746299922,0.0 0.012 -1.0,-0.0176976386152 0.0
1970-01-01 07:42:26.160002, 0.536538099877,0.004 0.012 -1.0,-0.0176976386152 0.0
1970-01-01 07:42:26.180359, 0.722929899835,0.0 0.012 -0.996,-0.0176976386152 0.0
1970-01-01 07:42:26.931648, 0.840459199808,0.0 0.008 -1.0,-0.460138603996 -0.353952772304
1970-01-01 07:42:26.951975, 1.05651349976,0.168 0.484 -0.556,-1.0441606783 -0.8140913763
1970-01-01 07:42:26.992567, 1.3287427997,-0.088 0.552 -0.664,-2.4422741289 -2.2122048269
1970-01-01 07:42:27.033159, 1.45143459967,-0.064 0.568 -1.14,-4.28282854488 -4.12354979735
1970-01-01 07:42:27.053516, 1.65103889962,0.024 0.392 -0.84,-5.3446868618 -5.18540811426
1970-01-01 07:42:27.073812, 2.00770569954,-0.476 -0.848 -0.78,-6.53042864902 -6.33575462425
1970-01-01 07:42:27.094139, 2.53377249942,0.48 -0.024 -0.7,-7.7869609907 -7.57458932732
1970-01-01 07:42:27.114465, 3.03647679931,0.1 0.492 -0.964,-8.99040041653 -8.84881930761
1970-01-01 07:42:27.134792, 3.31290609924,-0.256 0.08 -1.468,-10.2469327582 -10.1584445651
1970-01-01 07:42:27.155118, 3.58181039918,-0.288 0.204 -0.5,-11.5742556544 -11.5388603771
1970-01-01 07:42:27.175475, 3.83881469912,0.3 -0.3 -1.14,-12.9546714663 -12.9369738277
1970-01-01 07:42:27.195771, 4.07604399907,-0.404 0.476 -0.98,-14.3350872783 -14.3173896397
1970-01-01 07:42:27.216098, 4.30067329902,0.128 0.192 -1.068,-15.7862936448 -15.7508983675
1970-01-01 07:42:27.256721, 4.358615099,-0.5 0.072 -1.384,-18.7241016549 -18.6710087391
1970-01-01 07:42:27.277047, 4.27331939902,0.028 -0.084 -0.752,-20.2460985758 -20.1576103827
1970-01-01 07:42:27.297374, 4.24209869903,-0.012 0.144 -1.244,-21.7503978581 -21.6442120264
1970-01-01 07:42:27.337996, 4.35691549901,-0.104 0.084 -1.028,-24.7766940613 -24.6882058682
1970-01-01 07:42:27.358292, 4.51381979897,-0.296 0.408 -1.0,-26.2986909822 -26.2102027891
1970-01-01 07:42:27.378619, 4.68533659893,0.06 -0.208 -0.976,-27.8029902645 -27.7498973487
1970-01-01 07:42:27.398946, 4.95415339887,-0.184 -0.124 -0.928,-29.342684824 -29.3072895468
1970-01-01 07:42:27.419272, 5.2391576988,-0.092 0.164 -1.204,-30.8646817449 -30.8646817449
1970-01-01 07:42:27.439599, 5.48531199875,0.016 0.176 -0.556,-32.4043763045 -32.4220739431
1970-01-01 07:42:27.459925, 5.7121287987,0.148 0.256 -1.384,-33.9617685026 -33.9971637798
1970-01-01 07:42:27.480252, 5.88828309866,-0.024 0.096 -1.244,-35.554555978 -35.5722536166
1970-01-01 07:42:27.500578, 6.05096239862,-0.284 -0.076 -0.876,-37.1827387306 -37.2004363692
1970-01-01 07:42:27.541262, 6.20200419858,0.244 -0.012 -0.924,-40.4391042358 -40.4568018744
1970-01-01 07:42:27.561558, 6.31209599856,-0.072 0.028 -1.108,-42.0672869884 -42.1203799042
1970-01-01 07:42:27.581885, 6.41571279854,0.356 -0.06 -1.172,-43.695469741 -43.7662602954
1970-01-01 07:42:27.602211, 6.5587920985,0.4 0.136 -1.016,-45.3413501322 -45.4298383253
1970-01-01 07:42:27.622568, 6.75288389846,0.252 0.192 -0.956,-46.9872305234 -47.1288116323
1970-01-01 07:42:27.642864, 6.98442569841,-0.096 0.216 -1.308,-48.6331109146 -48.7746920236
1970-01-01 07:42:27.663191, 7.22427999835,-0.016 0.436 -0.708,-50.2612936672 -50.4382700534
1970-01-01 07:42:27.683518, 7.4513592983,0.1 0.08 -1.412,-51.9248716971 -52.1372433604
1970-01-01 07:42:27.703844, 7.64833859825,0.536 -0.044 -1.292,-53.5884497269 -53.8185190289
1970-01-01 07:42:27.724537, 7.78083039822,-0.188 0.02 -1.552,-55.287423034 -55.5528876132
1970-01-01 07:42:27.744864, 7.95453469818,0.096 0.216 -1.544,-56.9333034252 -57.216465643
1970-01-01 07:42:27.765221, 8.13847649814,-0.072 0.028 -0.796,-58.6145790936 -58.9154389501
1970-01-01 07:42:27.785578, 8.28855579811,-0.492 -0.408 -0.956,-60.2958547621 -60.6321098958
1970-01-01 07:42:27.805874, 8.60864759803,-0.168 -0.216 -0.728,-61.9594327919 -62.3310832028
1970-01-01 07:42:27.826200, 9.03583939794,0.132 0.096 -1.204,-63.6053131831 -64.0300565099
1970-01-01 07:42:27.846557, 9.36389369786,0.42 0.356 -1.824,-65.2688912129 -65.7290298169
1970-01-01 07:42:27.866884, 9.57618549781,-0.044 0.116 -0.516,-66.9501668814 -67.4457007626
1970-01-01 07:42:27.887211, 9.72565229778,-0.204 0.152 -1.832,-68.6314425498 -69.1269764311
1970-01-01 07:42:27.907568, 9.82620659776,-0.14 -0.06 -1.188,-70.3127182183 -70.8082520995
1970-01-01 07:42:27.927894, 9.90549839774,-0.032 -0.044 -0.796,-72.029389164 -72.5249230452
1970-01-01 07:42:27.968517, 10.0135776977,-0.004 -0.156 -1.036,-75.4450334167 -75.9582649365
1970-01-01 07:42:27.988813, 10.1821194977,0.584 0.036 -1.344,-77.1263090851 -77.6749358822
1970-01-01 07:42:28.009139, 10.3336862976,0.036 0.092 -1.076,-78.8075847536 -79.4093044665
1970-01-01 07:42:28.029466, 10.4571655976,-0.16 -0.152 -1.312,-80.5065580606 -81.1436730508
1970-01-01 07:42:28.049823, 10.6191448976,0.028 -0.052 -0.824,-82.2232290063 -82.8780416351
1970-01-01 07:42:28.070180, 10.7649366975,0.076 0.136 -1.168,-83.9575975906 -84.5770149421
1970-01-01 07:42:28.131282, 10.8778284975,-0.24 0.144 -1.076,-89.0722151504 -89.6916325019
1970-01-01 07:42:28.151609, 11.0181952975,0.14 0.1 -0.852,-90.7534908189 -91.390605809
1970-01-01 07:42:28.171905, 11.2267245974,0.136 0.2 -1.296,-92.4347664873 -93.1072767547
1970-01-01 07:42:28.192262, 11.5037663974,-0.1 -0.076 -1.528,-94.1160421558 -94.841645339
1970-01-01 07:42:28.212558, 11.8285831973,-0.656 0.052 -1.064,-95.7796201856 -96.5760139233
1970-01-01 07:42:28.232884, 12.1468374972,0.004 0.2 -0.624,-97.460895854 -98.2926848689
1970-01-01 07:42:28.253241, 12.4404167972,0.216 0.216 -1.112,-99.1244738839 -99.991658176
1970-01-01 07:42:28.273537, 12.6564710971,-0.232 -0.068 -0.24,-100.823447191 -101.708329122
1970-01-01 07:42:28.314252, 12.7865128971,-0.136 0.104 -0.568,-104.185998528 -105.123973374
1970-01-01 07:42:28.334578, 12.975442197,0.124 0.1 -1.144,-105.495623785 -106.822946681
1970-01-01 07:42:28.354905, 13.346108997,0.12 0.124 -0.928,-106.592877379 -108.539617627
1970-01-01 07:42:28.375201, 13.8922132968,-0.212 -0.328 -0.984,-107.583945142 -110.256288573
1970-01-01 07:42:28.395558, 14.5728050967,-0.024 -0.12 -0.684,-108.486524711 -111.937564241
1970-01-01 07:42:28.415854, 15.2908468965,0.396 -0.268 -0.624,-109.336011365 -113.636537548
1970-01-01 07:42:28.436211, 15.9684636964,-0.104 -0.164 -1.336,-110.185498018 -115.247022662
1970-01-01 07:42:28.456507, 16.7247429962,-0.036 -0.252 -1.164,-111.017287033 -116.822112499
1970-01-01 07:42:28.476834, 17.506134796,0.056 -0.12 -1.268,-111.83137841 -118.379504697
1970-01-01 07:42:28.497191, 18.2362515958,0.112 -0.124 -0.696,-112.627772147 -119.901501618
1970-01-01 07:42:28.517517, 18.9664558957,-0.096 0.124 -1.112,-113.406468246 -121.370405623
1970-01-01 07:42:28.537813, 19.6698851955,-0.224 0.0 -1.112,-114.167466707 -122.82161199
1970-01-01 07:42:28.558140, 20.3704269953,-0.196 -0.22 -0.988,-114.89306989 -124.255120717
1970-01-01 07:42:28.578466, 21.0378937952,0.24 0.136 -1.24,-115.618673073 -125.670931807
1970-01-01 07:42:28.598793, 21.6425355951,-0.132 -0.1 -0.78,-116.326578618 -127.104440535
1970-01-01 07:42:28.619425, 22.1791898949,-0.46 -0.144 -1.236,-117.052181801 -128.502553985
1970-01-01 07:42:28.639751, 22.6734941948,-0.16 -0.012 -1.38,-117.724692068 -129.882969797
1970-01-01 07:42:28.660108, 23.2030609947,-0.184 -0.048 -0.904,-118.397202336 -131.263385609
1970-01-01 07:42:28.680404, 23.8042027946,-0.308 -0.308 -0.96,-119.069712603 -132.590708505
1970-01-01 07:42:28.700731, 24.4336945944,0.004 0.06 -1.144,-119.724525232 -133.953426679
1970-01-01 07:42:28.722431, 25.0105988943,-0.064 0.096 -1.112,-120.414733138 -135.440028322
1970-01-01 07:42:28.742849, 25.5039406942,0.048 -0.252 -1.472,-121.069545767 -136.767351218
1970-01-01 07:42:28.763206, 25.9478449941,0.056 0.156 -0.812,-121.706660757 -138.112371753
1970-01-01 07:42:28.783533, 26.404699294,0.208 -0.18 -1.264,-122.379171024 -139.475089927
1970-01-01 07:42:28.804134, 26.8989160939,-0.256 0.372 -0.924,-123.051681292 -140.855505739
1970-01-01 07:42:28.824247, 27.4213953937,-0.052 -0.14 -0.844,-123.724191559 -142.200526273
1970-01-01 07:42:28.844635, 27.9108871936,0.14 -0.092 -0.94,-124.414399465 -143.563244447
1970-01-01 07:42:28.864961, 28.4464039935,0.196 0.288 -1.032,-125.12230501 -144.908264981
1970-01-01 07:42:28.885288, 29.0426457934,-0.496 0.112 -1.308,-125.812512916 -146.253285516
1970-01-01 07:42:28.905645, 29.6072125932,0.264 0.24 -0.94,-126.485023183 -147.598306051
1970-01-01 07:42:28.925971, 30.2575293931,-0.192 -0.008 -1.128,-127.175231089 -148.907931308
1970-01-01 07:42:28.946267, 30.9267461929,-0.392 -0.088 -0.864,-127.847741356 -150.217556566
1970-01-01 07:42:28.966594, 31.5579004928,-0.004 0.044 -1.18,-128.520251624 -151.527181824
1970-01-01 07:42:28.987012, 32.1934297926,-0.068 0.012 -1.204,-129.21045953 -152.85450472
1970-01-01 07:42:29.007369, 32.8055965925,0.024 0.132 -0.812,-129.882969797 -154.1287347
1970-01-01 07:42:29.027696, 33.4218758924,0.048 -0.092 -0.856,-130.555480064 -155.40296468
1970-01-01 07:42:29.047992, 34.0003551922,0.076 0.112 -1.124,-131.210292693 -156.677194661
1970-01-01 07:42:29.068349, 34.5742844921,-0.18 -0.108 -1.068,-131.882802961 -157.933727002
1970-01-01 07:42:29.088889, 35.172276292,-0.148 0.264 -0.7,-132.555313228 -159.207956983
1970-01-01 07:42:29.109216, 35.6968555918,0.148 -0.36 -1.096,-133.210125857 -160.482186963
1970-01-01 07:42:29.129542, 36.1544098917,0.256 0.292 -0.924,-133.882636124 -161.738719305
1970-01-01 07:42:29.149869, 36.6654266916,-0.104 -0.164 -1.02,-134.590541669 -163.066042201
1970-01-01 07:42:29.170256, 37.2728684915,0.092 0.116 -1.072,-135.227656659 -164.234086349
1970-01-01 07:42:29.190583, 37.9142602913,-0.012 -0.272 -0.984,-135.864771649 -165.50831633
1970-01-01 07:42:29.210910, 38.5691270912,-0.544 0.232 -0.696,-136.519584278 -166.747151033
1970-01-01 07:42:29.231297, 39.281743891,-0.004 -0.252 -1.448,-137.192094545 -168.021381013
1970-01-01 07:42:29.251593, 40.0255981909,0.008 0.188 -1.068,-137.864604813 -169.295610993
1970-01-01 07:42:29.271920, 40.7291149907,0.22 -0.14 -1.348,-138.53711508 -170.534445696
1970-01-01 07:42:29.292246, 41.3341942906,0.056 0.14 -0.468,-139.191927709 -171.790978038
1970-01-01 07:42:29.312665, 41.8515110904,-0.148 0.056 -1.108,-139.864437976 -173.065208018
1970-01-01 07:42:29.332991, 42.3072278903,-0.096 -0.068 -0.9,-140.519250605 -174.357135637
1970-01-01 07:42:29.353348, 42.7933071902,0.18 -0.072 -1.22,-141.191760872 -175.631365617
1970-01-01 07:42:29.373675, 43.3315364901,-0.304 0.38 -0.948,-141.846573501 -176.905595598
1970-01-01 07:42:29.393971, 43.80571579,-0.036 -0.06 -1.132,-142.519083768 -178.197523217
1970-01-01 07:42:29.414297, 44.2625700899,-0.212 -0.1 -0.804,-143.209291674 -179.489450836
1970-01-01 07:42:29.434654, 44.7313243898,0.208 -0.272 -1.176,-143.881801942 -180.799076093
1970-01-01 07:42:29.454950, 45.2181911897,-0.268 0.024 -0.728,-144.572009848 -182.091003712
1970-01-01 07:42:29.475277, 45.7725204895,-0.06 -0.34 -1.456,-145.297613031 -183.347536054
1970-01-01 07:42:29.495695, 46.3899372894,0.1 -0.208 -1.1,-146.005518576 -184.639463673
1970-01-01 07:42:29.516022, 47.0005290893,0.064 -0.076 -1.132,-146.71342412 -185.895996014
1970-01-01 07:42:29.536379, 47.5689458891,-0.06 0.272 -0.98,-147.421329665 -187.152528356
1970-01-01 07:42:29.556675, 48.202637689,-0.044 -0.044 -1.324,-148.146932848 -188.355967782
1970-01-01 07:42:29.577001, 48.8944294888,-0.096 0.228 -0.896,-148.819443115 -189.577104846
1970-01-01 07:42:29.597328, 49.5591837887,-0.004 -0.212 -0.904,-149.509651021 -190.798241911
1970-01-01 07:42:29.617655, 50.1814130885,-0.412 0.012 -1.156,-150.182161289 -192.001681337
1970-01-01 07:42:29.638012, 50.7801048884,0.044 0.092 -1.008,-150.836973918 -193.222818401
1970-01-01 07:42:29.658399, 51.3184216883,-0.132 -0.02 -0.932,-151.509484185 -194.461653104
1970-01-01 07:42:29.678726, 51.8937509882,0.236 0.184 -0.86,-152.164296814 -195.682790169
1970-01-01 07:42:29.699083, 52.509592788,0.056 -0.132 -0.908,-152.819109442 -196.921624872
1970-01-01 07:42:29.719410, 53.1034720879,-0.22 0.288 -1.084,-153.473922071 -198.160459575
1970-01-01 07:42:29.739767, 53.7061013877,0.016 -0.204 -1.084,-154.111037061 -199.434689555
1970-01-01 07:42:29.760124, 54.3233431876,-0.66 0.032 -0.996,-154.76584969 -200.673524258
1970-01-01 07:42:29.780420, 55.0354349874,0.112 -0.064 -1.3,-155.40296468 -201.9300566
1970-01-01 07:42:29.800777, 55.7977517873,0.04 0.252 -0.844,-156.04007967 -203.20428658
1970-01-01 07:42:29.821378, 56.5388935871,0.488 0.152 -1.148,-156.694892299 -204.47851656
1970-01-01 07:42:29.841705, 57.2221103869,-0.208 0.2 -0.64,-157.314309651 -205.752746541
1970-01-01 07:42:29.862031, 57.8336646868,0.116 0.132 -1.128,-157.933727002 -207.009278882
1970-01-01 07:42:29.882358, 58.3893064867,-0.052 -0.052 -0.64,-158.535446715 -208.31890414
1970-01-01 07:42:29.902654, 58.9269232865,0.268 -0.212 -1.436,-159.154864067 -209.610831759
1970-01-01 07:42:29.922980, 59.4971775864,-0.684 0.296 -0.956,-159.774281418 -210.920457016
1970-01-01 07:42:29.943337, 60.0655068863,0.372 0.104 -1.12,-160.39369877 -212.247779912
1970-01-01 07:42:29.963634, 60.6650736861,-0.156 0.092 -0.812,-161.03081376 -213.55740517
1970-01-01 07:42:29.983960, 61.285815486,0.132 -0.348 -1.032,-161.650231111 -214.867030427
1970-01-01 07:42:30.004287, 61.8757572859,-0.216 0.144 -0.92,-162.269648463 -216.194353324
1970-01-01 07:42:30.024705, 62.4798740857,-0.112 -0.036 -1.212,-162.906763453 -217.486280942
1970-01-01 07:42:30.045031, 63.1363158856,0.224 0.196 -1.048,-163.543878443 -218.813603839
1970-01-01 07:42:30.065388, 63.8078076854,-0.132 -0.384 -0.788,-164.163295795 -220.123229096
1970-01-01 07:42:30.085715, 64.4141119853,0.48 0.168 -1.004,-164.782713146 -221.432854354
1970-01-01 07:42:30.106072, 65.0485037851,-0.42 0.088 -1.112,-165.419828136 -222.724781973
1970-01-01 07:42:30.126429, 65.776695585,0.08 -0.136 -1.192,-166.039245488 -224.016709591
1970-01-01 07:42:30.146756, 66.4497623848,-0.1 0.06 -0.968,-166.676360478 -225.30863721
1970-01-01 07:42:30.167052, 67.0351541847,-0.136 0.096 -1.248,-167.331173107 -226.582867191
1970-01-01 07:42:30.187378, 67.6377834846,-0.192 0.14 -1.144,-167.985985736 -227.87479481
1970-01-01 07:42:30.208224, 68.2232627844,-0.176 0.028 -1.124,-168.69389128 -229.27290826
1970-01-01 07:42:30.228550, 68.7539670843,-0.336 0.092 -0.86,-169.295610993 -230.476347686
1970-01-01 07:42:30.248907, 69.2915838842,0.124 -0.212 -1.012,-169.950423622 -231.750577666
1970-01-01 07:42:30.269265, 69.8313006841,0.124 0.252 -0.852,-170.622933889 -233.042505285
1970-01-01 07:42:30.289561, 70.4345424839,0.396 -0.088 -1.156,-171.277746518 -234.334432904
1970-01-01 07:42:30.309887, 71.1518842838,-0.156 0.184 -0.776,-171.950256786 -235.590965246
1970-01-01 07:42:30.330214, 71.8792010836,0.008 -0.208 -0.808,-172.605069414 -236.918288142
1970-01-01 07:42:30.350540, 72.6008303834,-0.064 0.224 -0.82,-173.259882043 -238.192518122
1970-01-01 07:42:30.370867, 73.3386471833,-0.228 -0.072 -1.3,-173.896997033 -239.466748103
1970-01-01 07:42:30.391316, 74.0482889831,-0.076 0.052 -1.008,-174.551809662 -240.77637336
1970-01-01 07:42:30.411734, 74.6921307829,-0.104 -0.192 -1.0,-175.171227013 -242.121393895
1970-01-01 07:42:30.432060, 75.2976475828,-0.068 0.352 -0.752,-175.808342004 -243.431019152
1970-01-01 07:42:30.452417, 75.9156768827,-0.212 -0.084 -1.144,-176.427759355 -244.776039687
1970-01-01 07:42:30.472713, 76.5412311825,0.22 0.0 -1.012,-177.064874345 -246.085664945
1970-01-01 07:42:30.493070, 77.2263729824,-0.068 -0.004 -1.116,-177.719686974 -247.395290202
1970-01-01 07:42:30.513366, 77.8819397822,-0.192 0.196 -1.264,-178.374499603 -248.722613098
1970-01-01 07:42:30.533724, 78.4285690821,-0.08 -0.12 -0.74,-179.04700987 -250.067633633
1970-01-01 07:42:30.554020, 79.027873382,-0.18 0.02 -1.128,-179.737217776 -251.359561252
1970-01-01 07:42:30.574346, 79.6844026818,-0.328 0.18 -0.56,-180.427425682 -252.66918651
1970-01-01 07:42:30.594764, 80.3003319817,0.056 -0.316 -1.128,-181.117633588 -253.996509406
1970-01-01 07:42:30.615091, 80.9535362815,-0.036 0.328 -0.956,-181.807841494 -255.306134663
1970-01-01 07:42:30.635417, 81.7123530813,-0.168 0.016 -0.796,-182.4980494 -256.580364643
1970-01-01 07:42:30.655714, 82.5363573812,0.176 0.008 -0.84,-183.152862029 -257.872292262
1970-01-01 07:42:30.676071, 83.353536681,-0.136 0.08 -1.032,-183.807674658 -259.146522243
1970-01-01 07:42:30.696397, 84.1032534808,-0.104 0.008 -0.832,-184.444789648 -260.403054584
1970-01-01 07:42:30.716724, 84.8030077806,-0.392 0.032 -0.86,-185.081904638 -261.677284565
1970-01-01 07:42:30.737142, 85.4456245805,0.124 0.048 -1.16,-185.70132199 -262.951514545
1970-01-01 07:42:30.757468, 86.0661913803,-0.22 0.072 -1.224,-186.320739341 -264.225744525
1970-01-01 07:42:30.777826, 86.6910456802,0.12 -0.124 -0.768,-186.957854331 -265.499974506
1970-01-01 07:42:30.798213, 87.2725874801,-0.2 -0.016 -1.08,-187.594969321 -266.774204486
1970-01-01 07:42:30.818540, 87.8451167799,0.232 0.136 -0.732,-188.214386673 -268.048434466
1970-01-01 07:42:30.838897, 88.4492335798,-0.024 -0.104 -1.248,-188.851501663 -269.322664446
1970-01-01 07:42:30.859223, 89.0106503797,0.004 0.12 -0.648,-189.470919015 -270.632289704
1970-01-01 07:42:30.879580, 89.5574546796,-0.228 0.108 -1.376,-190.108034005 -271.924217323
1970-01-01 07:42:30.899907, 90.1152839794,-0.284 0.072 -0.924,-190.745148995 -273.216144942
1970-01-01 07:42:30.920234, 90.6003132793,-0.092 -0.056 -0.608,-191.364566346 -274.525770199
1970-01-01 07:42:30.940560, 91.0511300792,0.332 0.108 -1.168,-191.966286059 -275.853093095
1970-01-01 07:42:30.960887, 91.5155093791,-0.752 -0.092 -0.592,-192.585703411 -277.180415992
1970-01-01 07:42:30.981305, 92.059863679,0.552 -0.196 -1.296,-193.205120762 -278.525436526
1970-01-01 07:42:31.001601, 92.6518179788,-0.132 0.064 -0.76,-193.824538114 -279.852759423
1970-01-01 07:42:31.021958, 93.2647722787,0.028 -0.02 -1.084,-194.443955465 -281.197779957
1970-01-01 07:42:31.042346, 93.8745765786,-0.344 0.128 -1.056,-195.098768094 -282.542800492
1970-01-01 07:42:31.062672, 94.4160433784,-0.024 -0.172 -0.656,-195.735883084 -283.870123388
1970-01-01 07:42:31.083029, 95.0319726783,0.42 -0.012 -1.696,-196.42609099 -285.179748646
1970-01-01 07:42:31.103356, 95.7578019781,-0.332 0.048 -0.532,-197.098601258 -286.471676265
1970-01-01 07:42:31.123682, 96.493693778,0.46 -0.12 -1.412,-197.771111525 -287.781301522
1970-01-01 07:42:31.144009, 97.1882855778,-0.528 0.092 -0.824,-198.443621792 -289.073229141
1970-01-01 07:42:31.164427, 97.8463023777,0.1 -0.088 -1.164,-199.11613206 -290.382854399
1970-01-01 07:42:31.184754, 98.5020441775,0.324 0.108 -1.144,-199.788642327 -291.674782017
1970-01-01 07:42:31.205080, 99.1864859774,-0.136 -0.104 -0.988,-200.461152595 -292.949011998
1970-01-01 07:42:31.225407, 99.9150277772,-0.12 0.208 -0.82,-201.133662862 -294.223241978
1970-01-01 07:42:31.245764, 100.567969577,-0.032 -0.444 -1.308,-201.788475491 -295.515169597
1970-01-01 07:42:31.266090, 101.167886377,-0.076 0.132 -0.576,-202.44328812 -296.807097216
1970-01-01 07:42:31.286386, 101.842353177,0.016 -0.064 -0.968,-203.098100748 -298.081327196
1970-01-01 07:42:31.306744, 102.566082477,0.252 -0.016 -0.748,-203.752913377 -299.373254815
1970-01-01 07:42:31.327040, 103.317811776,-0.256 -0.088 -1.06,-204.390028367 -300.665182434
1970-01-01 07:42:31.347366, 104.093166076,-0.272 0.144 -0.5,-205.027143357 -301.957110053
1970-01-01 07:42:31.367754, 104.919182876,-0.06 -0.084 -1.316,-205.681955986 -303.231340033
1970-01-01 07:42:31.388111, 105.753512176,0.216 0.232 -1.024,-206.319070976 -304.540965291
1970-01-01 07:42:31.408468, 106.514166476,-0.224 -0.02 -1.304,-206.956185966 -305.83289291
1970-01-01 07:42:31.428764, 107.195633276,0.0 0.232 -0.884,-207.593300957 -307.124820529
1970-01-01 07:42:31.449091, 107.782250075,-0.044 -0.196 -0.78,-208.212718308 -308.416748147
1970-01-01 07:42:31.469417, 108.327829375,0.144 0.324 -1.052,-208.849833298 -309.744071044
1970-01-01 07:42:31.489744, 108.877346175,-0.152 -0.044 -1.112,-209.486948288 -311.053696301
1970-01-01 07:42:31.510101, 109.407787975,0.328 0.228 -1.0,-210.124063279 -312.381019197
1970-01-01 07:42:31.530488, 109.885904775,-0.036 -0.128 -1.124,-210.778875907 -313.708342093
1970-01-01 07:42:31.550815, 110.420896575,-0.064 0.168 -1.004,-211.327502704 -314.628619301
1970-01-01 07:42:31.591590, 110.488288375,0.228 -0.312 -0.736,-212.000012972 -315.7