0.0463046499894,(-0.012, -0.004, -1.012)
359.96190145,(-0.596, 0.388, -1.124)
359.73758575,(-0.116, 0.636, -1.436)
359.55080755,(0.124, 0.624, -0.196)
359.35851685,(0.436, 0.5720000000000001, -0.544)
359.08913865,(0.012, 0.08, -0.924)
358.83043545,(0.012, -0.128, -0.404)
358.66141975,(-0.47200000000000003, 0.448, -1.54)
358.48400405,(0.04, 0.212, -0.732)
358.18557585,(-0.40800000000000003, 0.40800000000000003, -1.292)
357.86571015,(-0.47600000000000003, -0.124, 0.12)
357.654606951,(0.26, 0.41200000000000003, -1.668)
357.465116251,(-0.38, 0.028, -0.588)
357.277463051,(-0.024, 0.108, -1.68)
357.092084851,(-0.184, 0.012, -1.248)
356.902069151,(-0.732, 0.324, -0.98)
356.734015951,(0.14400000000000002, 0.312, -1.3)
356.603850251,(0.068, -0.548, -0.812)
356.495997051,(-0.296, -0.048, -1.304)
356.329956351,(0.396, -0.328, -0.908)
356.167590651,(0.58, -0.28, -1.2)
356.035849951,(0.12, -0.24, -0.128)
355.907696751,(-0.64, 0.02, -0.44)
355.791968551,(-0.028, -0.24, -1.364)
355.638265351,(0.444, 0.012, -1.496)
355.421562151,(0.04, 0.22, -1.3)
355.207658951,(0.044, 0.48, -0.336)
355.068043251,(-0.192, 0.516, -0.844)
354.886952551,(-0.916, 0.164, -1.1360000000000001)
354.688011851,(-0.016, -0.012, -0.732)
354.481633651,(-1.016, 0.248, -1.368)
354.275517951,(-0.34800000000000003, 0.252, -0.124)
354.252102251,(0.444, -0.06, 0.008)
354.240936551,(-0.46, -0.10400000000000001, -1.6440000000000001)
354.107358351,(-0.248, 0.136, -1.624)
353.988742651,(0.196, 0.544, -1.536)
353.894276951,(-0.292, -0.168, -1.324)
353.777586251,(0.088, 0.34800000000000003, -0.656)
353.588183051,(-1.3, 0.14, -1.52)
353.323529852,(-0.10400000000000001, -0.352, -0.8)
353.031051652,(0.14400000000000002, -0.452, 0.056)
352.802448452,(0.244, 0.248, -1.424)
352.619170252,(-0.28400000000000003, 0.08, -1.608)
352.587704552,(-0.116, 0.20800000000000002, -1.156)
352.573388852,(-0.068, -0.304, -0.776)
352.407348152,(0.04, 0.064, -0.308)
352.280769952,(0.848, -0.132, -0.552)
352.084279252,(-0.012, 0.596, -0.916)
351.781738552,(-0.18, 0.34400000000000003, -1.216)
351.504135352,(-0.156, -0.14, -0.684)
351.238432152,(-0.22, 0.404, -1.592)
351.025316452,(0.156, 0.32, -1.368)
350.890775752,(0.084, -0.112, -0.20400000000000001)
350.779772552,(0.004, -0.028, -0.23600000000000002)
350.677869352,(-0.136, 0.052000000000000005, -0.16)
350.543766152,(-0.248, 0.152, -0.20800000000000002)
350.411150452,(-0.428, 0.20400000000000001, -0.20800000000000002)
350.272409752,(0.036000000000000004, 0.648, -1.6640000000000001)
350.067781552,(0.9, -0.492, -1.444)
349.874528352,(0.556, -0.232, -1.536)
349.744275152,(0.528, -0.34, -1.6440000000000001)
349.627671952,(-0.076, -0.38, -0.772)
349.430481252,(0.328, -0.076, -1.016)
349.214478052,(-0.164, 0.22, -0.8320000000000001)
349.052024852,(0.012, 0.272, -1.72)
349.019859153,(-0.384, -0.10400000000000001, 0.18)
348.983755953,(-0.488, -0.064, -0.5680000000000001)
348.805552753,(0.608, 0.088, -0.78)
348.648699553,(-0.168, 0.632, -1.672)
348.533758853,(0.456, 0.084, -1.624)
348.424855653,(0.088, 0.34, -0.876)
348.237727453,(-0.212, -0.10400000000000001, -1.024)
347.951986753,(-0.252, -0.292, -1.276)
347.678583553,(0.244, -0.064, -1.6560000000000001)
347.510092853,(0.312, -0.076, -1.432)
347.540752153,(-0.128, -0.044, -0.928)
347.573773953,(0.484, 0.248, -1.728)
347.434858253,(-0.556, -0.212, -1.516)
347.273105053,(-0.41600000000000004, 0.076, 0.116)
347.302714353,(0.228, -0.648, -1.004)
347.527186153,(-0.032, -0.132, -0.464)
347.836620453,(-0.268, -0.116, -1.3)
348.225592253,(-0.368, -0.444, -0.532)
348.704339053,(-0.496, -0.5, -0.852)
349.287560852,(0.012, -0.28400000000000003, -0.932)
349.920570152,(-0.452, -0.108, -0.8200000000000001)
350.554016952,(-0.364, 0.148, -0.016)
351.191838752,(-0.248, -0.36, -1.6520000000000001)
351.868160552,(0.28800000000000003, 0.1, -0.86)
352.554719852,(-0.44, 0.08, -1.324)
353.225441652,(0.17200000000000001, -0.2, -1.576)
353.775063451,(0.12, 0.0, -0.14400000000000002)
354.062710251,(-0.08, -0.084, -1.428)
354.094419551,(0.056, -0.18, -0.592)
353.980791351,(-0.552, -0.308, -1.6480000000000001)
353.796288151,(-0.332, -0.23600000000000002, -1.3800000000000001)
353.606359951,(0.704, -0.024, -1.508)
353.463506751,(0.108, 0.10400000000000001, 0.088)
353.295016052,(0.14400000000000002, 0.812, -1.82)
353.124600352,(-0.5680000000000001, 0.5680000000000001, -0.47600000000000003)
352.981309652,(-0.14400000000000002, 0.10400000000000001, -1.444)
352.834518952,(0.512, 0.228, -1.488)
352.698928252,(-0.07200000000000001, 0.064, -1.22)
352.593175052,(0.228, 0.052000000000000005, -1.544)
352.511834352,(0.112, 0.352, -1.332)
352.425418652,(-0.788, 0.184, -1.092)
352.295515452,(0.028, -0.356, -0.112)
352.128162252,(-0.352, 0.008, -1.02)
351.984171552,(0.316, -0.428, -0.312)
351.826530852,(0.136, -0.1, -1.1400000000000001)
351.688840152,(0.156, 0.26, -0.364)
351.592886952,(-0.312, -0.168, -1.564)
351.463858752,(-0.384, -0.268, -1.572)
351.284868052,(-0.612, -0.084, -0.732)
351.093277352,(-0.32, 0.036000000000000004, -1.6360000000000001)
350.932574152,(0.14400000000000002, -0.16, -0.588)
350.811070952,(-0.076, -0.36, -1.456)
350.627530252,(0.212, -0.164, -1.0)
350.339952052,(0.248, 0.14400000000000002, -1.072)
350.138911352,(0.14, 0.28400000000000003, -1.612)
350.030620652,(0.92, 0.1, -0.6)
349.910254952,(0.332, -0.064, -1.8)
349.777726752,(0.672, -0.028, -0.84)
349.596373552,(-0.132, -0.116, -1.056)
349.436195352,(0.52, 0.256, -0.504)
349.300254652,(-0.668, -0.06, -1.68)
349.119951452,(0.032, -0.036000000000000004, -1.256)
348.909285753,(-0.02, -0.044, -1.472)
348.721545053,(0.464, 0.076, -0.972)
348.586829353,(0.36, -0.132, -0.9440000000000001)
348.453863653,(-0.356, -0.2, -0.512)
348.319585453,(-0.008, 0.28400000000000003, -1.568)
348.211819753,(0.308, -0.084, -1.52)
348.121554053,(0.3, 0.432, -1.6440000000000001)
348.028750853,(-0.084, -0.06, -0.196)
347.931835153,(0.312, -0.076, -1.528)
347.780931953,(0.156, -0.036000000000000004, -1.088)
347.595116253,(0.304, 0.14, -1.504)
347.449463053,(0.088, -0.10400000000000001, -0.992)
347.305384853,(0.384, -0.084, -1.696)
347.106706653,(-0.6920000000000001, -0.34, -0.6880000000000001)
346.765665953,(0.34, -0.9520000000000001, -0.976)
346.219612753,(-0.296, -0.864, -0.78)
345.519122053,(-0.452, 0.092, -0.504)
344.713806353,(-0.292, -0.148, -1.624)
343.841203154,(-1.06, -0.588, -1.228)
342.909887454,(-0.23600000000000002, -0.332, -0.612)
341.994234254,(0.74, -0.41200000000000003, -1.932)
341.163018554,(-0.244, -0.032, -0.492)
340.338015354,(0.47200000000000003, -0.096, -1.52)
339.544512155,(0.86, 0.22, -1.58)
338.885671455,(-0.34800000000000003, -0.128, -0.004)
338.217205755,(-0.176, 0.532, -0.964)
337.457477555,(0.008, -0.168, -0.464)
336.684449355,(-0.512, -0.492, -0.844)
335.821908656,(0.556, 0.192, -1.808)
334.893567956,(-0.152, -0.04, -0.836)
334.157289756,(-0.20800000000000002, 0.34400000000000003, -0.712)
333.741699056,(0.28800000000000003, 0.088, -1.008)
333.654845856,(0.324, 0.084, -0.312)
333.658817656,(0.484, -0.308, -0.152)
333.555776956,(0.888, 0.004, -1.592)
333.438648756,(0.108, 0.028, -0.388)
333.313645556,(0.048, -0.232, -1.588)
333.196167356,(0.096, 0.10400000000000001, -0.536)
333.065564156,(-0.624, 0.028, -1.324)
332.910635956,(0.364, -0.124, -0.124)
332.751945256,(-0.428, 0.388, -1.056)
332.623704556,(0.552, 0.192, -0.556)
332.523463856,(0.672, 0.448, -1.284)
332.581335656,(-0.012, 0.148, -0.612)
332.888319956,(-0.076, 0.2, -1.012)
333.293391756,(-0.256, 0.188, -0.8240000000000001)
333.689276056,(0.084, 0.316, -1.188)
334.099335356,(-0.332, -0.136, -0.536)
334.590769656,(-0.176, 0.228, -1.768)
335.069691456,(0.536, 0.38, -0.86)
335.579938256,(-0.096, 0.06, -0.496)
336.212947555,(0.136, 0.2, -1.204)
336.824781855,(-0.304, -0.076, -0.7000000000000001)
337.276841155,(-0.596, -0.296, -1.592)
337.522837955,(0.756, -0.188, -1.308)
337.640822255,(0.364, -0.452, -0.536)
337.638844055,(0.5760000000000001, -0.308, -0.54)
337.500278355,(-0.004, -0.748, -0.128)
337.342900155,(-0.068, 0.14400000000000002, -0.20400000000000001)
337.219034455,(-0.748, 0.46, -1.984)
337.087556255,(-0.308, -0.092, -1.9160000000000001)
336.905415555,(-0.10400000000000001, 0.268, -0.368)
336.691862355,(0.068, 0.276, -1.868)
336.447071655,(-0.276, -0.2, -0.792)
336.260293455,(-0.304, -0.592, -1.812)
336.117702755,(-0.124, -0.04, -1.368)
335.966887055,(-0.544, -0.136, -0.41600000000000004)
335.836021356,(-0.648, 0.10400000000000001, -1.46)
335.699993156,(0.012, 0.18, -0.5680000000000001)
335.571402456,(0.648, -0.14, -0.9520000000000001)
335.457599256,(-0.14400000000000002, 0.2, -0.704)
335.355083556,(-0.092, 0.112, -1.576)
335.211967856,(0.34800000000000003, -0.02, -0.9520000000000001)
335.032627156,(0.66, -0.148, -1.496)
334.866061456,(0.592, 0.112, -1.456)
334.734758256,(-0.484, -0.004, -0.836)
334.609755056,(0.38, 0.232, -1.1520000000000001)
334.483439356,(-0.196, 0.432, -1.048)
334.339798656,(0.092, 0.4, -1.576)
334.171832956,(-0.324, 0.112, -1.528)
334.025129756,(0.9520000000000001, -0.068, -0.808)
334.000839056,(0.084, 0.536, -1.512)
333.973748356,(-0.216, 0.38, -1.004)
333.838332656,(-0.052000000000000005, -0.128, -1.224)
333.666429456,(0.424, -0.34, -1.72)
333.481488756,(-0.228, -0.196, -0.676)
333.338898056,(0.368, 0.012, -0.988)
333.229294856,(0.316, 0.116, -0.632)
333.257766656,(-0.296, -0.032, -1.448)
333.269175956,(-0.168, -0.052000000000000005, -0.376)
333.138747756,(-0.156, -0.32, -1.168)
332.983032056,(0.252, -0.332, -1.764)
332.803428856,(0.232, -0.23600000000000002, -1.24)
332.642200656,(0.28800000000000003, -0.40800000000000003, -1.6)
332.515359956,(0.452, -0.432, -1.716)
332.505244256,(0.66, -0.47200000000000003, -1.8760000000000001)
332.672491056,(-0.012, -0.41600000000000004, -0.424)
332.991900356,(1.22, -0.052000000000000005, -1.264)
333.398722156,(-0.036000000000000004, -0.584, 0.464)
333.814381456,(-0.296, -0.484, -0.836)
334.288315756,(-0.168, 0.156, -0.928)
334.817637556,(-0.8160000000000001, -0.02, -1.172)
335.278096856,(0.248, 0.212, -0.704)
335.709418656,(0.544, 0.20400000000000001, -1.94)
336.232790455,(-0.332, -0.168, 0.256)
336.777424755,(0.54, -0.056, -0.47600000000000003)
337.192384055,(-0.28, 0.26, -0.648)
337.425168355,(0.2, 0.136, -0.41200000000000003)
337.549890155,(0.088, -0.20400000000000001, -0.732)
337.506261955,(0.22, -0.096, -1.576)
337.350896255,(-0.028, 0.212, -0.524)
337.233330555,(0.468, 0.368, -1.536)
337.135627355,(-1.056, 0.488, -1.1360000000000001)
337.041774155,(-0.2, 0.068, -0.5640000000000001)
336.941883455,(-0.20400000000000001, -0.14400000000000002, -0.5640000000000001)
336.851792755,(0.168, -0.08, -1.78)
336.763277055,(0.296, 0.332, -1.044)
336.677648855,(-0.604, 0.328, -1.468)
336.595345655,(0.056, 0.464, -1.6)
336.495454955,(-0.192, 0.28400000000000003, -1.208)
336.388301755,(-0.5760000000000001, 0.232, -1.276)
336.292611055,(-0.036000000000000004, -0.07200000000000001, -0.20800000000000002)
336.202607855,(-0.34, 0.096, -0.856)
336.109104655,(-0.552, -0.136, -0.548)
335.993988955,(0.456, -0.46, -0.724)
335.862773256,(0.836, 0.136, -1.368)
335.737332556,(-0.312, -0.108, -1.9040000000000001)
335.616441856,(0.056, -0.41600000000000004, -1.732)
335.498526156,(0.368, 0.16, -0.772)
335.396710456,(-0.084, 0.404, -1.176)
335.277569756,(-0.156, 0.308, -1.04)
335.131566556,(-0.556, 0.224, -1.004)
334.964563356,(0.28400000000000003, 0.47200000000000003, -1.192)
334.764922656,(0.276, -0.336, -0.196)
334.575169456,(0.068, 0.532, -0.772)
334.419628756,(0.12, -0.056, -0.66)
334.233550556,(0.47600000000000003, 0.084, -1.184)
334.030234856,(-0.044, -0.364, 0.08)
333.893769156,(-0.02, -0.136, -0.86)
333.793090956,(0.08, -0.324, -0.736)
333.690050256,(-0.092, -0.032, -1.368)
333.569072056,(0.46, -0.228, -1.856)
333.416243856,(-0.176, -0.528, -0.44)
333.245128156,(-0.028, -0.188, -0.556)
333.066312456,(0.968, -0.128, -1.32)
332.855909256,(0.492, -0.048, -0.456)
332.684881056,(0.248, -0.156, 0.028)
332.559965356,(-0.34800000000000003, 0.5680000000000001, -1.2)
332.438112156,(-0.136, 0.364, -1.348)
332.327283956,(-0.324, 0.336, -0.932)
332.330818256,(0.036000000000000004, 0.308, -1.1)
332.353602556,(-0.156, 0.052000000000000005, -0.556)
332.268236856,(0.648, -0.468, -1.568)
332.171933656,(0.508, 0.112, -1.508)
332.043605456,(0.328, -0.34800000000000003, -1.688)
331.903989756,(-0.008, -0.66, -0.168)
331.764024056,(-0.452, -0.168, -0.876)
331.568933356,(0.14, -0.004, -1.04)
331.374805157,(0.264, -0.04, -0.684)
331.249014457,(-0.02, -0.2, -0.704)
331.145711257,(0.552, 0.468, -1.268)
331.051858057,(-0.17200000000000001, 0.676, -1.552)
330.953717357,(0.016, -0.076, -0.112)
330.851639157,(-0.10400000000000001, 0.096, -1.528)
330.762335957,(0.34, -0.20400000000000001, -0.452)
330.638645257,(0.184, 0.192, -0.792)
330.461317057,(0.132, -0.048, -1.668)
330.293526357,(-0.17200000000000001, -0.276, -1.1280000000000001)
330.147260657,(0.368, -0.216, -1.1480000000000001)
329.962844957,(0.4, -0.4, -1.032)
329.770116757,(0.328, -0.244, -0.372)
329.641351057,(0.004, -0.228, -1.028)
329.541897857,(-0.6920000000000001, 0.17200000000000001, -1.036)
329.447169657,(0.14, 0.20400000000000001, -0.452)
329.340716457,(0.452, -0.064, -1.3760000000000001)
329.231988257,(-0.08, 0.07200000000000001, -0.748)
329.112672557,(0.356, -0.064, -1.3880000000000001)
328.959231857,(0.2, -0.02, -0.484)
328.778928657,(0.112, -0.252, -0.972)
328.620500457,(0.436, -0.48, -1.616)
328.502672257,(0.44, -0.26, -1.46)
328.491506557,(0.196, -0.352, -0.992)
328.485240857,(0.048, -0.264, -0.07200000000000001)
328.380800157,(-0.08, 0.14, -0.776)
328.262621957,(0.192, 0.024, -0.772)
328.111281257,(0.336, -0.028, -1.096)
327.946553057,(-0.18, -0.368, -1.004)
327.813937357,(-0.056, 0.148, -1.9160000000000001)
327.724721657,(-0.396, 0.008, -0.968)
327.643643457,(-0.316, -0.06, -0.504)
327.531765257,(0.34, -0.28400000000000003, -0.848)
327.408774557,(0.032, -0.312, -1.072)
327.254633857,(-0.396, 0.28800000000000003, -1.476)
327.064618158,(-0.092, 0.2, -0.712)
326.930252458,(0.116, 0.152, -0.156)
326.832461758,(-0.292, 0.212, -0.92)
326.707721058,(0.456, -0.112, -1.084)
326.543955358,(-0.184, -0.132, -1.056)
326.403289658,(-0.328, 0.16, -1.4040000000000001)
326.304098958,(-0.432, 0.132, -0.9520000000000001)
326.211995758,(-0.432, 0.196, -1.62)
326.111055058,(-0.756, -0.132, 0.704)
326.004164358,(-0.508, -0.304, -1.62)
325.857898658,(-0.40800000000000003, 0.34800000000000003, -0.86)
325.671995458,(-0.23600000000000002, 0.056, -0.212)
325.520479758,(-0.108, 0.07200000000000001, -0.732)
325.396439058,(0.232, -0.1, -0.448)
325.266885858,(-0.212, -0.044, -0.18)
325.155882658,(-0.052000000000000005, -0.088, -1.016)
325.157491958,(-0.07200000000000001, 0.296, -0.796)
325.134601258,(0.076, -0.052000000000000005, -1.164)
325.020185558,(-0.116, 0.192, -1.364)
324.895357358,(-0.052000000000000005, -0.136, -0.5760000000000001)
324.765804158,(0.108, -0.116, -0.76)
324.622425958,(0.376, -0.244, -0.44)
324.413510258,(-0.036000000000000004, -0.632, -0.752)
324.227869558,(0.5720000000000001, 0.216, -1.6440000000000001)
324.059203858,(0.16, 0.47200000000000003, -1.104)
323.893950658,(0.328, 0.5720000000000001, -1.668)
323.762647458,(0.024, 0.404, -0.36)
323.636506758,(-0.512, 0.108, -0.732)
323.522003558,(0.184, 0.1, -0.432)
323.418087858,(-0.604, -0.328, -0.676)
323.325197158,(-0.356, -0.068, -1.1)
323.226181458,(0.604, -0.176, -1.412)
323.103890758,(-0.304, 0.34, -1.52)
322.974950058,(-0.04, 0.368, -0.312)
322.860971858,(0.23600000000000002, -0.048, 0.028)
322.732118659,(-0.2, -0.34, -0.8160000000000001)
322.590315459,(0.444, -0.508, -1.268)
322.461637259,(-0.036000000000000004, -0.024, -0.488)
322.304171559,(0.232, 0.424, -1.8920000000000001)
322.137780859,(0.076, 0.048, -1.248)
322.017852659,(0.064, 0.264, -1.488)
321.913061959,(-0.092, 0.064, -1.344)
321.789546259,(-0.56, -0.156, -1.084)
321.675393059,(0.128, -0.228, -0.248)
321.576552359,(0.1, -0.336, -0.796)
321.460299159,(0.196, 0.176, -1.244)
321.315345959,(-0.108, -0.36, -1.168)
321.178442759,(-0.728, -0.092, -0.47600000000000003)
321.080127059,(-0.5720000000000001, 0.028, -1.1400000000000001)
320.962298859,(-0.492, -0.188, -0.556)
320.803345659,(-0.16, 0.20400000000000001, -1.068)
320.681404959,(0.20800000000000002, -0.308, -0.10400000000000001)
320.594114259,(-0.384, -0.316, -0.492)
320.506123559,(-0.312, -0.096, -0.916)
320.392932859,(-0.14400000000000002, 0.004, -0.58)
320.275192159,(0.41200000000000003, -0.352, -0.452)
320.187201459,(0.224, -0.624, -0.47600000000000003)
320.090110759,(-0.04, -0.424, -0.772)
319.973420059,(-0.364, 0.132, -0.848)
319.844566859,(-0.164, 0.46, -1.516)
319.721576159,(0.228, 0.332, -1.836)
319.603485459,(0.124, -0.20800000000000002, -1.48)
319.465619759,(-0.256, 0.028, -0.968)
319.343416559,(-0.156, 0.064, -1.032)
319.239938359,(-0.016, 0.364, -1.252)
319.112047659,(0.096, -0.14400000000000002, 0.064)
318.977944459,(-0.216, 0.512, -1.436)
318.848741259,(-0.10400000000000001, -0.052000000000000005, 0.112)
318.712275559,(-0.036000000000000004, -0.256, -1.084)
318.588847359,(0.004, 0.10400000000000001, -1.436)
318.490356659,(0.17200000000000001, -0.108, -1.08)
318.501153459,(-0.004, 0.488, -1.1400000000000001)
318.493575259,(-0.396, 0.17200000000000001, -0.256)
318.34818456,(0.14400000000000002, 0.23600000000000002, -0.368)
318.20095636,(0.788, 0.372, -1.02)
318.09345316,(0.492, 0.108, -1.492)
318.00983746,(0.352, 0.084, -1.3920000000000001)
317.90845926,(0.212, 0.07200000000000001, -1.124)
317.79334356,(-0.028, 0.088, -0.656)
317.68129036,(-0.152, 0.148, -1.292)
317.55619966,(-0.076, 0.17200000000000001, -0.884)
317.43592146,(0.38, 0.068, -1.524)
317.32115576,(-0.32, 0.076, -0.044)
317.20472756,(0.584, -0.16, -0.784)
317.10317436,(0.068, -0.26, -0.584)
317.00284616,(0.164, -0.08, -0.856)
316.90286796,(0.23600000000000002, -0.132, -1.096)
316.79028976,(0.076, 0.024, -0.9520000000000001)
316.66791156,(-0.544, -0.16, -0.58)
316.56959586,(-0.06, -0.18, -0.256)
316.45089266,(-0.064, -0.116, -0.604)
316.31591446,(-0.304, -0.20400000000000001, -2.0)
316.21821126,(-0.22, -0.12, 0.356)
316.11167056,(0.096, 0.12, -0.604)
315.99917986,(0.044, 0.012, -0.812)
315.87750166,(-0.372, -0.076, -1.02)
315.71294846,(-0.128, -0.22, -0.756)
315.51584526,(0.28, -0.468, -1.432)
315.33694206,(0.192, -0.356, -0.768)
315.18927636,(-0.292, -0.42, -0.64)
315.06514816,(-0.392, -0.148, -1.248)
314.96998246,(0.488, 0.352, -1.3)
314.86729176,(-0.5720000000000001, -0.364, -0.1)
314.91991356,(-0.1, -0.324, -0.1)
315.12898536,(-0.76, -0.084, -1.536)
315.41208216,(0.296, -0.064, -1.204)
315.84952896,(0.06, -0.23600000000000002, -0.868)
316.39600076,(-0.34, -0.02, -0.672)
316.99304756,(-0.628, -0.17200000000000001, -0.68)
317.67951936,(0.14, -0.464, -0.432)
318.395216159,(-0.372, -0.388, -0.008)
318.970212959,(0.152, -0.356, -0.14)
319.365222259,(0.044, 0.168, -0.896)
319.595206559,(-0.444, -0.068, -1.02)
319.779428359,(0.20400000000000001, 0.156, -0.132)
319.846662659,(-0.352, -0.064, -0.6960000000000001)
319.756396959,(0.044, -0.368, -1.288)
319.629468759,(0.388, 0.084, -1.604)
319.505340559,(0.012, -0.276, -0.07200000000000001)
319.408424859,(-0.28, -0.34400000000000003, 0.308)
319.285609159,(-0.328, -0.04, -0.8240000000000001)
319.097693459,(-0.28, -0.34400000000000003, -0.14)
318.918527759,(0.212, -0.116, -0.424)
318.792912059,(0.184, -0.168, -1.6)
318.652333859,(0.128, 0.41200000000000003, -0.9480000000000001)
318.531093159,(-0.4, 0.04, -1.58)
318.440127459,(-0.132, 0.228, -1.156)
318.30068676,(-0.404, -0.096, -0.516)
318.13884606,(0.5720000000000001, 0.18, -1.5)
318.01900536,(-0.648, 0.3, -0.588)
317.92838966,(0.216, -0.276, -1.3880000000000001)
317.84223646,(0.136, -0.356, -0.9560000000000001)
317.72650826,(-0.12, -0.20400000000000001, -1.352)
317.56510506,(-0.04, 0.136, -0.304)
317.40116436,(0.064, 0.116, -0.792)
317.27546116,(0.28400000000000003, 0.07200000000000001, -0.364)
317.14722046,(-0.16, -0.256, -1.604)
317.02291726,(-1.1520000000000001, -0.14400000000000002, -1.484)
316.90640156,(0.2, -0.228, -0.168)
316.76976086,(0.156, 0.20400000000000001, -1.336)
316.63417016,(-0.244, -0.276, -0.704)
316.50916696,(-0.352, -0.116, -0.528)
316.34015126,(-0.536, 0.188, -0.972)
316.09361056,(-0.23600000000000002, -0.244, -0.8160000000000001)
315.83551986,(-0.07200000000000001, -0.18, -1.72)
315.66440416,(0.268, 0.04, -1.588)
315.56407596,(0.152, -0.464, -1.304)
315.46243526,(0.26, -0.296, -1.02)
315.36901956,(-0.6960000000000001, -0.088, -0.54)
315.40904136,(-0.536, 0.07200000000000001, -1.232)
315.42972566,(0.17200000000000001, 0.24, -0.228)
315.25825996,(-0.256, -0.184, -1.476)
315.02099426,(-0.132, 0.06, -1.62)
314.82389106,(-0.088, 0.252, -1.056)
314.69101286,(0.464, -0.004, -1.732)
314.67433466,(-0.132, 0.108, -1.616)
314.76466896,(-0.168, 0.168, -0.184)
314.74851576,(-0.524, 0.3, -0.444)
314.60548756,(0.044, -0.196, -0.9440000000000001)
314.41389686,(0.38, -0.084, -1.3920000000000001)
314.24785616,(-0.10400000000000001, 0.552, -1.036)
314.13991546,(-0.20400000000000001, -0.12, -1.272)
314.000124761,(-0.14, 0.132, -0.20800000000000002)
313.860596561,(-0.124, 0.36, -1.52)
313.733318361,(-0.36, 0.36, -0.544)
313.588540161,(-0.116, 0.016, -0.504)
313.434224461,(0.428, 0.42, -1.252)
313.249458761,(0.5640000000000001, -0.08, -0.224)
313.084030561,(-0.46, -0.216, -0.44)
312.966639861,(0.016, 0.148, -1.408)
312.861499161,(-0.148, 0.108, -0.552)
312.723808461,(0.068, -0.032, -0.47600000000000003)
312.572292761,(1.072, 0.256, -1.024)
312.386302061,(0.044, 0.34, -0.38)
312.220523861,(0.192, 0.244, -0.752)
312.085370661,(0.592, -0.156, -0.464)
311.935954961,(-0.004, -0.42, -1.368)
311.740251761,(-0.41600000000000004, -0.528, -1.188)
311.563798561,(0.168, 0.36, -1.6320000000000001)
311.471782861,(0.116, -0.076, -1.004)
311.339254661,(-0.184, -0.176, -0.40800000000000003)
311.159038961,(-0.02, -0.20800000000000002, -1.268)
311.018460761,(0.168, 0.316, -0.928)
310.925745061,(0.176, 0.16, -1.064)
310.814216861,(-0.06, -0.516, -1.592)
310.701026161,(0.304, -0.06, -1.372)
310.581185461,(0.20800000000000002, 0.056, -0.548)
310.410769761,(0.228, -0.48, -0.784)
310.204566561,(0.02, 0.224, -0.812)
310.054625861,(0.176, 0.068, -0.272)
309.959372661,(0.0, -0.036000000000000004, -1.304)
309.823606961,(-0.22, 0.024, -0.596)
309.658441261,(-0.26, -0.17200000000000001, -0.64)
309.509638062,(-0.152, 0.256, -0.656)
309.358297362,(0.04, -0.012, -0.396)
309.207394162,(-0.14, 0.108, -0.772)
309.080903462,(-0.08, -0.084, -1.556)
308.950912762,(0.128, 0.16, -0.9400000000000001)
308.817334562,(0.248, -0.028, -1.604)
308.651293862,(0.248, 0.164, -1.096)
308.481140662,(0.064, -0.07200000000000001, -1.24)
308.456762462,(0.68, -0.34800000000000003, -0.9520000000000001)
308.458721762,(-0.308, 0.52, -1.808)
308.342731062,(0.032, 0.02, -0.884)
308.172315362,(-0.04, -0.356, -1.1520000000000001)
308.022462162,(-0.036000000000000004, -0.804, -0.8)
307.926771462,(-0.47200000000000003, -0.276, -1.016)
307.817605762,(-0.056, 0.192, -0.8280000000000001)
307.662065062,(-0.9520000000000001, -0.268, -1.288)
307.456999362,(0.23600000000000002, -0.132, -1.1320000000000001)
307.471208662,(0.232, -0.18, -1.548)
307.836467962,(0.596, -0.244, -0.22)
308.330089762,(-0.224, 0.20800000000000002, -0.492)
308.863436562,(0.504, -0.532, -0.772)
309.468970862,(0.656, -0.184, -1.336)
310.093930161,(-0.188, -0.128, -0.56)
310.693426961,(0.10400000000000001, -0.124, -1.092)
311.288636261,(-0.296, -0.272, -1.004)
311.844120561,(0.02, -0.192, -1.788)
312.358567361,(-0.744, -0.20400000000000001, -0.988)
312.887276661,(-0.4, -0.748, -1.0)
313.410035961,(-0.4, -0.16, -0.78)
314.03657026,(0.052000000000000005, -0.41200000000000003, 0.64)
314.86251706,(-0.196, 0.36, -0.932)
315.71296386,(-0.444, 0.3, -1.22)
316.47932316,(0.388, 0.404, -0.436)
317.20578246,(0.028, 0.116, -1.192)
317.89260426,(-0.128, -0.196, -1.252)
318.508988559,(-0.016, -0.268, -1.016)
319.128522859,(-0.06, -0.024, -1.368)
319.727319659,(0.264, -0.108, -1.02)
320.331891459,(0.76, 0.088, -1.8960000000000001)
321.056863259,(-0.54, 0.184, -1.78)
321.895410059,(-0.47600000000000003, -0.47600000000000003, -0.708)
322.784356858,(-0.988, -0.096, -1.8760000000000001)
323.640928658,(-0.116, -0.524, 0.252)
324.571000458,(-0.364, 0.468, -1.32)
325.535459758,(-0.324, 0.18, -1.48)
326.438931558,(0.196, -0.392, -1.536)
327.387903357,(-0.328, 0.168, -1.4000000000000001)
328.369862657,(-0.464, -0.036000000000000004, -0.376)
329.328634457,(0.256, -0.432, -0.47200000000000003)
330.297643757,(0.364, -0.168, -0.624)
331.381278057,(-0.17200000000000001, 0.23600000000000002, -1.3920000000000001)
332.437262356,(-0.34, -0.14, -1.248)
333.428584156,(0.388, -0.488, -1.5)
334.498480956,(-0.6, 0.068, -0.548)
335.612565256,(-0.192, 0.12, -0.396)
336.630049555,(-0.328, -0.196, -1.516)
337.554783855,(-0.488, -0.40800000000000003, -1.528)
338.569468155,(-0.64, -0.036000000000000004, -1.74)
339.619852455,(-0.232, -0.064, -1.5)
340.601286754,(-0.468, -0.132, -1.1280000000000001)
341.536083554,(0.032, -0.052000000000000005, 0.44)
342.460117854,(-0.372, 0.256, -1.3)
343.384327154,(-0.672, 0.20800000000000002, -1.3960000000000001)
344.287448954,(-0.268, -0.056, -0.1)
345.157845753,(-0.084, 0.06, -0.804)
346.064380053,(0.116, 0.548, -1.3960000000000001)
346.983076853,(-0.588, 0.34, -0.976)
347.829936153,(-0.124, -0.268, -1.068)
348.691582953,(-0.28, 0.32, -1.5)
349.539492252,(-0.076, 0.044, -0.304)
350.383376552,(-0.768, 0.128, -1.84)
351.297348352,(0.124, -0.056, -0.356)
352.267670152,(-0.156, 0.024, -1.108)
353.222941952,(0.20400000000000001, -0.07200000000000001, -0.74)
354.181188751,(-0.032, 0.20400000000000001, -1.116)
355.180735551,(0.26, 0.256, -1.12)
356.115094851,(0.372, -0.16, -1.32)
356.962216651,(0.24, -0.164, -1.092)
357.82298845,(0.088, 0.156, -0.748)
358.75236025,(0.084, 0.108, -1.424)
359.69511955,(0.324, 0.06, -0.596)
0.599203849863,(-0.4, -0.04, -0.6880000000000001)
1.47432564966,(0.04, -0.18, -0.47600000000000003)
2.30307244947,(0.3, 0.036000000000000004, -0.444)
3.11563174929,(0.092, 0.48, -0.724)
3.97220354909,(0.5, -0.232, -0.68)
4.90262534888,(0.38, 0.24, -1.108)
5.85877214866,(-0.41200000000000003, -0.008, -1.26)
6.80301894845,(0.652, -0.464, -0.156)
7.82339074821,(-0.096, 0.176, -0.024)
8.88900004797,(0.28800000000000003, -0.128, -0.548)
9.92013434773,(0.328, -0.18, -1.1400000000000001)
10.8526561475,(-0.44, 0.124, -1.216)
11.7557779473,(0.508, -0.664, -1.028)
12.6708872471,(-0.08, -0.28, -1.496)
13.6429590469,(-0.556, 0.184, -0.8280000000000001)
14.7153933466,(-0.256, 0.068, -0.256)
15.7566776464,(0.264, -0.296, -0.608)
16.8425869462,(-0.448, 0.404, -0.28)
17.9621837459,(-0.28, 0.196, -1.6280000000000001)
18.8935680457,(0.12, -0.028, -0.056)
19.5316523455,(0.56, 0.064, -1.192)
20.0131116454,(-0.312, 0.644, -0.792)
20.3951709453,(-0.20800000000000002, 0.068, -1.192)
20.6645302453,(-0.008, -0.2, -0.9480000000000001)
20.7182020453,(0.604, 0.17200000000000001, -1.22)
20.5434113453,(0.976, 0.308, -1.728)
20.3890081453,(-0.02, 0.012, -0.8240000000000001)
20.2511424454,(-0.352, -0.252, -0.728)
20.0610392454,(0.1, -0.2, -0.86)
19.9051485455,(0.452, 0.432, -0.5760000000000001)
19.7908203455,(-0.448, 0.23600000000000002, -0.9)
19.6497171455,(-0.41600000000000004, 0.168, -1.944)
19.4657389456,(0.17200000000000001, 0.188, -1.016)
19.3080982456,(-0.328, -0.212, -1.1400000000000001)
19.2049700456,(0.38, -0.28800000000000003, -1.848)
19.1035918456,(-0.076, -0.048, -1.272)
19.0083386457,(-0.336, -0.04, -0.776)
18.8870104457,(-0.324, 0.176, -0.244)
18.7248197457,(-0.048, 0.744, -1.46)
18.5864290458,(0.116, 0.112, -0.732)
18.4602883458,(-0.28, 0.044, -1.004)
18.2802476458,(-0.32, 0.464, -1.284)
18.1302194459,(0.396, 0.32, -1.74)
18.0152787459,(0.464, -0.336, -1.216)
17.9923005459,(0.4, 0.128, -1.256)
18.1628723459,(0.848, 0.148, -1.216)
18.4795691458,(0.396, -0.292, -1.496)
18.8890159457,(0.26, -0.396, -0.888)
19.3394127456,(0.252, -0.136, -1.292)
19.8430095455,(-0.152, 0.088, -0.996)
20.4335813453,(0.232, 0.012, -1.56)
21.0727156452,(-0.06, 0.18, -1.508)
21.779049945,(-0.28400000000000003, -0.04, -1.82)
22.5523217449,(-0.868, 0.064, -0.856)
23.2665310447,(0.168, -0.188, -0.1)
23.9075903445,(0.544, 0.14, -0.676)
24.4657871444,(-0.02, -0.016, -0.544)
24.7688339443,(0.41200000000000003, -0.14, 0.1)
24.7808557443,(0.17200000000000001, -0.196, -1.004)
24.6437775444,(-0.332, 0.08, -0.5680000000000001)
24.4473743444,(-0.092, 0.052000000000000005, -0.904)
24.2999711445,(0.66, 0.216, -0.504)
24.1838929445,(-0.368, 0.148, -1.18)
24.0629147445,(-0.168, -0.18, -0.7000000000000001)
23.9711615445,(-0.176, 0.196, -1.112)
23.8632208446,(0.06, -0.04, -0.812)
23.7343676446,(-0.212, 0.168, -1.1480000000000001)
23.6209144446,(0.436, -0.10400000000000001, -0.552)
23.5218112446,(0.244, -0.244, -1.3880000000000001)
23.4239330447,(-0.048, -0.372, -0.8200000000000001)
23.3204548447,(0.008, -0.088, -1.176)
23.2092766447,(0.492, 0.028, -1.936)
23.1083359447,(-0.456, 0.316, -0.64)
22.9796577448,(0.188, -0.28, -1.816)
22.8298920448,(-0.132, -0.20400000000000001, -0.736)
22.6783763448,(0.044, 0.1, -0.88)
22.5408606449,(0.8160000000000001, 0.264, -0.796)
22.4381699449,(-0.28, -0.128, -0.464)
22.3358292449,(-0.088, -0.632, -0.136)
22.2155510449,(0.776, -0.904, -0.796)
22.080922845,(0.624, -0.232, -1.6640000000000001)
21.937719645,(0.72, -0.028, -0.812)
21.796178945,(0.004, 0.628, -0.664)
21.6375757451,(0.28400000000000003, 0.708, -0.516)
21.4876350451,(0.228, 0.588, -1.176)
21.3840693451,(0.068, -0.084, -1.276)
21.2590661451,(0.468, 0.052000000000000005, -1.356)
21.1121004452,(0.052000000000000005, 0.28400000000000003, -0.42)
20.9720472452,(-0.492, 0.18, 0.064)
20.8179065452,(-0.012, -0.06, 0.536)
20.6577283453,(0.268, 0.176, -0.996)
20.5297501453,(0.24, -0.076, -1.348)
20.3912719453,(0.23600000000000002, -0.324, -1.612)
20.2511312454,(0.188, -0.748, -0.17200000000000001)
20.1473030454,(-0.352, -0.192, -0.7000000000000001)
20.0390123454,(-0.08, -0.312, -1.448)
19.9292341454,(-0.452, 0.084, -1.54)
19.7561934455,(-0.544, -0.316, -0.084)
19.5569902455,(0.008, -0.152, 0.54)
19.3940995456,(0.364, -0.116, -1.02)
19.2476588456,(0.008, 0.16, -1.424)
19.1111056456,(-0.7000000000000001, 0.26, -0.64)
18.9837399457,(-0.536, 0.032, -0.26)
18.8176992457,(-0.096, -0.24, -0.164)
18.6627710457,(-0.016, -0.464, -0.296)
18.5790678458,(-0.268, -0.848, -0.164)
18.4786521458,(0.8320000000000001, 0.004, -1.06)
18.3525114458,(0.508, 0.28400000000000003, -1.156)
18.2383582458,(-0.156, 0.188, -0.28800000000000003)
18.1377675459,(0.256, -0.24, -0.768)
18.0119768459,(0.152, -0.616, -0.9400000000000001)
17.8510111459,(-0.076, -0.456, -1.0)
17.664145446,(0.888, -0.056, -1.364)
17.513417246,(-0.316, 0.188, -0.10400000000000001)
17.396814046,(-0.148, 0.332, -1.204)
17.2613983461,(0.724, 0.052000000000000005, -0.672)
17.1334201461,(0.964, 0.256, -1.56)
17.0105169461,(0.9480000000000001, -0.10400000000000001, -1.956)
16.8878762461,(-0.032, 0.096, -0.548)
16.7514980462,(-0.056, -0.04, -0.736)
16.5538698462,(0.392, -0.008, -0.428)
16.3767166463,(-0.092, -0.676, -0.856)
16.2722759463,(0.22, -0.332, -0.804)
16.1771977463,(-0.192, 0.34800000000000003, -0.8320000000000001)
16.0354820463,(0.596, 0.192, -1.372)
15.8913163464,(-0.132, 0.332, 0.184)
15.7960631464,(-0.18, -0.156, -0.84)
15.6877724464,(1.08, 0.268, -1.78)
15.5463192464,(0.6920000000000001, 0.536, -1.248)
15.3820285465,(0.616, 0.24, -1.084)
15.2307753465,(0.036000000000000004, 0.124, -0.56)
15.0811846466,(0.136, 0.252, -0.584)
14.9273939466,(0.292, 0.052000000000000005, -0.592)
14.8142907466,(-1.36, -0.248, -1.6640000000000001)
14.6939250466,(-0.388, -0.42, -0.432)
14.5616593467,(-0.56, -0.652, -1.228)
14.4248436467,(0.748, 0.488, -1.828)
14.2265154468,(0.112, -0.10400000000000001, -0.404)
14.0324747468,(0.24, 0.048, -0.52)
13.8972340468,(-0.248, 0.296, -0.756)
13.7550808469,(0.244, 0.38, -1.288)
13.5985776469,(1.272, 0.312, -1.924)
13.6772744469,(-0.14400000000000002, -0.032, -0.17200000000000001)
14.0442837468,(-0.06, 0.16, -1.544)
14.5070180467,(-0.128, -0.024, -0.088)
15.0298648466,(-0.132, -0.132, -0.4)
15.6458991464,(0.116, -0.356, -1.484)
16.2293834463,(-0.48, -0.456, -0.5760000000000001)
16.6848552462,(0.036000000000000004, -0.26, -0.98)
17.1436520461,(0.108, 0.136, -0.764)
17.680148846,(0.152, -0.084, -0.112)
18.2631081458,(0.088, -0.248, -1.104)
18.8599799457,(-0.17200000000000001, -0.268, -0.444)
19.5144267455,(-0.9400000000000001, -0.212, -0.468)
20.1701860454,(-0.008, -0.812, 0.132)
20.8621703452,(-0.22, -0.032, -0.932)
21.5063796451,(-0.48, -0.048, -1.848)
22.046376445,(0.188, -0.5720000000000001, -1.484)
22.7238357448,(0.176, -0.056, 0.12)
23.4905450446,(0.176, 0.228, -1.804)
24.2527043445,(0.052000000000000005, -0.516, -0.784)
25.0407636443,(0.06, 0.168, -1.284)
25.7894479441,(-0.064, 0.10400000000000001, -0.272)
26.5655197439,(0.212, -0.10400000000000001, -1.352)
27.4109790437,(0.264, 0.02, -1.18)
28.2622133435,(0.664, 0.216, -0.672)
29.1585101433,(0.364, 0.136, -1.012)
29.9957444432,(0.248, -0.112, -0.836)
30.784853743,(0.132, -0.136, -1.244)
31.6307505428,(-0.148, -0.312, -1.58)
32.4875848426,(-0.004, -0.14400000000000002, -0.988)
33.2990941424,(0.276, 0.404, -1.272)
34.0641409422,(0.244, 0.40800000000000003, -0.9480000000000001)
34.825775242,(0.32, -0.156, -1.296)
35.6619595419,(-0.028, 0.3, -0.6960000000000001)
36.5866938416,(0.0, -0.184, -0.28)
37.5099406414,(0.488, -0.14, -0.028)
38.4369499412,(-0.428, -0.28400000000000003, -0.912)
39.376734241,(-0.088, -0.232, -0.16)
40.2910560408,(0.052000000000000005, 0.10400000000000001, -1.1440000000000001)
41.1372153406,(0.164, 0.016, -0.964)
42.0846996404,(-0.296, 0.528, -0.5720000000000001)
43.0710339402,(0.168, -0.156, 0.304)
43.95683074,(0.084, 0.184, -1.86)
44.8321275398,(-0.9, -0.444, -1.072)
45.7733993395,(0.14, -0.244, -0.976)
46.7286711393,(0.368, -0.1, -0.5680000000000001)
47.6927804391,(0.14, 0.42, 0.108)
48.7372147389,(0.152, 0.20400000000000001, -1.012)
49.7651115386,(0.276, 0.116, -1.332)
50.7911708384,(0.268, 0.024, -1.604)
51.8475051382,(0.384, 0.136, -0.96)
52.8940394379,(0.212, -0.028, -0.708)
53.9543987377,(-0.384, 0.028, -1.004)
55.0223705374,(0.17200000000000001, 0.212, -1.508)
56.0749423372,(0.404, 0.028, -1.196)
57.119551637,(0.152, -0.256, -0.384)
58.0619609367,(0.744, -0.17200000000000001, -1.228)
59.0263327365,(0.24, -0.02, -0.52)
60.1079545363,(0.976, 0.52, -1.3800000000000001)
61.126576336,(-0.324, 0.74, -1.796)
62.0907731358,(0.376, -0.512, 0.152)
63.0785949356,(0.384, -0.096, -1.68)
64.1183917354,(-0.14400000000000002, 0.47200000000000003, -1.1520000000000001)
65.1547760351,(0.496, 0.26, -0.992)
66.2006978349,(0.128, 0.116, -0.7000000000000001)
67.2388321346,(0.34, -0.04, -1.54)
68.1945414344,(0.224, -0.684, -1.252)
69.1560257342,(0.41600000000000004, 0.128, -1.356)
70.148922534,(-0.076, 0.548, -1.472)
71.1400693338,(0.164, -0.10400000000000001, -0.38)
72.0996286335,(0.272, -0.036000000000000004, -1.592)
73.0315379333,(-0.504, 0.352, -1.528)
73.9151472331,(0.08, -0.092, -1.276)
74.7718065329,(-0.404, -0.276, -1.496)
75.6760658327,(-0.584, 0.016, -0.892)
76.5843501325,(-0.18, -0.34, -0.56)
77.5273719323,(-1.212, 0.264, -1.812)
78.5326062321,(-0.484, -0.248, -0.132)
79.5477280318,(-1.044, -0.10400000000000001, -1.1520000000000001)
80.5458748316,(-1.056, -0.544, -1.6520000000000001)
81.5513716314,(-1.216, -0.044, -1.8920000000000001)
82.5993059311,(-0.216, -0.504, -0.924)
83.6837277309,(-0.196, -0.008, -0.736)
84.8205620306,(-0.58, -0.304, -0.28800000000000003)
85.9171463304,(-0.792, -0.024, -1.372)
86.9532681301,(-1.032, -0.16, -1.8800000000000001)
87.9680399299,(-0.04, 0.084, -1.444)
88.9771242297,(-0.488, -0.096, -1.124)
90.0256710294,(0.42, -0.212, -1.528)
91.1044053292,(-0.152, 0.644, -1.292)
92.153564629,(0.248, -0.272, -0.548)
93.1817239287,(0.18, -0.07200000000000001, -0.212)
94.2641332285,(-0.28400000000000003, -0.04, -1.6)
95.3062925282,(0.216, -0.244, -1.556)
96.304351828,(0.224, 0.184, -1.708)
97.2884986278,(-0.24, 0.096, 0.008)
98.0690329276,(-0.784, 0.26, -0.336)
98.6354547275,(-0.596, 0.484, -1.936)
99.0763140274,(-0.176, -0.044, -1.344)
99.3621233273,(-0.32, 0.252, -0.076)
99.4118576273,(-0.096, 0.18, -0.908)
99.3088169273,(0.488, 0.84, -0.624)
99.2002637273,(-0.06, 0.012, -0.092)
99.1028230274,(-0.5720000000000001, 0.328, -1.1360000000000001)
99.1168573274,(0.47600000000000003, 0.004, -0.644)
99.2486666273,(-0.34400000000000003, 0.428, -1.2)
99.2647134273,(-0.41200000000000003, 0.488, -1.1280000000000001)
99.1674477274,(-0.096, -0.2, -0.228)
99.0692195274,(-0.304, -0.124, -1.068)
98.9697663274,(-0.164, -0.448, -0.5)
98.8437131274,(0.048, 0.2, -1.1320000000000001)
98.7003349275,(0.112, 0.34, -0.844)
98.5349067275,(0.41200000000000003, 0.1, -1.1400000000000001)
98.2973785276,(0.128, 0.34800000000000003, -1.68)
98.1066628276,(0.524, 0.66, -0.704)
98.0042346276,(0.5680000000000001, 0.192, -0.976)
97.8942814276,(0.404, 0.332, -0.424)
97.7799532277,(0.368, 0.468, -0.976)
97.6847875277,(0.196, 0.084, -0.28800000000000003)
97.5085968277,(-0.42, -0.14, -0.28)
97.2811311278,(-0.10400000000000001, -0.356, -0.84)
97.1150029278,(0.544, 0.028, -1.576)
96.9853622279,(0.332, -0.436, -1.324)
96.8679715279,(-0.008, 0.02, -1.296)
96.7510183279,(0.168, -0.244, -1.232)
96.6374776279,(-0.18, -0.02, -1.1)
96.502761928,(-0.044, 0.636, -1.8960000000000001)
96.340833728,(-0.17200000000000001, 0.16, -0.40800000000000003)
96.205068028,(-0.444, 0.32, -1.028)
96.1019398281,(0.548, -0.192, -1.808)
95.9821866281,(0.588, -0.06, -0.624)
95.8243709281,(0.332, 0.088, -1.188)
95.6971802281,(0.41600000000000004, 0.20800000000000002, -0.964)
95.6963395281,(-1.056, 0.368, -1.016)
95.6842113282,(-0.712, 0.20800000000000002, -1.524)
95.5818706282,(-0.212, -0.056, -0.016)
95.4032299282,(-0.516, 0.14400000000000002, -1.464)
95.1640392283,(-0.536, 0.06, -1.3800000000000001)
95.0088485283,(-0.656, 0.34, -0.976)
94.9036203283,(-0.056, 0.164, -0.752)
94.8001421284,(-0.524, -0.008, -0.676)
94.7086514284,(-0.1, 0.20400000000000001, -0.456)
94.5720107284,(1.084, 0.292, -1.744)
94.3727200285,(-0.164, -0.22, 0.44)
94.1133168285,(-0.272, -0.108, -1.6520000000000001)
93.9062386286,(0.388, -0.34, -1.856)
93.7804479286,(-0.58, -0.176, -1.256)
93.6217572286,(-1.156, 0.068, -1.176)
93.4565040287,(-0.40800000000000003, -0.084, -0.152)
93.3289633287,(-0.9, 0.5680000000000001, -1.26)
93.2280226287,(0.224, -0.108, -1.756)
93.1298819287,(0.048, -0.552, -0.068)
93.0117912288,(0.32, 0.06, -0.556)
92.8925630288,(0.56, -0.22, -1.18)
92.7910098288,(-0.56, 0.328, -0.744)
92.6719566288,(-0.992, 0.152, -1.544)
92.5445034289,(-0.28, 0.012, -0.9)
92.4412002289,(-0.272, 0.28800000000000003, -1.264)
92.3175970289,(-0.552, 0.012, -0.624)
92.188393829,(-0.916, -0.428, -1.352)
92.091128129,(-0.388, -0.552, -1.348)
91.991587429,(0.448, -0.176, -0.632)
91.891784229,(0.14, -0.10400000000000001, -1.4040000000000001)
91.778943529,(-0.34800000000000003, -0.092, -0.796)
91.6742403291,(-0.392, 0.028, -1.528)
91.6890621291,(-0.092, 0.536, -1.1400000000000001)
91.7009089291,(0.56, -0.652, -1.276)
91.5783557291,(-0.52, 0.188, -0.668)
91.2801025292,(0.54, -0.20800000000000002, -1.6280000000000001)
90.8119243293,(0.128, -0.26, -1.424)
90.2573836294,(0.40800000000000003, -0.3, -0.704)
89.5422804296,(0.64, -0.04, -1.548)
88.7480772297,(0.904, -0.296, -1.608)
88.0074240299,(0.756, -0.28800000000000003, -1.168)
87.2734208301,(0.26, -0.17200000000000001, -1.216)
86.4617176303,(0.304, -0.004, -0.972)
85.6027644305,(-0.328, 0.616, -0.988)
84.8479362306,(0.088, 0.28400000000000003, -0.584)
84.3666330307,(-0.3, 0.176, -0.548)
84.1013673308,(-0.128, 0.428, -1.796)
83.9030391308,(-0.41200000000000003, 0.376, -1.544)
83.7458359309,(0.076, 0.076, -0.152)
83.6105952309,(-0.016, -0.34400000000000003, -0.164)
83.5005545309,(0.724, -0.212, -0.812)
83.404688831,(0.008, 0.364, -1.1520000000000001)
83.313198131,(-0.064, -0.528, -1.568)
83.227307431,(-0.332, 0.2, -0.9)
83.112891731,(0.02, 0.152, -0.268)
82.9839510311,(0.064, 0.424, -1.176)
82.8320853311,(0.64, -0.196, -1.704)
82.6548446311,(0.724, -0.096, -0.656)
82.5275664312,(0.768, -0.468, -1.296)
82.4387882312,(0.04, -0.024, -0.68)
82.3477350312,(-0.28, -0.07200000000000001, -0.20800000000000002)
82.2469693312,(0.112, -0.152, -1.452)
82.1434036312,(-0.088, -0.064, -1.452)
82.0196254313,(-0.06, 0.06, -1.3880000000000001)
81.9015347313,(0.36, -0.188, -0.756)
81.9451440313,(-0.23600000000000002, 0.1, -1.008)
82.2160783312,(-0.28800000000000003, 0.088, -1.216)
82.6441626311,(0.232, -0.232, -0.22)
83.203146931,(-0.256, -0.14400000000000002, -0.92)
83.8398312309,(-0.008, -0.14400000000000002, -0.64)
84.4654905307,(-0.112, -0.164, -1.244)
85.1397998306,(0.252, -0.36, -1.032)
85.8497216304,(0.372, 0.132, -0.9440000000000001)
86.5281434302,(0.532, 0.008, -0.892)
87.1737527301,(0.324, -0.324, -1.108)
87.71182453,(-0.804, 0.292, -1.86)
88.0346463299,(0.064, -0.136, -0.18)
88.2886056298,(1.08, -0.10400000000000001, -1.168)
88.5099274298,(0.252, 0.112, -1.048)
88.6527617298,(-0.28, 0.168, -1.004)
88.7980460297,(-0.536, 0.008, -1.284)
88.8119928297,(-1.296, 0.032, -1.052)
88.6483146298,(0.764, 0.272, -0.372)
88.4605739298,(0.248, 0.16, -1.68)
88.3073957298,(-0.652, -0.14400000000000002, -1.088)
88.1627925299,(-0.20400000000000001, -0.216, -1.372)
88.0570393299,(0.276, 0.34400000000000003, -0.66)
87.9728111299,(0.46, -0.16, -0.844)
87.8695954299,(0.112, -0.18, -0.66)
87.72709223,(-0.084, 0.44, -1.164)
87.56122653,(-0.264, -0.088, -0.184)
87.3615858301,(0.14400000000000002, -0.044, -0.704)
87.1916951301,(0.176, 0.28, -0.256)
87.0663419301,(0.112, -0.292, -1.3840000000000001)
86.9535012301,(0.984, -0.1, -1.94)
86.8362855302,(-0.164, 0.016, -0.752)
86.6441698302,(-0.152, -0.316, -0.016)
86.4206416303,(0.17200000000000001, -0.368, -0.612)
86.2651009303,(-0.384, -0.1, -1.1400000000000001)
86.1197102303,(-0.792, -0.616, -1.456)
85.9577820304,(-0.176, -0.064, -0.584)
85.8123913304,(0.14400000000000002, 0.084, -0.556)
85.6399631304,(0.20800000000000002, 0.076, -1.6560000000000001)
85.4803974305,(0.512, -0.212, -0.592)
85.5012567305,(0.444, -0.42, -0.748)
85.5225535305,(-0.424, 0.23600000000000002, -0.588)
85.3751503305,(-0.364, 0.008, -1.236)
85.2052596305,(0.068, -0.016, -1.368)
85.0678314306,(-0.86, 0.12, -0.116)
84.9289157306,(-1.024, 0.672, -1.508)
84.7358375307,(-0.668, 0.128, -1.268)
84.5343593307,(0.428, 0.048, -0.892)
84.3866061307,(-0.504, 0.224, -0.24)
84.4416779307,(0.428, 0.108, -1.56)
84.4960497307,(0.536, -0.176, -1.736)
84.3587090307,(0.312, -0.064, -1.048)
84.1884683308,(-0.612, 0.176, -0.8320000000000001)
84.0430776308,(-0.28800000000000003, 0.168, -1.26)
83.9257744308,(0.232, -0.148, -1.108)
83.7493212309,(-0.22, 0.3, -0.912)
83.5432930309,(0.324, 0.224, -1.068)
83.404377331,(-0.708, -0.02, -1.428)
83.398024131,(0.256, 0.216, -1.212)
83.391583431,(0.264, -0.47200000000000003, -0.1)
83.247680231,(-0.06, 0.06, -0.9400000000000001)
83.095202031,(0.10400000000000001, 0.112, -1.328)
83.090248831,(-0.484, 0.012, -0.328)
83.045745631,(-0.812, 0.212, -0.584)
82.8351674311,(-0.41200000000000003, -0.376, 0.164)
82.5707767311,(-0.28800000000000003, -0.592, -1.1480000000000001)
82.2951860312,(-0.10400000000000001, 0.18, -1.668)
82.1074453313,(-0.168, 0.064, -1.1480000000000001)
81.9844546313,(-0.06, -0.268, -0.256)
81.8859639313,(-0.264, -0.428, -0.532)
81.7421482313,(0.808, -0.328, -1.3960000000000001)
81.5750575314,(0.28800000000000003, -0.152, 0.112)
81.5579418314,(0.20800000000000002, 0.096, -1.688)
81.5470386314,(-0.228, 0.216, -1.288)
81.3377729314,(-0.41200000000000003, 0.28, -1.9120000000000001)
81.1309572315,(-0.224, 0.192, -0.724)
81.0107665315,(-0.316, -0.112, -0.252)
80.9059758315,(0.23600000000000002, 0.044, -1.748)
80.7895476316,(-0.244, 0.12, -1.588)
80.6132694316,(0.14, -0.136, -0.18)
80.3970037316,(0.07200000000000001, -0.34800000000000003, -0.628)
80.1904505317,(0.232, -0.28800000000000003, 0.47200000000000003)
79.9541473317,(0.8240000000000001, 0.10400000000000001, -1.616)
79.5528191318,(-0.9440000000000001, 0.14, -0.46)
79.0833284319,(-0.244, -0.076, -1.24)
78.5490877321,(-0.17200000000000001, -0.088, -1.264)
77.8673220322,(0.108, -0.096, -0.532)
77.1348063324,(-0.044, -0.28400000000000003, -1.116)
76.3900406326,(-0.36, 0.2, -1.08)
75.6693374327,(0.064, -0.108, -0.964)
74.9715592329,(-0.316, -0.084, -1.12)
74.252956033,(0.556, -0.244, -1.22)
73.5747778332,(-0.20400000000000001, 0.012, 0.128)
72.9420121333,(-0.068, -0.216, -1.58)
72.3481839335,(0.196, -0.736, -1.716)
71.8960182336,(-0.232, -0.436, -1.308)
71.6516650336,(0.324, -0.56, 0.176)
71.4900868337,(-0.488, 0.512, -1.168)
71.3341961337,(-0.516, 0.376, -1.204)
71.2009679337,(-0.364, 0.0, -1.6400000000000001)
71.0603022338,(-0.41200000000000003, -0.46, -1.1360000000000001)
70.9269865338,(-0.792, 0.14400000000000002, -0.356)
70.8116083338,(-0.064, -0.02, -1.3960000000000001)
70.8261676338,(0.504, 0.048, -0.768)
70.9277894338,(0.008, -0.256, -1.256)
70.9075237338,(0.908, 0.124, -1.488)
70.7918830338,(0.5680000000000001, 0.356, -1.204)
70.6635548339,(-0.28800000000000003, -0.10400000000000001, -0.936)
70.5275266339,(0.2, -0.14400000000000002, -0.496)
70.4070734339,(-0.584, -0.168, -1.604)
70.277520234,(0.20400000000000001, 0.0, -1.68)
70.122329534,(-0.8280000000000001, 0.064, -0.884)
69.987001334,(-0.196, -0.02, 0.028)
69.882735634,(-0.036000000000000004, -0.452, -0.52)
69.7208074341,(0.544, 0.132, -1.076)
69.5126792341,(0.712, 0.4, -0.536)
69.3399010342,(-0.148, 0.192, -1.764)
69.2169103342,(0.44, -0.432, -0.548)
69.0942696342,(0.028, 0.496, -1.42)
68.9643664343,(0.264, 0.176, -1.74)
68.8547632343,(0.792, 0.20800000000000002, -1.164)
68.7324725343,(0.48, -0.224, -1.0)
68.5865568343,(0.5760000000000001, -0.17200000000000001, -0.356)
68.4288286344,(-0.624, 0.028, -1.116)
68.2263879344,(-0.26, 0.108, -0.156)
68.2045472344,(-0.032, 0.632, -1.164)
68.3642690344,(0.76, -0.424, -0.752)
68.5660783343,(0.848, -0.652, -1.8920000000000001)
68.9212751343,(0.5, 0.624, -1.372)
69.4449094341,(-0.2, 0.152, -0.996)
70.090693734,(-0.464, 0.028, -1.476)
70.7315780338,(-0.184, -0.212, -1.4000000000000001)
71.3680873337,(-0.016, -0.148, -0.8240000000000001)
72.0798466335,(-0.128, -0.06, -0.62)
72.7580934334,(-0.2, -0.02, -0.052000000000000005)
73.3055277333,(-0.1, 0.396, -1.748)
73.7143620332,(0.10400000000000001, 0.012, -0.328)
73.9570338331,(-0.248, 0.376, -0.8320000000000001)
74.1732806331,(0.096, 0.708, -0.5680000000000001)
74.460052433,(0.324, -0.128, -0.648)
74.7717617329,(-0.076, 0.212, -1.3800000000000001)
75.0653585329,(0.436, 0.20400000000000001, -1.056)
75.2561428328,(0.168, 0.232, -1.1320000000000001)
75.2554771328,(0.232, -0.16, -1.04)
75.1559364328,(0.256, 0.04, -0.704)
75.0689082329,(-0.232, 0.028, -1.348)
74.9497675329,(-0.244, 0.004, -0.436)
74.7946643329,(-0.156, 0.544, -1.772)
74.628973633,(0.16, 0.6920000000000001, -1.572)
74.448845433,(0.124, 0.184, -1.408)
74.307917233,(-0.656, 0.24, -0.964)
74.2040890331,(-0.112, 0.312, -1.264)
74.0522233331,(-0.356, 0.084, -0.304)
73.8961576331,(-0.772, 0.164, -0.24)
73.7642419332,(-0.28, 0.764, -1.228)
73.6028387332,(-0.544, 0.492, -1.296)
73.4156230332,(-0.168, 0.02, -0.336)
73.2272698333,(0.068, -0.20800000000000002, -1.372)
73.0947416333,(0.388, -0.184, -1.252)
72.9693009333,(0.34800000000000003, 0.384, -1.032)
72.8307352334,(0.16, 0.584, -1.5)
72.6915570334,(-0.66, 0.468, -1.232)
72.5263913334,(-0.312, 0.324, -1.06)
72.3695381335,(-0.664, -0.12, -0.508)
72.2454974335,(-0.74, 0.132, -1.816)
72.0980942335,(-0.652, -0.18, -1.232)
71.8813035336,(-0.388, -0.196, -1.2)
71.6533128336,(-0.384, -0.3, -0.852)
71.5013596337,(0.176, 0.036000000000000004, -0.304)
71.5135564337,(0.116, -0.016, -0.808)
71.6258532336,(0.28, -0.256, -0.668)
71.6364750336,(0.256, -0.304, -0.52)
71.5196968337,(0.232, -0.032, -1.028)
71.3743061337,(0.488, 0.264, -1.872)
71.2113279337,(-0.1, -0.056, -0.732)
71.0501872338,(-0.648, 0.168, -1.424)
71.0274715338,(-0.168, -0.192, -0.9480000000000001)
70.9901433338,(-0.292, 0.3, -1.532)
70.8271651338,(-0.04, 0.42, -1.092)
70.6219244339,(-0.632, 0.48, -1.372)
70.4003212339,(0.192, 0.084, -0.684)
70.201730534,(0.028, 0.28400000000000003, -0.14400000000000002)
69.999989834,(0.152, -0.048, -1.712)
69.8425241341,(-0.22, 0.28800000000000003, -0.768)
69.6841834341,(0.604, 0.268, -1.336)
69.4973177341,(-0.66, -0.108, -1.1360000000000001)
69.2996895342,(-1.18, -0.212, -0.888)
69.1138738342,(0.212, -0.372, 0.14)
68.9669081343,(0.048, -0.48, -0.224)
68.8597549343,(0.168, -0.088, -0.668)
68.7744767343,(-0.252, -0.304, -0.74)
68.6615485343,(-0.588, 0.276, -1.084)
68.5062703344,(-0.044, 0.32, -0.47600000000000003)
68.3220296344,(0.14, 0.036000000000000004, -1.332)
68.1663139344,(0.16, 0.168, -1.2)
67.9714857345,(1.16, -0.052000000000000005, -0.704)
67.7376325345,(0.752, 0.22, -1.992)
67.5715918346,(-0.296, -0.124, -1.348)
67.4274261346,(0.504, 0.052000000000000005, -0.136)
67.4144229346,(-0.14400000000000002, -0.2, 0.084)
67.3756072346,(-0.47200000000000003, 0.244, -1.596)
67.1835790347,(-0.616, 0.468, -1.76)
66.9831508347,(-0.2, -0.124, -0.48)
66.9162476347,(-0.136, 0.12, -0.772)
66.8885444347,(-0.168, -0.112, -0.108)
66.6722787348,(0.444, -0.14, -1.324)
66.3886380348,(-0.556, 0.32, -1.188)
66.1630098349,(-0.032, 0.28400000000000003, -0.8240000000000001)
66.0270691349,(0.312, -0.1, -1.42)
65.9249909349,(0.016, 0.22, -1.3800000000000001)
65.769187735,(-0.052000000000000005, 0.23600000000000002, -0.844)
65.608572035,(0.128, -0.34800000000000003, -1.08)
65.4493563351,(-0.5, -0.604, -1.6400000000000001)
65.2652031351,(-0.032, -0.228, -0.456)
65.0877874351,(-0.596, -0.256, -1.068)
64.8944467352,(0.192, 0.004, -0.444)
64.6481685352,(0.496, 0.10400000000000001, -0.908)
64.4306778353,(-0.424, 0.276, -1.116)
64.3080371353,(-0.08, -0.12, -0.092)
64.1801464353,(0.268, -0.02, -0.244)
64.0009807354,(-0.248, 0.012, -0.756)
63.8213775354,(0.28800000000000003, -0.256, -1.284)
63.6959368355,(-0.044, -0.148, -1.468)
63.5991086355,(0.264, -0.272, -0.132)
63.4901179355,(0.06, -0.152, -1.232)
63.3472647355,(0.276, -0.46, -0.812)
63.1940865356,(-0.128, -0.16, -0.176)
63.0003958356,(0.14400000000000002, -0.276, -0.5760000000000001)
62.8130051357,(-0.24, 0.14400000000000002, -1.692)
62.6482769357,(-0.124, -0.256, -0.14400000000000002)
62.4724362357,(-0.312, -0.108, -0.6)
62.2605455358,(0.04, -0.212, -0.504)
62.0277423358,(-0.032, 0.088, -1.496)
61.8652891359,(0.41200000000000003, 0.136, -1.124)
61.8717984359,(-0.38, 0.28, -0.9)
61.8632577359,(0.728, -0.20400000000000001, -0.588)
61.6553920359,(0.312, -0.02, -1.044)
61.415238836,(0.268, -0.04, -1.836)
61.346673136,(0.36, -0.06, -0.836)
61.351694936,(-0.052000000000000005, -0.132, -0.532)
61.211554236,(-0.04, 0.04, 0.3)
61.0024635361,(-0.256, 0.068, -0.972)
60.7750853361,(-0.248, 0.304, -0.17200000000000001)
60.5431571362,(-0.608, 0.356, -1.524)
60.3458789362,(-0.312, 0.28400000000000003, -0.24)
60.2060007363,(0.252, 0.076, -0.644)
60.1031350363,(0.928, -0.02, -1.476)
59.9640443363,(-0.5, -0.34800000000000003, -0.252)
59.8034286363,(-0.584, -0.216, -1.608)
59.6692379364,(-0.14, -0.004, -1.5)
59.5143972364,(-1.296, 0.388, -1.784)
59.2970815365,(-0.396, -0.352, 0.28800000000000003)
59.0669033365,(0.188, 0.044, -1.456)
58.9139001365,(-0.156, -0.216, -0.18)
58.8192594366,(-0.404, 0.116, -0.908)
58.7345937366,(0.14400000000000002, -0.328, -1.424)
58.6307655366,(0.008, -0.036000000000000004, -1.084)
58.4844998366,(-0.18, -0.044, -0.968)
58.3285216367,(0.316, -0.14400000000000002, -0.552)
58.2104309367,(0.276, -0.276, -1.1280000000000001)
58.1227902367,(-0.052000000000000005, -0.268, -0.228)
57.9781870368,(0.628, -0.40800000000000003, -0.76)
57.7870338368,(0.1, 0.264, -1.792)
57.6422556368,(0.068, 0.112, -0.8200000000000001)
57.4932774369,(-0.892, -0.128, -0.6)
57.3414992369,(0.484, -0.184, -0.536)
57.2349585369,(0.244, -0.168, -1.3760000000000001)
57.127017837,(-0.5, 0.128, -1.1360000000000001)
56.970427137,(-0.8160000000000001, 0.156, -1.808)
56.934586437,(0.12, 0.168, -0.88)
57.050470737,(-0.128, -0.2, -1.116)
57.1850800369,(-0.012, 0.096, -0.992)
57.1818768369,(0.152, -0.432, -0.184)
57.014436137,(0.176, -0.488, -0.092)
56.817332937,(0.124, 0.388, -1.1480000000000001)
56.6550547371,(0.672, 0.152, -1.812)
56.5493890371,(0.232, 0.036000000000000004, -0.648)
56.3941983371,(0.592, -0.42, -0.116)
56.2065451372,(0.168, 0.164, -0.892)
56.0146919372,(0.528, 0.1, -1.616)
55.8191637373,(0.092, -0.052000000000000005, -0.78)
55.6588105373,(-0.768, 0.47600000000000003, -1.26)
55.6375823373,(0.116, -0.032, -1.436)
55.6005166373,(0.17200000000000001, -0.404, -0.36)
55.4657134373,(-0.464, -0.16, -0.716)
55.3132352374,(0.528, -0.024, -0.636)
55.2677695374,(0.23600000000000002, 0.024, -1.352)
55.3659788374,(-0.168, -0.18, -1.6360000000000001)
55.3556881374,(-0.116, -0.068, -0.08)
55.2137099374,(0.512, -0.252, -0.196)
55.0502067374,(0.276, 0.156, -0.5760000000000001)
54.9336035375,(0.404, -0.02, -1.24)
54.8291628375,(0.304, -0.052000000000000005, -1.1400000000000001)
54.8403971375,(0.16, 0.24, -0.008)
54.8710564375,(-0.136, -0.06, -1.448)
54.7712532375,(0.34, 0.6880000000000001, -1.6)
54.6299750375,(-0.016, -0.08, -0.332)
54.4501093376,(0.092, -0.076, -0.32)
54.3051561376,(-0.364, -0.38, -1.668)
54.1525029376,(-0.164, 0.152, -1.204)
53.9557497377,(0.392, -0.004, -0.74)
53.7897090377,(-0.168, 0.068, -1.6480000000000001)
53.6132558378,(-0.068, -0.112, -1.02)
53.3657526378,(0.556, -0.12, -1.284)
53.0736244379,(0.152, 0.044, -1.588)
52.8755587379,(-0.316, -0.024, -0.16)
52.705318038,(0.22, -0.14400000000000002, -0.076)
52.535689838,(-0.352, -0.224, -1.7)
52.605024138,(-0.12, -0.328, -1.532)
52.8918834379,(0.196, -0.528, -1.16)
53.2947677378,(-0.404, 0.132, -1.356)
53.8554145377,(-0.796, 0.068, -0.6920000000000001)
54.5566738375,(0.748, -0.452, -0.708)
55.2672081374,(0.41600000000000004, -0.544, -1.228)
55.9221799372,(0.812, -0.272, -1.2)
56.5763642371,(0.092, 0.244, -1.692)
57.2748235369,(-0.47600000000000003, 0.076, -0.256)
57.9196453368,(-0.132, 0.308, -1.432)
58.4240296367,(-0.41200000000000003, 0.0, -0.604)
58.7364389366,(-0.908, 0.34400000000000003, -1.46)
58.9089357365,(-1.048, 0.58, -1.704)
59.1553700365,(0.23600000000000002, 0.052000000000000005, -0.116)
59.3724043364,(-0.424, 0.04, -0.52)
59.4992261364,(0.064, 0.336, -0.532)
59.4492979364,(-0.16, -0.04, -0.7000000000000001)
59.2260322365,(0.28400000000000003, -0.244, -1.068)
59.0302415365,(0.432, 0.188, -1.464)
58.8752258366,(0.228, -0.10400000000000001, -0.068)
58.7638726366,(0.356, 0.156, -1.7)
58.6538319366,(-0.532, -0.004, -0.744)
58.5401162366,(-0.16, 0.14400000000000002, -0.276)
58.5325380366,(-0.444, 0.028, -0.924)
58.6870973366,(0.17200000000000001, 0.588, -0.66)
58.7496941366,(0.14, 0.20800000000000002, -0.92)
58.6512909366,(0.668, 0.084, -1.04)
58.5309252366,(0.296, -0.152, -1.096)
58.4078470367,(-0.004, 0.212, -1.26)
58.2412813367,(0.248, 0.176, -1.56)
57.8425781368,(-0.168, -0.012, -0.292)
57.2977499369,(0.068, 0.364, -1.42)
56.6893967371,(0.168, -0.148, -1.42)
55.9623060372,(-0.884, 0.128, -0.88)
55.1584778374,(-0.32, 0.584, -0.516)
54.3234121376,(-0.20800000000000002, 0.404, -1.256)
53.6062964378,(0.128, 0.056, -0.36)
52.9708182379,(0.124, 0.064, -0.932)
52.2757525381,(0.6880000000000001, 0.064, -1.192)
51.4749868382,(0.044, -0.20800000000000002, -0.324)
50.6240836384,(0.152, 0.056, -1.532)
49.8844804386,(-0.256, 0.10400000000000001, -1.208)
49.3052647387,(-0.41600000000000004, 0.2, -1.836)
48.8078615389,(0.332, -0.276, -1.592)
48.4041708389,(-0.028, 0.024, -1.3)
48.164280139,(0.064, -0.648, -0.168)
48.027726939,(-0.196, -0.452, -0.684)
47.8732362391,(-0.268, 0.0, -1.276)
47.6742955391,(-0.8160000000000001, 0.384, -1.364)
47.5162173392,(-0.34400000000000003, 0.192, -1.6280000000000001)
47.4236766392,(-0.364, -0.41600000000000004, -0.34)
47.3177484392,(-0.276, 0.06, -0.636)
47.1365702392,(0.076, 0.336, -0.276)
46.9420920393,(0.128, 0.052000000000000005, -0.42)
46.8144638393,(0.14, -0.228, -0.468)
46.6984731393,(-0.5760000000000001, -0.016, -0.34400000000000003)
46.5468699394,(-0.384, -0.192, -0.868)
46.3872167394,(-0.8160000000000001, -0.528, -0.988)
46.2703510394,(0.304, -0.232, -1.6480000000000001)
46.1530478395,(0.06, -0.164, -0.448)
46.0080946395,(0.06, -0.128, -0.884)
45.8620039395,(-0.156, 0.276, -0.308)
45.7347257396,(-0.276, -0.07200000000000001, -1.464)
45.6044725396,(0.768, 0.252, -1.812)
45.4442068396,(0.12, 0.41600000000000004, -0.884)
45.2895411397,(-0.23600000000000002, 0.088, -1.104)
45.1368879397,(0.328, -0.20400000000000001, -1.572)
44.9232472397,(-0.888, -0.428, -0.544)
44.7351565398,(-0.264, -0.048, -1.1320000000000001)
44.5685908398,(-0.652, -0.304, -0.58)
44.3878501399,(-0.668, -0.248, -0.424)
44.2269719399,(-0.316, -0.136, -0.34)
44.0380937399,(-0.536, 0.152, -1.832)
43.86295304,(0.32, 0.128, -1.1360000000000001)
43.68264984,(0.456, 0.224, -0.296)
43.4816966401,(0.216, 0.052000000000000005, -1.46)
43.4392934401,(-0.372, -0.044, -1.74)
43.4440527401,(0.044, 0.052000000000000005, -0.86)
43.3052245401,(-0.20400000000000001, -0.3, -1.228)
43.1011213402,(-0.62, -0.068, -1.36)
42.8754931402,(-0.612, -0.316, -0.988)
42.6611524403,(-1.0, -0.068, 0.088)
42.5089367403,(-0.128, -0.14, -0.976)
42.4123710403,(-0.188, -0.008, 0.216)
42.3033803403,(0.016, -0.092, -0.864)
42.1852896404,(0.256, -0.132, -0.40800000000000003)
42.1698364404,(0.28800000000000003, -0.224, -1.464)
42.1370582404,(0.0, -0.076, -0.704)
41.9473925404,(-0.224, -0.06, -1.752)
41.7087268405,(-1.008, 0.28, -1.852)
41.5404111405,(-0.496, -0.02, -1.36)
41.4469079405,(-0.46, -0.048, -1.5)
41.3351172406,(-0.556, 0.132, -0.9480000000000001)
41.1542015406,(0.484, 0.34, -0.228)
40.9773983406,(-0.212, -0.116, -0.716)
40.8677076407,(-0.48, 0.23600000000000002, -0.24)
40.7363169407,(0.336, 0.14, -1.2)
40.6004637407,(0.148, -0.16, -1.744)
40.4408980408,(0.268, 0.07200000000000001, -1.124)
40.2579698408,(-0.248, 0.272, -1.356)
40.1312166408,(-0.452, -0.492, -0.9)
39.9901134409,(0.20800000000000002, 0.34400000000000003, -1.024)
39.7833852409,(-0.22, 0.168, 0.388)
39.529844541,(-0.168, -0.108, -0.88)
39.293278841,(0.088, -0.292, -1.68)
39.1439506411,(-0.02, 0.108, -1.46)
39.1548349411,(-0.04, -0.41600000000000004, -0.9)
39.283669241,(0.20400000000000001, 0.24, -1.3920000000000001)
39.239866041,(-0.032, -0.12, -1.184)
39.0333128411,(0.176, -0.632, -1.008)
38.8567721411,(0.496, 0.036000000000000004, -1.74)
38.8269689411,(0.28, -0.044, -0.44)
38.7868407411,(-0.524, -0.18, -0.596)
38.5717125412,(-0.10400000000000001, 0.12, -0.9560000000000001)
38.3358468412,(-0.064, -0.17200000000000001, -0.164)
38.1206311413,(0.2, -0.212, -0.848)
37.8941279413,(0.36, -0.40800000000000003, -0.788)
37.6938747414,(-0.888, 0.212, -1.104)
37.5671215414,(-0.36, -0.036000000000000004, -0.276)
37.4572558414,(0.48, 0.028, -1.1520000000000001)
37.2805401415,(-0.064, 0.532, -1.6640000000000001)
37.0247244415,(0.14400000000000002, -0.136, -1.82)
36.7573587416,(0.38, 0.28800000000000003, -1.92)
36.5779305416,(0.852, -0.032, -1.308)
36.4638648417,(0.256, -0.23600000000000002, -0.6920000000000001)
36.3399116417,(-0.436, 0.28400000000000003, -0.912)
36.2080834417,(-0.32, -0.028, 0.008)
36.0321552418,(-0.052000000000000005, -0.108, -0.352)
35.8552645418,(-0.428, -0.20400000000000001, -1.472)
35.7464488418,(-0.004, -0.524, -1.496)
35.6446331419,(0.224, -0.764, 0.052000000000000005)
35.4902299419,(0.656, -0.292, -1.096)
35.3115017419,(0.8, 0.092, -1.608)
35.118948542,(0.604, 0.424, -1.756)
34.895507842,(0.096, -0.20800000000000002, -1.62)
34.7119671421,(-0.23600000000000002, -0.076, -1.516)
34.5761139421,(0.124, -0.22, -0.132)
34.4265232421,(-0.28800000000000003, -0.272, -1.436)
34.2218950422,(-0.40800000000000003, 0.0, -0.876)
34.0139418422,(0.244, -0.084, 0.17200000000000001)
33.9867636422,(0.168, -0.108, -0.5720000000000001)
34.0981854422,(0.124, -0.52, -1.024)
34.0722322422,(0.352, -0.212, -0.024)
33.8486165423,(0.24, -0.52, -0.712)
33.6103883423,(1.056, -0.004, -1.704)
33.6425351423,(0.468, -0.524, -0.484)
33.9030569423,(-0.10400000000000001, 0.028, -1.096)
34.2465287422,(-0.28, -0.192, 0.1)
34.7501255421,(0.228, -0.132, -1.028)
35.3156723419,(-0.324, 0.168, -1.04)
35.8880441418,(-0.364, 0.0, -0.976)
36.4436159417,(0.044, -0.052000000000000005, -0.8200000000000001)
36.9656752416,(-0.252, -0.168, -0.74)
37.4288470415,(-0.41600000000000004, -0.132, -1.44)
37.8872063413,(-0.148, -0.128, -0.88)
38.4387531412,(-0.08, 0.20400000000000001, -0.68)
38.9348249411,(-0.212, 0.40800000000000003, -0.856)
39.426084241,(-0.496, 0.076, -0.8200000000000001)
39.9536560409,(-0.212, -0.164, -0.38)
40.4223403408,(-0.47600000000000003, -0.424, -0.12)
40.9792246406,(0.148, 0.672, -1.452)
41.6387464405,(-0.028, 0.168, -1.04)
42.3288057403,(0.068, -0.136, -1.0)
43.0281400402,(-0.276, -0.132, -0.788)
43.64872434,(-0.376, 0.092, -0.892)
44.2485711399,(0.444, 0.184, -1.028)
44.9288304397,(0.41200000000000003, 0.26, -0.848)
45.7298397396,(0.41200000000000003, 0.036000000000000004, 0.052000000000000005)
46.6900990393,(-0.084, 0.41200000000000003, -0.648)
47.7098583391,(-0.028, -0.5720000000000001, -0.864)
48.6564676389,(0.28800000000000003, -0.332, -1.3)
49.5749894387,(-0.192, 0.148, -0.908)
50.4905362385,(-0.16, -0.068, -1.048)
51.3359955383,(0.10400000000000001, -0.228, -0.42)
52.2179423381,(-0.492, 0.156, -0.9520000000000001)
53.1416266379,(-0.41600000000000004, -0.16, -1.048)
54.0338109377,(0.128, 0.17200000000000001, -0.9480000000000001)
54.9979202374,(0.484, -0.096, -0.864)
55.9788295372,(0.396, 0.148, -1.156)
56.955538837,(0.536, 0.28800000000000003, -0.62)
57.9959481368,(0.5, 1.104, -1.24)
59.1140574365,(0.036000000000000004, 0.048, 0.016)
60.1825542363,(-0.076, 0.056, -0.5720000000000001)
61.156376036,(-0.128, 0.248, -1.436)
62.1600353358,(-0.248, 0.044, -0.744)
63.1481196356,(0.5, -0.22, -1.312)
64.1275414354,(0.18, 0.496, -0.96)
65.1240257351,(0.164, -0.08, 0.036000000000000004)
66.1247100349,(0.448, 0.16, -0.872)
67.1432443347,(0.14, 0.076, -0.812)
68.2471786344,(0.192, 0.432, -0.548)
69.3621379342,(0.252, 0.324, -1.188)
70.4307222339,(-0.092, -0.524, -0.508)
71.5294940337,(-0.14400000000000002, -0.112, -0.444)
72.5881908334,(-0.14400000000000002, 0.02, -1.48)
73.6121501332,(0.12, -0.012, -1.308)
74.663846933,(-0.10400000000000001, 0.088, -0.52)
75.7139687327,(-0.088, 0.184, -1.004)
76.7955030325,(-0.448, -0.404, -0.544)
77.8196373322,(0.292, -0.4, -1.344)
78.750671632,(0.108, 0.016, -0.604)
79.7780434318,(0.608, 0.108, -0.712)
80.8893277315,(0.296, 0.792, -1.46)
82.0552120313,(-0.32, 0.24, -0.6880000000000001)
83.203946331,(0.508, -0.192, -1.348)
84.3049931308,(0.332, 0.07200000000000001, -1.096)
85.4699149305,(0.28, 0.41600000000000004, -1.112)
86.6146242302,(0.512, -0.20800000000000002, -0.336)
87.73728353,(0.648, -0.07200000000000001, -1.308)
88.8348303297,(-0.404, 0.368, -1.448)
89.9114646295,(0.252, -0.364, -0.468)
91.0263364292,(0.328, 0.092, -0.556)
92.2070082289,(0.17200000000000001, 0.316, -1.544)
93.4029925287,(-0.244, 0.0, -0.268)
94.5482268284,(0.28800000000000003, 0.108, -1.104)
95.7274111281,(0.156, -0.02, -1.336)
96.8849829279,(-0.724, 0.116, -0.708)
98.0150797276,(-0.528, 0.064, -1.744)
99.1524390274,(-0.332, -0.108, -1.8760000000000001)
100.274573327,(-0.1, -0.252, -1.02)
101.446145127,(-0.428, 0.41200000000000003, -0.612)
102.654554427,(0.228, -0.248, 0.088)
103.878626226,(0.468, 0.272, -0.736)
105.113285526,(0.064, 0.52, -0.604)
106.349607326,(0.432, -0.2, -0.28)
107.560116625,(-0.192, -0.372, -1.588)
108.742013425,(-0.36, -0.536, -1.084)
109.918572725,(-0.116, -0.036000000000000004, -0.196)
111.045782025,(-0.04, 0.088, -0.5640000000000001)
112.015578824,(0.2, 0.136, -1.576)
112.909425624,(-1.1, 0.5, -0.632)
113.766084924,(-0.528, 0.188, -0.584)
114.431206724,(-0.92, 0.032, -1.4000000000000001)
115.034641024,(0.228, -0.02, -0.34800000000000003)
115.581287824,(-0.22, 0.212, -1.192)
116.017509624,(0.032, -0.188, -1.668)
116.423368923,(-0.88, -0.376, -0.712)
116.695615723,(-0.484, 0.592, -1.416)
116.843175023,(-0.14, 0.352, -1.416)
116.840409323,(0.424, 0.232, -1.728)
116.659406123,(-1.024, 0.384, -0.992)
116.476915423,(-0.808, 0.132, -0.456)
116.325837223,(-0.112, -0.108, 0.28)
116.160409023,(-0.884, -0.116, -1.068)
115.980018324,(-0.092, -0.8, -1.1360000000000001)
115.787640124,(-0.34800000000000003, -0.34800000000000003, -1.324)
115.579161924,(-0.128, -0.07200000000000001, -0.448)
115.417321224,(-0.316, -0.092, -1.468)
115.289343024,(-0.296, -0.012, -1.564)
115.176502324,(0.108, -0.264, -0.7000000000000001)
115.078886624,(0.17200000000000001, -0.484, -1.436)
114.970420924,(-0.152, -0.544, 0.064)
114.852592724,(0.428, -0.064, -0.46)
114.675089524,(0.18, 0.048, -0.772)
114.491023824,(-0.028, 0.10400000000000001, -0.264)
114.292345624,(-0.612, 0.44, -0.148)
114.084654924,(0.064, -0.088, -1.172)
113.898226724,(-0.41200000000000003, -0.22, -0.32)
113.722036024,(-0.124, -0.304, -0.924)
113.600182824,(-0.492, -0.212, 0.044)
113.475354624,(0.396, 0.496, -0.42)
113.306776424,(-0.4, 0.048, -0.08)
113.077823224,(-0.636, 0.228, -0.984)
112.862432524,(-0.244, -0.112, -0.856)
112.708904324,(-0.232, 0.292, -0.968)
112.505938624,(0.58, 0.312, -1.08)
112.261147924,(0.1, 0.404, -1.008)
112.026944724,(-0.424, 0.468, -0.3)
111.950329024,(-0.312, 0.168, -0.932)
111.868550824,(-0.672, -0.136, -1.0)
111.647035125,(-0.34, 0.092, -0.228)
111.490006925,(-0.312, -0.20800000000000002, -0.032)
111.344616225,(-0.112, -0.36, -1.868)
111.183213025,(-0.22, -0.592, 0.068)
111.012797325,(0.768, 0.0, -1.496)
110.838094125,(0.128, -0.18, -1.624)
110.712478425,(-0.632, -0.04, -1.156)
110.591675225,(0.28800000000000003, 0.14, -0.9560000000000001)
110.449084525,(-0.772, 0.292, -0.308)
110.293456325,(-0.372, 0.464, -0.76)
110.158740625,(-0.112, 0.292, -1.124)
110.052812425,(0.128, 0.068, -0.62)
109.889834225,(-0.38, 0.152, -0.20400000000000001)
109.702968525,(0.34800000000000003, -0.02, -0.912)
109.518465325,(0.44, -0.484, 0.156)
109.357237125,(0.07200000000000001, 0.188, -1.1480000000000001)
109.181571425,(-0.6, 0.02, -0.804)
108.970643225,(-0.084, -0.1, -0.704)
108.820790025,(-0.364, -0.264, -1.58)
108.822311825,(0.324, 0.124, -1.34)
108.830046125,(0.16, -0.14, -0.924)
108.657617925,(-0.23600000000000002, -0.404, -0.3)
108.443714725,(-0.23600000000000002, -0.112, -0.856)
108.231211525,(0.124, 0.02, -0.612)
108.008383325,(0.116, -0.108, -0.372)
107.955480125,(0.44, -0.4, -0.436)
108.061826925,(1.008, 0.16, -1.056)
108.057748725,(-0.028, -0.004, -0.728)
107.903345525,(-0.088, -0.188, -0.484)
107.687954825,(-0.628, -0.20400000000000001, -1.3960000000000001)
107.478776625,(-0.028, -0.02, -0.676)
107.268110926,(-0.10400000000000001, 0.02, -0.34)
107.049745226,(-0.124, 0.684, -1.616)
106.854129526,(0.056, 0.444, -1.3760000000000001)
106.688351326,(-0.092, 0.248, -1.668)
106.539373126,(-0.10400000000000001, -0.064, -0.8240000000000001)
106.382694926,(-0.548, 0.18, -1.468)
106.197841726,(-0.28800000000000003, -0.224, -1.024)
106.042213526,(-0.28400000000000003, -0.192, -1.372)
105.930247826,(-1.096, 0.372, -1.9160000000000001)
105.816269626,(-1.052, 0.012, -1.264)
105.713403926,(-0.41200000000000003, -0.256, -0.672)
105.584200726,(0.22, 0.14400000000000002, -1.1520000000000001)
105.442922526,(-0.188, 0.16, -1.048)
105.304444326,(-0.872, 0.132, -1.252)
105.140941126,(0.124, -0.096, -1.704)
104.970437926,(0.324, 0.324, -1.804)
104.797922226,(0.68, -0.108, -0.868)
104.656731526,(-0.664, -0.17200000000000001, -1.336)
104.570753326,(-0.156, 0.452, -1.232)
104.385375126,(-0.852, 1.032, -1.816)
104.143646926,(-0.768, 0.468, -1.3840000000000001)
103.956081226,(-0.592, -0.012, -0.52)
103.791178026,(0.064, 0.38, -0.584)
103.658299826,(0.048, -0.6880000000000001, -0.064)
103.506434126,(0.252, -0.54, -1.4040000000000001)
103.310730926,(0.08, 0.02, -0.92)
103.122115226,(-0.016, 0.436, -1.72)
102.963512026,(0.124, 0.088, -0.28800000000000003)
102.796421327,(0.316, 0.024, -1.492)
102.485130627,(-0.852, -0.12, -1.852)
102.203414927,(-0.504, -0.252, -1.78)
102.089436727,(-0.424, -0.4, -0.368)
101.974321027,(0.32, -0.5680000000000001, -0.92)
101.826042827,(-0.58, 0.228, 0.024)
101.638739627,(-0.932, -0.1, -0.744)
101.422211427,(-0.08, -0.248, -0.304)
101.260808227,(-0.28, -0.224, -1.3960000000000001)
101.331280027,(-0.672, 0.064, -1.864)
101.642726827,(-1.044, 0.16, -1.1)
102.062148627,(0.024, -0.244, -0.396)
102.605382927,(-0.272, -0.148, -1.244)
103.215992226,(0.112, -0.12, -0.672)
103.804726526,(-0.528, -0.08, -0.56)
104.333260826,(0.784, -0.424, -0.372)
104.851907626,(-0.20400000000000001, -0.264, -0.704)
105.437054426,(-0.18, -0.164, -1.284)
106.081001226,(-0.392, -0.28, -0.68)
106.760385526,(-0.544, 0.36, -0.844)
107.441869825,(-0.124, 0.128, -0.732)
108.172529125,(-0.07200000000000001, -0.028, -1.832)
108.937838425,(-0.216, 0.108, -1.752)
109.642685225,(0.196, -0.22, -1.6560000000000001)
110.374569525,(0.312, 0.028, -1.284)
111.165078825,(-0.32, -0.092, -0.96)
111.886550624,(-0.08, 0.02, -0.216)
112.603734924,(-0.20400000000000001, 0.0, -1.288)
113.372369224,(-0.14400000000000002, -0.304, -1.264)
114.150191024,(-0.168, -0.38, -0.988)
115.003262824,(-0.264, 0.08, -0.252)
115.885297124,(-0.168, -0.428, -0.116)
116.811693923,(0.116, 0.52, -1.476)
117.796803223,(-0.064, 0.24, -0.8160000000000001)
118.726612523,(-0.20800000000000002, -0.2, -1.228)
119.622384323,(-0.492, 0.536, -1.232)
120.524281122,(-0.276, 0.07200000000000001, -0.764)
121.489790422,(0.064, -0.748, -0.316)
122.512174722,(-0.244, 0.07200000000000001, -0.88)
123.628796522,(-0.292, 0.484, -1.576)
124.779630822,(-0.228, 0.088, 0.244)
125.853640121,(0.272, 0.036000000000000004, -0.836)
126.948561921,(-0.056, 0.14400000000000002, -0.536)
128.051008721,(-0.336, 0.2, -0.612)
129.002168021,(0.068, -0.108, -0.448)
129.88918982,(-0.164, -0.32, -0.972)
130.79414912,(-0.028, -0.152, -0.6960000000000001)
131.62114592,(0.176, -0.156, -0.424)
132.40693022,(0.024, 0.10400000000000001, -1.368)
133.22263952,(-0.54, 0.048, -0.548)
134.099423819,(-0.5720000000000001,