0.0334183499924,-0.0176976386152 0.0
0.117755049973,-0.0176976386152 0.0
0.111179249975,0.902579569376 0.77869609907
359.99654095,1.34502053476 1.07955595553
359.88724015,1.80515913875 1.41581108922
359.88390185,2.30069301998 1.8582520546
0.0343010499922,2.81392453982 2.35378593582
0.0996502499772,3.91117813396 3.43334189135
359.96348695,4.51289784688 4.03506160427
359.82548615,5.15001283703 4.67217659442
359.82206035,8.70723819869 8.15861140162
359.88968455,15.2376668477 14.5120636645
359.87969625,20.423074962 19.6797741401
359.79244545,21.3079568927 20.5646560709
359.67789465,22.1928388235 21.4495380016
359.65766885,31.9442377005 31.18323924
359.74436805,40.1028491021 39.2179671713
359.82879225,42.8813783647 41.9257058795
359.93701645,45.6776052659 44.6334445876
359.95117815,55.517492336 54.367145826
359.83452735,56.3846766281 55.2520277567
359.83591405,59.0747176976 57.8535806332
359.79127575,62.2956879256 61.7824564057
359.45884995,62.9505005543 62.968198193
358.84607415,63.6053131831 64.1893352574
358.09006085,64.2601258119 65.4635652377
357.405972551,64.897240802 66.7554928566
356.726171751,65.5343557922 68.0297228369
356.066495951,66.1714707823 69.3216504558
355.481457651,66.8085857725 70.6666709906
354.866494351,67.4633984012 71.9585986095
354.190981051,68.1005133914 73.2505262284
353.524742751,68.6845354657 74.5070585701
352.919491952,69.2862551786 75.798986189
352.352566152,69.8702772529 77.0732161693
351.737602852,70.4719969658 78.329748511
351.011602052,71.0560190401 79.6393737685
350.221026252,71.7285293075 80.8074179171
349.508762952,72.5957135996 81.8338809568
349.051824652,73.5159908076 82.7718558034
348.984961353,74.5070585701 83.70983065
349.102810552,75.5158239712 84.6124102194
349.109884752,76.5422870108 85.550385066
349.119671452,77.4625642188 86.4175693581
349.219320652,78.4005390654 87.3201489275
349.231819852,79.338513912 88.2227284969
349.159094052,84.0106905065 92.771021621
349.083568252,87.5325205909 96.2751540668
349.000254953,89.3022844524 98.0095226511
348.886404153,90.2048640218 98.9297998591
348.773515853,91.0720483139 99.8146817899
348.773415053,96.3459446213 105.000089904
348.880326753,98.9651951363 107.530852226
348.991613453,99.8677747057 108.398036518
349.003412653,100.734958998 109.247523172
348.936024353,101.60214329 110.114707464
348.859186053,102.487025221 110.999589395
348.851735253,104.256789082 112.751655618
348.941496953,107.849409721 116.220392786
348.952596153,118.114040118 126.184163327
348.821507853,123.370238787 131.404966718
348.669594553,124.237423079 132.27215101
348.564406253,132.926963639 140.784715184
348.473830453,137.2628851 145.120636645
348.394892153,138.165464669 146.023216214
348.395403853,143.439360976 151.226321967
348.375178053,144.324242907 152.111203898
348.262289753,149.598139214 157.278914373
348.160776453,151.332507799 159.030980596
348.080875653,158.411563245 165.968454934
348.092587353,161.048511399 168.534612533
348.190749053,161.968788607 169.419494464
348.179273253,166.304710067 173.720020647
348.059209953,167.189591998 174.587204939
348.042746653,174.215554528 181.560074554
348.128045853,176.020713667 183.312140776
348.133370053,180.498216237 187.665759876
348.065281753,183.205954945 190.338103307
347.990893453,185.895996014 192.992749099
348.002342653,189.541709569 196.496881545
348.115729353,190.4265915 197.32867056
348.214066053,191.311473431 198.21355249
348.213615253,192.196355361 199.080736783
348.127239453,193.063539653 199.930223436
348.121801153,198.355133599 205.151026828
348.212612853,208.31890414 214.920123343
348.313574553,214.672356403 221.114296859
348.398961253,217.397792749 223.804337928
348.389847953,218.318069957 224.706917497
348.306884653,219.273742443 225.609497067
348.298296353,221.09659922 227.396958567
348.297320553,225.680287621 231.892158775
348.304394753,229.27290826 235.449384137
348.398006453,243.607995539 249.501309197
348.400093153,245.448549955 251.359561252
348.417929853,249.97914544 255.783970906
348.523179053,255.430018134 261.09326249
348.512403253,259.925218342 265.553067421
348.544852453,263.517838981 269.074897506
348.669789153,267.092761981 272.579029952
348.679575853,274.278003259 279.569597205
348.601600053,276.171650591 281.445546898
348.604736753,282.43661466 287.622022775
348.718560953,283.356891868 288.506904705
348.821447653,284.277169076 289.374088998
348.889859353,286.082328215 291.161550498
348.847321053,287.887487354 292.949011998
348.700307753,293.267569493 298.276001221
348.566244453,294.134753785 299.143185513
348.557568653,297.727374424 302.611922682
348.716717853,298.647651632 303.461409335
348.876479553,300.417415493 305.178080281
348.896853753,304.841825147 309.496304103
348.905852953,313.796830287 318.327425772
349.007514653,317.424846203 321.813860579
349.020276353,319.814027416 324.751668589
348.818313053,320.451142406 325.937410377
348.421837253,321.105955035 327.158547441
347.848961453,321.743070025 328.397382144
347.171260653,322.362487376 329.653914486
346.467222353,322.999602366 330.928144466
345.749096553,323.619019718 332.202374446
345.050045753,324.238437069 333.476604427
344.322732454,324.840156782 334.750834407
343.572581654,325.459574134 336.025064387
342.907130854,326.185177317 337.210806174
342.375467554,327.087756887 338.254966853
342.073054254,328.06112701 339.228336977
342.095353454,330.096355451 341.015798477
342.309802654,331.122818491 341.882982769
342.511476854,332.14928153 342.803259977
342.548388554,334.060626501 344.661512031
342.462712754,334.998601348 345.617184517
342.384386954,335.936576194 346.537461725
342.280861154,336.856853402 347.457738933
342.163335354,350.360151666 360.819456087
342.071184554,351.262731235 361.704338018
342.076071254,354.890747151 365.243865741
342.058907954,355.811024359 366.164142949
342.030632154,360.288526929 370.535459687
342.011631354,362.05829079 372.305223548
341.991930554,365.704004345 375.756263078
342.056404754,367.491465845 377.52602694
342.053416454,371.030993568 381.012461747
342.057778154,371.951270776 381.932738955
342.065289854,380.853183 390.746162985
341.992039054,392.374345738 402.125744615
341.917825754,394.126411961 403.860113199
341.929537454,403.895508477 413.43453569
341.938624154,408.284522853 417.823550067
341.856273354,409.169404784 418.726129636
341.774447554,411.806352938 421.398473067
341.692359254,414.443301091 424.035421221
341.692433454,418.867710745 428.406737959
341.706245154,430.371175845 439.786319588
341.715681854,433.078914553 442.423267742
341.822156054,433.999191761 443.308149673
341.923117754,438.476694331 447.661768772
341.903504454,442.9541969 452.086178426
341.801553654,444.723960762 453.94443048
341.712990354,445.608842693 454.84701005
341.632039554,451.856109124 461.023485927
341.667638754,461.625205639 470.668698972
341.774025454,466.952194863 475.871804725
341.859937154,467.872472071 476.721291378
341.873748854,471.394302155 480.172330908
341.723148054,473.854273923 483.198627111
341.337609754,474.491388913 484.384368899
340.690621454,475.128503903 485.64090124
339.943883155,475.765618893 486.897433582
339.226719855,476.385036245 488.20705884
338.533356555,477.039848873 489.498986458
337.863268255,477.659266225 490.773216439
337.222142455,478.296381215 492.047446419
336.492904155,478.933496205 493.268583483
335.678615856,479.712192304 494.295046523
335.104952556,480.632469512 495.321509563
334.978501756,484.579042923 498.967223118
334.974025956,488.295547033 502.630634311
334.878200156,489.215824241 503.550911519
334.783074356,492.012051142 506.258650227
334.779298556,493.905698474 508.028414089
334.870197756,494.825975682 508.930993658
334.975796956,495.728555251 509.833573227
334.999058656,500.259150736 514.222587604
335.000970356,502.082007514 515.974653827
335.094319556,507.479787292 521.283945411
335.201581256,508.417762138 522.186524981
335.213205456,517.301976723 530.876065541
335.132254656,523.4784526 536.999448502
335.127428856,527.955955169 541.37076524
335.124090556,533.282944392 546.573870993
335.114627256,536.875565031 550.042608161
335.187063956,542.237949532 555.316504468
335.180925656,548.39672777 561.457585068
335.097437356,551.936255493 564.979415152
335.026636556,555.404992662 568.695919262
334.715910756,556.095200568 569.881661049
334.101909956,556.714617919 571.102798113
333.341084156,557.334035271 572.359330455
332.503783356,557.953452622 573.598165158
331.687920056,558.572869974 574.925488054
330.912306757,559.209984964 576.217415673
330.176505957,559.847099954 577.491645653
329.468267657,560.484214944 578.801270911
328.813404357,561.103632296 580.128593807
328.149091057,561.758444924 581.473614342
327.382227757,562.554838662 582.606263213
326.669876958,563.457418231 583.615028614
326.283901158,564.413090717 584.588398738
326.249325358,567.368596365 587.296137446
326.381437058,568.359664128 588.216414654
326.540148758,569.297638974 589.118994224
326.662285458,570.235613821 590.021573793
326.664897158,581.031173376 600.710947516
326.584383858,581.933752946 601.613527086
326.512445558,584.004376664 603.684150804
326.431932258,585.827233441 605.453914665
326.348093958,591.189617942 610.816299166
326.347555658,598.445649774 617.91305225
326.429704858,601.17108612 620.585395681
326.516579058,603.896522467 623.29313439
326.511228258,616.479543523 635.716876697
326.429314958,617.382123092 636.654851544
326.343289158,618.284702661 637.575128752
326.231363358,619.187282231 638.49540596
326.107187558,620.0898618 639.397985529
326.093961758,623.717877716 642.97290853
326.090623458,627.328195994 646.54783153
326.090260158,629.133355133 648.299897753
326.191396858,630.089027618 649.202477322
326.200571058,630.973909549 650.069661614
326.205195258,632.779068687 651.874820753
326.291719458,643.61002352 662.599589754
326.377893658,645.450577936 664.387051254
326.372717858,652.706609768 671.554594893
326.257204558,653.609189337 672.474872101
326.223678758,657.41418164 676.155980933
326.295590458,671.85545475 690.296394187
326.370564658,672.775731958 691.216671395
326.440463858,677.288629805 695.658778687
326.431963058,681.783830013 700.047793064
326.347862258,682.686409582 700.932674995
326.270936458,688.862885459 707.073755594
326.198385658,689.765465028 707.994032802
326.112097358,700.34865292 718.311756115
326.009534058,701.25123249 719.196638045
325.902420758,703.003298712 720.966401907
325.910369958,704.773062574 722.700770491
326.049219158,707.445406005 725.355416284
326.089280858,709.215169866 727.160575422
326.017605058,710.100051797 728.027759714
326.030804258,710.967236089 728.877246368
326.047328458,712.772395228 730.647010229
325.983790158,724.275860328 741.973498943
325.902576858,726.04562419 743.725565166
325.790651058,728.735665259 746.344815681
325.695087758,729.62054719 747.247395251
325.630236958,734.929838774 752.415105726
325.554273658,736.699602636 754.184869588
325.554347858,738.504761775 755.954633449
325.632472058,741.159407567 758.591581603
325.698521258,742.2743588 759.741928113
325.688007958,744.026425023 761.56478489
325.562257158,744.752028206 762.662038484
325.355306358,745.424538473 763.900873187
324.927943058,746.079351102 765.086614975
324.212704758,746.734163731 766.272356762
323.440241458,747.371278721 767.475796188
322.734715659,748.008393711 768.679235614
322.073814859,748.627811063 769.918070317
321.421051559,749.264926053 771.15690502
320.764700759,749.884343404 772.431135
320.077812459,750.521458394 773.687667342
319.302811659,751.264759216 774.784920936
318.714360859,752.149641147 775.775988698
318.625360059,754.114079033 777.598845476
318.809796759,755.158239712 778.519122684
318.980933459,756.20240039 779.439399892
319.096770159,759.1402084 782.217929154
319.063331859,763.830082633 786.677734085
318.960331059,764.785755118 787.598011293
318.960405259,765.723729965 788.500590863
318.948229459,769.334048242 792.075513863
318.862028659,774.643339827 797.437898363
318.852040359,780.961396813 803.649769517
318.919664559,790.040285422 812.498588825
318.990788759,793.721394254 816.038116548
319.075475459,796.482225878 818.675064702
319.065749659,798.305082655 820.427130924
318.974123859,802.800282864 824.886935856
318.875235559,803.578978963 826.001887088
318.677384759,804.25148923 827.276117069
318.22744646,804.977092413 828.815811628
317.50162066,805.667300319 830.178529801
316.63631986,806.499089334 831.328876311
315.95258156,807.419366542 832.319944074
315.80539326,809.330711513 834.107405574
315.94091746,811.348242315 835.965657629
316.06874166,812.268519523 836.850539559
316.22421586,813.206494369 837.753119129
316.26874006,816.90530084 841.381135045
316.19505176,817.843275687 842.319109892
316.19346346,824.267518504 848.6017716
316.27360016,826.178863474 850.406930739
316.39066186,827.116838321 851.274115031
316.49512356,828.054813168 852.141299323
316.57797276,842.460691 866.458688963
316.67770946,845.15073207 869.148730032
316.76633366,847.893866055 871.874166379
316.77104536,852.512949734 876.422459503
316.70111956,853.433226942 877.325039072
316.69550626,857.132033412 880.93535735
316.76146796,858.087705898 881.820239281
316.83337966,860.86623516 884.457187434
316.91719136,861.786512368 885.306674088
316.92067806,865.4676212 888.881597088
316.83132726,866.352503131 889.784176658
316.82160146,875.395996463 898.70378652
316.90147566,880.758380964 903.995380466
316.97723736,891.518545242 914.525475442
317.04853656,895.164258797 917.99421261
317.12447326,897.836602227 920.542672571
317.11710996,899.765644837 922.418622264
317.10475916,901.570803975 924.170688487
317.09914586,905.97751599 928.559702863
316.99754506,911.074435912 933.992877918
316.73231926,911.72924854 935.231712621
316.23285596,912.366363531 936.52364024
315.56119266,913.003478521 937.815567859
314.76615436,913.640593511 939.125193117
313.954841061,914.277708501 940.399423097
313.186227761,914.967916407 941.868327102
312.489364461,915.56963612 943.160254721
311.823301161,916.20675111 944.469879979
311.180687861,917.003144848 945.549435934
310.635549561,917.923422056 946.522806058
310.265061261,918.879094541 947.425385627
310.237397961,920.861230066 949.195149489
310.425422161,921.799204912 950.044636142
310.483946361,928.117261898 956.150321465
310.480258061,931.727580176 959.619058633
310.479807261,940.010075048 967.795367673
310.498606461,948.770406162 976.484908234
310.582505661,957.849294772 985.422215734
310.651004861,960.539335841 987.970675695
310.656329061,972.148986773 999.314862047
310.557003261,973.033868704 1000.18204634
310.455664961,974.768237288 1001.98720548
310.375239161,975.688514496 1002.87208741
310.379163361,976.573396427 1003.7392717
310.472512561,977.493673635 1004.62415363
310.444849261,980.785434417 1008.58842468
310.153023461,981.440247046 1009.80956175
309.626960162,982.095059675 1011.08379173
308.917321862,982.767569942 1012.34032407
308.098483562,983.422382571 1013.56146113
307.296795262,984.041799922 1014.76490056
306.544894462,984.678914912 1015.95064235
305.882593662,985.280634625 1017.18947705
305.266230362,985.900051977 1018.46370703
304.584942063,986.537166967 1019.72023937
303.827966263,987.191979596 1020.9236788
303.096802963,988.006070972 1021.95014184
302.590427163,988.908650541 1022.9412096
302.331326363,989.864323027 1023.87918445
302.292113063,990.855390789 1024.76406638
302.413987263,991.881853829 1025.63125067
302.559923963,993.810896438 1027.41871217
302.704548163,994.731173646 1028.3035941
302.727197363,1001.24390466 1034.60395345
302.715109063,1003.08445907 1036.39141495
302.698295763,1004.88961821 1038.17887645
302.605094963,1007.61505456 1040.88661515
302.605431663,1011.22537284 1044.46153815
302.606730863,1015.68517777 1048.95673836
302.610130063,1022.97660488 1056.124282
302.695604263,1037.68334256 1070.53015983
302.666715963,1041.2759632 1074.14047811
302.545602663,1042.17854277 1075.06075532
302.455289363,1043.11651762 1075.98103253
302.448801063,1054.03596065 1086.81198736
302.515462763,1056.81448991 1089.50202843
302.514749463,1058.65504432 1091.32488521
302.432573663,1061.38048067 1094.05032155
302.351360363,1065.11468242 1097.69603511
302.260084563,1067.64544474 1100.93470298
301.971058763,1068.30025737 1102.20893296
301.394770463,1068.93737236 1103.53625585
300.676294664,1069.57448735 1104.86357875
299.894906364,1070.21160234 1106.19090164
299.088930564,1070.84871733 1107.53592218
298.307979764,1071.45043704 1108.91633799
297.538666464,1072.05215676 1110.26135853
296.750453164,1072.65387647 1111.67716962
295.969502365,1073.3086891 1113.26995709
295.164926565,1074.03429228 1114.56188471
294.377150765,1074.90147657 1115.64144067
293.799899965,1075.83945142 1116.65020607
293.497924165,1076.84821682 1117.62357619
293.442435865,1077.83928458 1118.57924868
293.534997565,1078.86574762 1119.51722352
293.670696765,1081.76816036 1122.24265987
293.791958465,1085.66164085 1125.99455925
293.800082665,1086.5996157 1126.9325341
293.837431865,1093.13004435 1133.32138164
293.964993565,1095.94396889 1136.06451563
294.068055265,1097.85531386 1137.83427949
294.173129465,1098.81098634 1138.7545567
294.177403665,1103.41237238 1143.2497569
294.040802865,1108.88094271 1148.64753668
293.894489565,1109.78352228 1149.56781389
293.874001265,1115.25209262 1154.93019839
293.957987965,1116.17236982 1155.81508032
293.942312165,1120.70296531 1160.29258289
293.934248865,1127.23339396 1166.75222099
294.027510565,1128.1713688 1167.65480056
294.109309765,1129.09164601 1168.55738012
294.106933965,1137.30335033 1176.59210806
294.096333165,1141.86934109 1181.05191299
294.096669865,1145.49735701 1184.64453363
294.101644065,1158.15116862 1197.10367121
294.096993265,1163.63743659 1202.51914863
294.099517465,1167.31854542 1206.14716454
294.188141665,1170.07937705 1208.81950797
294.198978365,1177.44159471 1216.02244689
294.128090065,1178.34417428 1216.92502646
294.132801765,1183.83044225 1222.35820151
294.225625965,1184.75071946 1223.26078108
294.323700165,1186.60897151 1225.01284731
294.427111865,1187.564644 1225.91542688
294.447223565,1190.34317326 1228.64086322
294.447822765,1200.43082727 1238.55154085
294.534434465,1202.30677696 1240.35669999
294.634171165,1203.22705417 1241.24158192
294.647282865,1211.47415377 1249.32940276
294.561257065,1212.3590357 1250.2142847
294.458693765,1213.27931291 1251.11686426
294.369605465,1216.02244689 1253.87769589
294.386042165,1220.57074001 1258.35519846
294.475016365,1221.47331958 1259.20468511
294.552615565,1222.37589915 1260.05417177
294.559339765,1227.80907421 1265.39885863
294.575076465,1232.30427442 1269.84096592
294.679363165,1233.20685399 1270.72584785
294.796862365,1235.96768561 1273.34509837
294.913836565,1248.60379958 1285.69805012
295.002898265,1249.50637915 1286.58293205
295.075159965,1255.77134322 1292.74171029
295.077159165,1259.34626622 1296.22814509
295.004783365,1262.03630729 1298.86509325
295.005557565,1266.51380986 1303.30720054
295.077206765,1267.41638943 1304.22747775
295.149030965,1270.1064305 1306.82903063
295.235030165,1271.00901007 1307.71391256
295.344916865,1271.893892 1308.59879449
295.475803565,1283.68051932 1320.08456195
295.595927765,1286.40595566 1322.75690538
295.608689465,1292.72401265 1329.00417181
295.535526165,1293.64428986 1329.90675138
295.542075365,1295.449449 1331.6588176
295.637787065,1306.4042873 1342.41898188
295.724398765,1308.22714408 1344.18874574
295.793160465,1310.97027806 1346.87878681
295.871372165,1317.37682324 1353.12605324
295.831808865,1323.51790384 1359.55029606
295.575420565,1324.17271647 1360.71834021
295.107282265,1324.79213382 1361.95717491
294.506406465,1325.42924881 1363.26680017
293.830893165,1326.0663638 1364.55872779
293.038392365,1326.68578115 1365.85065541
292.222529065,1327.28750086 1367.1779783
291.463890766,1327.87152294 1368.55839412
290.706827466,1328.45554501 1369.93880993
289.953089166,1329.03956709 1371.35462102
289.199700866,1329.60589152 1372.78812974
288.331075066,1330.17221596 1374.20394083
287.362961767,1330.72084276 1375.61975192
286.398085967,1331.26946955 1377.05326065
285.450535167,1331.83579399 1378.50446702
284.476471867,1332.40211842 1379.93797574
283.476508567,1332.95074522 1381.42457739
282.531320268,1333.49937202 1382.87578375
281.608444468,1334.04799882 1384.34468776
280.690556168,1334.59662561 1385.81359176
279.771967868,1335.12755477 1387.28249577
278.794404569,1335.69387921 1388.75139978
277.810716269,1336.22480837 1390.1849085
276.881627969,1336.77343516 1391.75999834
275.974939669,1337.28666668 1393.05192596
275.060113869,1337.81759584 1394.46773705
274.13391307,1338.33082736 1395.88354814
273.17463727,1338.84405888 1397.35245214
272.17353647,1339.33959276 1398.75056559
271.13472317,1339.83512664 1400.16637668
270.118834871,1340.34835816 1401.59988541
269.159034071,1340.84389204 1403.06878941
268.155570771,1341.35712356 1404.53769342
267.115619971,1341.85265744 1406.00659742
266.075844171,1342.34819133 1407.47550143
264.979630872,1342.86142285 1408.89131252
263.864080072,1343.33925909 1410.34251889
262.778191772,1343.83479297 1411.79372525
261.733865972,1344.29493157 1413.26262926
260.718677673,1344.79046545 1414.71383562
259.679601873,1345.25060406 1416.14734435
258.598526073,1345.7284403 1417.61624836
257.504762773,1346.18857891 1419.06745472
256.422899474,1346.64871751 1420.51866109
255.366586174,1347.10885611 1421.93447218
254.350260374,1347.55129708 1423.35028327
253.340497074,1348.01143568 1424.783792
252.271671275,1348.45387665 1426.19960308
251.138182975,1348.89631761 1427.61541417
249.984219675,1349.35645622 1429.0489229
248.859481375,1349.79889718 1430.46473399
247.756793076,1350.25903579 1431.88054508
246.663904776,1350.70147675 1433.26096089
245.592366476,1351.14391772 1434.6413767
244.494315676,1351.58635868 1436.05718779
243.381477377,1352.02879965 1437.45530124
242.265751577,1352.45354298 1438.88880997
241.127800777,1352.89598394 1440.3223187
239.947062477,1353.33842491 1441.72043215
238.732811678,1353.79856351 1443.08315032
237.543235878,1354.24100448 1444.49896141
236.389360078,1354.6657478 1445.9147725
235.244409278,1355.10818877 1447.33058359
234.071458479,1355.53293209 1448.76409232
232.852570179,1355.95767542 1450.17990341
231.607169379,1356.40011639 1451.63110978
230.40989358,1356.82485971 1453.10001378
229.25391778,1357.28499832 1454.56891779
228.10362948,1357.74513692 1456.03782179
226.93829118,1358.20527553 1457.48902816
225.774615381,1358.66541413 1458.94023452
224.673152081,1359.12555273 1460.39144089
223.573701281,1359.60338898 1461.7718567
222.449400481,1360.08122522 1463.16997015
221.386524682,1360.70064257 1464.47959541
220.443523882,1361.49703631 1465.61224428
219.602198082,1362.38191824 1466.6741026
218.857822282,1363.30219545 1467.62977508
218.342696482,1364.18707738 1468.58544757
218.092433182,1365.07195931 1469.48802714
218.057769882,1369.62025243 1473.94783207
218.163194082,1370.522832 1474.832714
218.259780782,1373.21287307 1477.41656924
218.324167482,1374.13315028 1478.30145117
218.294841682,1379.37165131 1483.75232386
218.061728382,1380.04416158 1485.0088562
217.624740083,1380.69897421 1486.37157438
217.034101783,1381.3360892 1487.8050831
216.332513483,1381.97320419 1489.25628947
215.552262683,1382.59262154 1490.70749584
214.736399383,1383.17664361 1492.12330693
213.880636083,1383.74296805 1493.53911802
212.929410284,1384.29159484 1494.95492911
211.924896984,1384.92870983 1496.21146145
211.047346184,1385.74280121 1497.27331976
210.419257884,1386.64538078 1498.28208516
210.006944584,1387.58335563 1499.25545529
209.732093784,1388.50363283 1500.15803486
209.658492984,1389.37081713 1500.98982387
209.767067184,1390.2733967 1501.85700817
209.903291384,1391.21137154 1502.72419246
210.003640584,1393.01653068 1504.51165396
210.076602284,1401.12204917 1512.58177717
210.163038984,1402.04232638 1513.44896146
210.175188184,1403.7059044 1515.50188754
209.993087384,1404.37841467 1516.75841988
209.602736584,1405.0332273 1518.06804514
208.981473284,1405.67034229 1519.41306567
208.258884985,1406.30745728 1520.82887676
207.493859185,1406.92687463 1522.22699021
206.668808385,1407.52859435 1523.62510366
205.865195085,1408.13031406 1525.04091475
205.078206785,1408.69663849 1526.45672584
204.270305986,1409.35145112 1527.83714165
203.438605186,1410.11244958 1529.04058108
202.660891886,1410.82035513 1530.3325087
201.943291086,1411.45747012 1531.64213395
201.219477786,1412.07688747 1533.00485213
200.460314486,1412.69630482 1534.34987266
199.668163687,1413.2803269 1535.71259084
198.881612887,1413.86434897 1537.11070429
198.091299587,1414.43067341 1538.4911201
197.250411287,1415.01469548 1539.88923355
196.334710487,1415.70490339 1541.19885881
195.429859688,1416.5366924 1542.34920532
194.686708888,1417.47466725 1543.39336599
194.210958088,1418.41264209 1544.36673612
194.010832288,1419.35061694 1545.26931569
194.023418988,1420.30628943 1546.17189526
194.139693188,1421.27965955 1547.05677719
194.234529888,1425.03155894 1550.61400255
194.232329088,1426.83671808 1552.41916169
194.157853288,1432.32298605 1557.8346391
194.088714988,1435.04842239 1560.56007545
194.089226688,1436.88897681 1562.36523459
194.163675888,1439.63211079 1564.98448511
194.171012588,1449.52509078 1574.62969815
194.093124288,1461.84264726 1586.91185935
194.081123488,1466.39094038 1591.38936192
194.163360188,1467.31121759 1592.27424385
194.254259388,1472.69129973 1597.61893071
194.349183588,1475.39903844 1600.18508831
194.362032788,1477.25729049 1601.97254981
194.354669488,1479.9650292 1604.57410269
194.423518688,1480.86760877 1605.45898462
194.422805388,1487.96436185 1612.46724951
194.425767088,1489.71642807 1614.21931573
194.430741288,1491.55698249 1615.98907959
194.358365488,1496.88397171 1621.28067354
194.182827188,1506.33451073 1631.43911811
193.791863888,1506.98932336 1632.67795281
193.181275588,1507.60874071 1633.95218279
192.503924788,1508.26355334 1635.27950569
191.786411488,1508.90066833 1636.55373567
190.962410689,1509.50238805 1637.84566328
190.168072389,1510.1218054 1639.19068382
189.408034089,1510.70582747 1640.55340199
188.584908289,1511.30754719 1641.91612017
187.755744989,1512.05084801 1643.10186195
187.092394189,1512.93572994 1644.16372027
186.68034339,1513.89140242 1645.13709039
186.49124259,1514.86477255 1646.0573676
186.50286679,1515.83814267 1646.92455189
186.63069099,1516.82921043 1647.80943382
186.74906519,1517.8202782 1648.69431576
186.82587689,1521.57217758 1652.34002931
186.82087609,1523.37733672 1654.18058373
186.74080029,1524.29761393 1655.10086093
186.66124949,1525.23558878 1656.03883578
186.66718619,1526.15586598 1656.94141535
186.76543539,1536.95142554 1667.52460324
186.87287209,1541.55281158 1671.93131526
186.96324629,1542.47308879 1672.81619719
186.96839549,1553.14476487 1683.29319925
186.97765719,1554.94992401 1685.06296311
186.97825639,1559.3920313 1689.45197749
186.97535559,1571.00168223 1700.84925675
187.068529789,1571.92195944 1701.71644105
187.217091489,1572.84223665 1702.54823006
187.260390689,1593.38919508 1722.75893336
187.169464889,1597.88439529 1727.23643593
187.094551589,1605.14042712 1734.40397957
187.094363289,1606.06070433 1735.27116386
187.170649989,1616.94475208 1745.94283995
187.164336689,1618.82070177 1747.81878964
187.076823389,1621.4930452 1750.49113307
187.005847589,1632.2178142 1761.14511152
186.79425929,1634.62469306 1764.15371008
186.34230849,1635.24411041 1765.37484715
185.76523269,1635.8812254 1766.61368185
185.07081939,1636.51834039 1767.83481891
184.29678109,1637.13775774 1769.07365362
183.62686779,1637.77487273 1770.3478836
183.01645449,1638.42968536 1771.65750885
182.330966191,1639.06680035 1772.84325064
181.586940391,1639.6862177 1774.08208534
180.896814591,1640.39412324 1775.30322241
180.274851291,1641.27900518 1776.400476
179.756925491,1642.21698002 1777.4092414
179.509462191,1643.22574542 1778.38261153
179.521786391,1645.24327623 1780.22316594
179.611723091,1646.2874369 1781.14344315
179.714784791,1648.25187479 1782.91320701
179.900358991,1649.20754728 1783.79808894
180.076133191,1650.14552212 1784.70066851
180.101407391,1661.02956987 1795.40773988
180.107169091,1670.03766793 1804.16807099
180.178293291,1677.39988559 1811.21173116
180.259567491,1678.3201628 1812.11431073
180.347404191,1679.25813764 1813.03458794
180.419315891,1684.63821978 1818.32618188
180.498840091,1685.55849699 1819.19336617
180.485176791,1687.22207502 1821.21089698
180.223013491,1687.89458529 1822.44973168
179.713662691,1688.54939792 1823.7416593
179.018636891,1689.18651291 1825.05128456
178.223423592,1689.8236279 1826.39630509
177.393297792,1690.44304525 1827.74132563
176.548471992,1691.16864843 1828.94476505
175.773121192,1692.03583272 1829.97122809
175.176795392,1692.97380757 1830.94459822
174.863619592,1693.94717769 1831.88257306
174.850131292,1695.89391794 1833.6877322
175.011730492,1696.83189279 1834.59031177
175.150929692,1707.87521928 1845.33277841
175.238153892,1710.63605091 1848.00512184
175.250303092,1722.42267823 1859.52628458
175.179152292,1729.57252423 1866.55224711
175.182376492,1745.09335329 1881.84300687
175.050325692,1746.49146674 1884.21449045
174.587612392,1747.16397701 1885.48872043
173.947274092,1747.83648728 1886.81604332
173.257323293,1748.50899755 1888.14336622
172.545234993,1749.16381017 1889.47068912
171.807159193,1749.80092516 1890.78031437
171.055958393,1750.45573779 1892.10763727
170.359357593,1751.23443389 1893.27568142
169.774581793,1752.11931582 1894.3198421
169.427455994,1753.09268595 1895.29321222
169.393055194,1757.92414129 1899.75301715
169.507754393,1758.86211614 1900.63789908
169.611078593,1759.81778862 1901.55817629
169.691740293,1760.73806583 1902.4784535
169.669851993,1768.0117953 1909.64599714
169.566326193,1768.91437487 1910.54857671
169.572350393,1773.49806327 1914.990684
169.648637093,1774.43603812 1915.91096121
169.732798793,1778.98433124 1920.3530685
169.749585493,1785.32008587 1926.58263729
169.782472193,1795.19536821 1936.26324561
169.895071393,1796.13334306 1937.16582518
169.981070593,1797.07131791 1938.06840475
169.986832293,1803.37167725 1944.20948535
169.995481493,1809.74282715 1950.42135651
170.069930693,1810.680802 1951.34163371
170.148754893,1812.53905406 1953.09369994
170.226266593,1813.4770289 1953.99627951
170.293103293,1818.04301966 1958.42068916
170.370089993,1818.94559923 1959.30557109
170.376026693,1825.26365622 1965.55283752
170.385988393,1827.086513 1967.34029902
170.490012593,1829.79425171 1970.01264245
170.602349293,1832.51968805 1973.00354338
170.695348493,1833.42226762 1973.46368198
170.693847693,1835.20972912 1975.21574821
170.620071893,1836.99719062 1976.98551207
170.628983593,1846.92556588 1986.64842275
170.717345293,1854.05771425 1993.58589709
170.709631993,1858.53521682 1998.06339966
170.711718693,1860.32267832 1999.81546588
170.806555393,1866.48145655 2005.81496537
170.895704593,1867.40173376 2006.68214966
170.978028793,1868.30431333 2007.53163632
170.969002993,1870.09177483 2009.2660049
170.894877193,1870.97665676 2010.16858447
170.899763893,1888.79817885 2027.63615378
170.973600593,1889.71845606 2028.50333808
170.927474793,1895.64716499 2034.92758089
170.644048993,1896.28427998 2036.09562504
170.144148193,1896.90369733 2037.33445975
169.504072393,1897.55850996 2038.60868973
168.785509094,1898.17792731 2039.84752443
167.994145794,1898.77964703 2041.05096385
167.176007494,1899.38136674 2042.28979856
166.401794194,1900.05387701 2043.47554035
165.741155894,1900.90336366 2044.46660811
165.276167594,1901.82364087 2045.36918768
165.153654294,1903.77038112 2047.15664918
165.251203494,1904.7260536 2048.02383347
165.350327694,1905.66402845 2048.89101776
165.489089394,1906.58430566 2049.75820205
165.527226094,1918.30014242 2061.27936479
165.426325294,1919.20272199 2062.16424672
165.404961994,1922.75994735 2065.63298389
165.399523694,1925.43229078 2068.25223441
165.397585394,1928.12233185 2070.92457784
165.474484594,1930.79467528 2073.59692127
165.562146294,1931.67955721 2074.46410556
165.642720494,1932.59983442 2075.33128985
165.628969694,1945.23594839 2087.68424161
165.534718894,1952.61586369 2094.88718052
165.449218094,1954.38562756 2096.65694438
165.376229794,1955.28820713 2097.54182631
165.385228994,1966.86246278 2108.9921985
165.462828194,1974.91488835 2116.74376421
165.533952394,1979.41008856 2121.1858715
165.602976594,1982.11782727 2123.80512202
165.604013294,1983.92298641 2125.52179297
165.534787494,1986.5776322 2128.1056482
165.455061694,1991.90462142 2133.37954451
165.512535894,1996.34672871 2137.76855889
165.645260094,1999.00137451 2140.3878094
165.717784294,1999.8685588 2141.25499369
165.798445994,2002.54090223 2143.83884893
165.878932694,2010.57563016 2151.64350756
165.864919394,2015.01773745 2156.05021958
165.875493594,2016.80519895 2157.74919288
165.972167794,2019.49524002 2160.33304812
165.963054494,2021.14112041 2162.27978837
165.722416194,2021.79593304 2163.41243724
165.191190394,2022.41535039 2164.58048139
164.441914595,2023.01707011 2165.76622318
163.641363795,2023.61878982 2167.02275552
162.911337995,2024.22050953 2168.31468314
162.221999695,2024.82222924 2169.58891312
161.516036395,2025.42394896 2170.8631431
160.806835595,2026.02566867 2172.11967544
160.112509796,2026.80436477 2173.25232431
159.529746496,2027.65385142 2174.3495779
159.173695696,2028.43254752 2175.53531969
158.830157396,2029.15815071 2176.7741544
158.349069096,2029.86605625 2178.03068674
157.832718296,2030.55626416 2179.34031199
157.309892496,2031.24647206 2180.63223961
156.712341696,2031.91898233 2181.94186487
156.013203397,2032.55609732 2183.26918777
155.301202597,2033.24630523 2184.56111539
154.638726797,2034.07809424 2185.65836898
154.084225997,2034.99837145 2186.64943674
153.736137697,2035.95404393 2187.60510923
153.668311897,2038.85645667 2190.33054557
153.770061097,2039.77673387 2191.19772987
153.912847797,2040.73240636 2192.0826118
154.044521997,2041.67038121 2192.94979609
154.045296197,2044.36042228 2195.60444188
153.937832897,2045.26300185 2196.50702145
153.836844597,2047.06816098 2198.31218059
153.750906297,2048.87332012 2200.13503737
153.671792997,2049.79359733 2201.03761694
153.599679697,2052.4836384 2203.72765801
153.616816397,2065.03126418 2215.95672629
153.705090597,2065.93384375 2216.85930586
153.794589797,2070.44674159 2221.33680843
153.803676497,2086.67547621 2237.21159027
153.713275697,2088.46293771 2238.99905177
153.703637397,2092.03786071 2242.52088185
153.769686597,2092.94044027 2243.40576378
153.834510797,2097.45333812 2247.84787107
153.903534997,2100.19647211 2250.5202145
153.980084197,2101.09905168 2251.42279407
154.064070897,2109.25766308 2259.45752201
154.074295097,2116.58448546 2266.55427509
154.003056797,2117.52246031 2267.45685466
153.919743497,2121.99996288 2271.86356667
153.821117697,2122.90254245 2272.76614624
153.835454397,2134.44140283 2284.09263496
153.941228597,2135.36168004 2284.97751689
154.020665297,2144.1928017 2293.68475509
154.110601997,2145.13077655 2294.56963702
154.101488697,2156.72272984 2305.7899399
154.009337897,2160.27995521 2309.34716526
154.024899597,2170.81005018 2319.68258621
154.112736297,2171.73032739 2320.56746814
154.220785497,2172.66830224 2321.47004771
154.249209697,2173.58857944 2322.39032492
154.252783897,2175.37604094 2324.2131817
154.265808097,2176.29631815 2325.15115655
154.163069797,2177.21659536 2326.05373611
154.133568997,2179.00405686 2327.80580234
154.111418197,2190.70219599 2339.20308161
154.002029897,2196.06458049 2344.53007083
153.924316597,2196.94946242 2345.4326504
153.853253297,2203.12593829 2351.53833572
153.854377497,2206.75395421 2355.09556108
153.930226697,2207.69192906 2356.01583829
154.002313397,2217.58490904 2365.78493481
154.069587597,2223.07117701 2371.12962167
154.042799297,2224.89403379 2372.93478081
153.940760997,2226.69919293 2374.72224231
153.859372697,2232.02618215 2379.99613861
153.864959397,2240.98118729 2388.80956264
153.825571097,2242.57397477 2390.897884
153.555620297,2243.21108976 2392.1367187
153.136306997,2243.83050711 2393.4640416
152.531756197,2244.48531974 2394.7913645
151.778367898,2245.14013237 2396.10098975
151.007917098,2245.75954972 2397.3575221
150.211916298,2246.37896707 2398.61405444
149.422302998,2247.05147734 2400.01216789
148.662702198,2247.79477816 2401.14481676
147.965926398,2248.66196245 2402.13588452
147.460425599,2249.5999373 2403.07385937
147.240349799,2250.59100506 2403.99413658
147.294323999,2251.59977046 2404.87901851
147.417073199,2252.59083822 2405.76390044
147.496422399,2253.54651071 2406.64878237
147.615321598,2254.46678792 2407.5336643
147.607783298,2258.13019911 2411.03779674
147.587819998,2276.85430076 2429.40794563
147.708731698,2277.79227561 2430.32822284
147.732605898,2283.22545067 2435.70830497
147.734517598,2285.04830744 2437.47806884
147.815179298,2288.67632336 2440.99989892
147.824003498,2294.97668271 2447.15867716
147.828540198,2297.68442141 2449.79562531
147.834476898,2310.16125664 2462.13087943
147.844701098,2313.82466783 2465.68810479
147.852212798,2318.31986804 2470.14790972
147.864886998,2328.30133622 2479.86391332
147.879223698,2332.77883879 2484.27062533
147.712085398,2334.19464988 2486.53592308
147.251209599,2334.84946251 2487.75706014
146.522408799,2335.59276333 2489.20826651
145.687207999,2336.24757596 2490.48249649
144.830307199,2336.88469095 2491.79212175
144.005956399,2337.53950358 2493.13714228
143.219493099,2338.17661857 2494.46446518
142.5284048,2338.86682647 2495.73869516
141.8989165,2339.71631313 2496.80055347
141.4005907,2340.65428797 2497.7739236
141.1327399,2341.64535573 2498.72959608
141.1110266,2343.60979362 2500.49935994
141.2861008,2344.56546611 2501.40193951
141.43125,2345.50344095 2502.30451908
141.5142742,2346.45911344 2503.22479629
141.5104109,2352.84796098 2509.57824855
141.5155601,2361.99764014 2518.40937022
141.5286718,2364.70537885 2521.06401602
141.435996,2365.66105134 2522.0196885
141.3466452,2368.38648768 2524.72742721
141.2701569,2369.30676489 2525.64770442
141.2629686,2375.60712424 2531.89497085
141.2499178,2388.40251696 2544.51338718
141.261892,2390.24307137 2546.28315104
141.3559412,2392.04823051 2548.01751963
141.4366029,2392.93311244 2548.86700628
141.5149896,2398.33089222 2554.03471676
141.4809388,2400.11835372 2555.80448062
141.377413,2401.00323565 2556.72475783
141.3808997,2409.90514787 2565.50278658
141.4583239,2410.82542508 2566.40536615
141.4405481,2414.38265044 2569.94489387
141.4414973,2418.89554829 2574.35160589
141.541234,2419.85122078 2575.25418546
141.5258207,2420.75380034 2576.17446266
141.5168824,2427.00106678 2582.28014799
141.5173941,2435.03579471 2590.0317137
141.4321558,2435.93837428 2590.95199091
141.3488425,2442.94663917 2597.94255816
141.2557292,2443.84921874 2598.82744009
141.1706659,2450.04339225 2604.95082305
141.0974151,2451.83085375 2606.72058691
141.1212018,2455.37038148 2610.1539288
141.141926,2456.27296105 2611.05650837
141.0587002,2459.84788405 2614.56064082
140.8353869,2465.61731423 2621.1972553
140.3552611,2466.2898245 2622.41839237
139.6021353,2466.94463713 2623.63952943
138.740422001,2467.59944976 2624.89606177
137.941708701,2468.25426239 2626.15259411
137.210195401,2468.90907502 2627.44452173
136.496444601,2469.54619001 2628.73644935
135.744631301,2470.20100264 2630.01067933
135.020293001,2470.83811763 2631.30260695
134.275917202,2471.52832553 2632.52374401
133.537053902,2472.34241691 2633.55020705
133.042228102,2473.24499648 2634.52357718
132.825214802,2474.23606424 2635.4969473
132.826951502,2476.21819976 2637.26671116
132.917063202,2477.20926753 2638.15159309
132.983024902,2478.16494001 2639.08956794
132.981874102,2483.54502215 2644.4342548
133.018260802,2488.90740665 2649.72584875
133.131035002,2491.65054064 2652.3627969
133.217909202,2492.57081785 2653.24767883
133.296995902,2497.96859762 2658.45078459
133.298732602,2505.08304835 2665.44135184
133.231081802,2505.98562792 2666.34393141
133.162381002,2514.85214486 2675.1396578
133.076617702,2520.21452936 2680.44894938
133.075641902,2523.84254528 2684.02387238
133.179491102,2524.78052012 2684.90875432
133.264702802,2527.50595647 2687.54570247
133.337139502,2528.42623368 2688.41288676
133.334676202,2531.06318183 2691.04983491
133.261162902,2540.83227835 2700.73044324
133.180912102,2548.76082045 2708.58819478
133.093136302,2556.74245546 2716.49903924
133.102485502,2558.52991696 2718.26880311
133.212109702,2560.35277374 2719.96777641
133.238871402,2584.04991185 2743.3817523
133.171308102,2584.95249142 2744.31972715
133.105932302,2585.69579224 2745.38158546
132.878419002,2586.35060487 2746.53193197
132.350343202,2586.95232458 2747.68227848
131.620317402,2587.55404429 2748.90341555
130.864479102,2588.13806637 2750.10685497
130.163065802,2588.75748372 2751.34568968
129.560702503,2589.53617982 2752.42524563
129.152764203,2590.45645703 2753.41631339
129.086775903,2592.38549964 2755.15068198
129.284512603,2593.53584615 2756.08865683
129.464749303,2594.50921627 2756.93814348
129.563611003,2607.05684205 2769.23800232
129.653547703,2607.94172398 2770.08748897
129.783734403,2628.41789186 2790.20970408
129.925646103,2631.16102584 2792.84665223
129.941557803,2632.09900069 2793.73153416
129.925532003,2634.82443703 2796.40387759
130.025793703,2642.8591649