-0.0176976386152 0.0
-0.0176976386152 0.0
0.902579569376 0.77869609907
1.34502053476 1.07955595553
1.80515913875 1.41581108922
2.30069301998 1.8582520546
2.81392453982 2.35378593582
3.91117813396 3.43334189135
4.51289784688 4.03506160427
5.15001283703 4.67217659442
8.70723819869 8.15861140162
15.2376668477 14.5120636645
20.423074962 19.6797741401
21.3079568927 20.5646560709
22.1928388235 21.4495380016
31.9442377005 31.18323924
40.1028491021 39.2179671713
42.8813783647 41.9257058795
45.6776052659 44.6334445876
55.517492336 54.367145826
56.3846766281 55.2520277567
59.0747176976 57.8535806332
62.2956879256 61.7824564057
62.9505005543 62.968198193
63.6053131831 64.1893352574
64.2601258119 65.4635652377
64.897240802 66.7554928566
65.5343557922 68.0297228369
66.1714707823 69.3216504558
66.8085857725 70.6666709906
67.4633984012 71.9585986095
68.1005133914 73.2505262284
68.6845354657 74.5070585701
69.2862551786 75.798986189
69.8702772529 77.0732161693
70.4719969658 78.329748511
71.0560190401 79.6393737685
71.7285293075 80.8074179171
72.5957135996 81.8338809568
73.5159908076 82.7718558034
74.5070585701 83.70983065
75.5158239712 84.6124102194
76.5422870108 85.550385066
77.4625642188 86.4175693581
78.4005390654 87.3201489275
79.338513912 88.2227284969
84.0106905065 92.771021621
87.5325205909 96.2751540668
89.3022844524 98.0095226511
90.2048640218 98.9297998591
91.0720483139 99.8146817899
96.3459446213 105.000089904
98.9651951363 107.530852226
99.8677747057 108.398036518
100.734958998 109.247523172
101.60214329 110.114707464
102.487025221 110.999589395
104.256789082 112.751655618
107.849409721 116.220392786
118.114040118 126.184163327
123.370238787 131.404966718
124.237423079 132.27215101
132.926963639 140.784715184
137.2628851 145.120636645
138.165464669 146.023216214
143.439360976 151.226321967
144.324242907 152.111203898
149.598139214 157.278914373
151.332507799 159.030980596
158.411563245 165.968454934
161.048511399 168.534612533
161.968788607 169.419494464
166.304710067 173.720020647
167.189591998 174.587204939
174.215554528 181.560074554
176.020713667 183.312140776
180.498216237 187.665759876
183.205954945 190.338103307
185.895996014 192.992749099
189.541709569 196.496881545
190.4265915 197.32867056
191.311473431 198.21355249
192.196355361 199.080736783
193.063539653 199.930223436
198.355133599 205.151026828
208.31890414 214.920123343
214.672356403 221.114296859
217.397792749 223.804337928
218.318069957 224.706917497
219.273742443 225.609497067
221.09659922 227.396958567
225.680287621 231.892158775
229.27290826 235.449384137
243.607995539 249.501309197
245.448549955 251.359561252
249.97914544 255.783970906
255.430018134 261.09326249
259.925218342 265.553067421
263.517838981 269.074897506
267.092761981 272.579029952
274.278003259 279.569597205
276.171650591 281.445546898
282.43661466 287.622022775
283.356891868 288.506904705
284.277169076 289.374088998
286.082328215 291.161550498
287.887487354 292.949011998
293.267569493 298.276001221
294.134753785 299.143185513
297.727374424 302.611922682
298.647651632 303.461409335
300.417415493 305.178080281
304.841825147 309.496304103
313.796830287 318.327425772
317.424846203 321.813860579
319.814027416 324.751668589
320.451142406 325.937410377
321.105955035 327.158547441
321.743070025 328.397382144
322.362487376 329.653914486
322.999602366 330.928144466
323.619019718 332.202374446
324.238437069 333.476604427
324.840156782 334.750834407
325.459574134 336.025064387
326.185177317 337.210806174
327.087756887 338.254966853
328.06112701 339.228336977
330.096355451 341.015798477
331.122818491 341.882982769
332.14928153 342.803259977
334.060626501 344.661512031
334.998601348 345.617184517
335.936576194 346.537461725
336.856853402 347.457738933
350.360151666 360.819456087
351.262731235 361.704338018
354.890747151 365.243865741
355.811024359 366.164142949
360.288526929 370.535459687
362.05829079 372.305223548
365.704004345 375.756263078
367.491465845 377.52602694
371.030993568 381.012461747
371.951270776 381.932738955
380.853183 390.746162985
392.374345738 402.125744615
394.126411961 403.860113199
403.895508477 413.43453569
408.284522853 417.823550067
409.169404784 418.726129636
411.806352938 421.398473067
414.443301091 424.035421221
418.867710745 428.406737959
430.371175845 439.786319588
433.078914553 442.423267742
433.999191761 443.308149673
438.476694331 447.661768772
442.9541969 452.086178426
444.723960762 453.94443048
445.608842693 454.84701005
451.856109124 461.023485927
461.625205639 470.668698972
466.952194863 475.871804725
467.872472071 476.721291378
471.394302155 480.172330908
473.854273923 483.198627111
474.491388913 484.384368899
475.128503903 485.64090124
475.765618893 486.897433582
476.385036245 488.20705884
477.039848873 489.498986458
477.659266225 490.773216439
478.296381215 492.047446419
478.933496205 493.268583483
479.712192304 494.295046523
480.632469512 495.321509563
484.579042923 498.967223118
488.295547033 502.630634311
489.215824241 503.550911519
492.012051142 506.258650227
493.905698474 508.028414089
494.825975682 508.930993658
495.728555251 509.833573227
500.259150736 514.222587604
502.082007514 515.974653827
507.479787292 521.283945411
508.417762138 522.186524981
517.301976723 530.876065541
523.4784526 536.999448502
527.955955169 541.37076524
533.282944392 546.573870993
536.875565031 550.042608161
542.237949532 555.316504468
548.39672777 561.457585068
551.936255493 564.979415152
555.404992662 568.695919262
556.095200568 569.881661049
556.714617919 571.102798113
557.334035271 572.359330455
557.953452622 573.598165158
558.572869974 574.925488054
559.209984964 576.217415673
559.847099954 577.491645653
560.484214944 578.801270911
561.103632296 580.128593807
561.758444924 581.473614342
562.554838662 582.606263213
563.457418231 583.615028614
564.413090717 584.588398738
567.368596365 587.296137446
568.359664128 588.216414654
569.297638974 589.118994224
570.235613821 590.021573793
581.031173376 600.710947516
581.933752946 601.613527086
584.004376664 603.684150804
585.827233441 605.453914665
591.189617942 610.816299166
598.445649774 617.91305225
601.17108612 620.585395681
603.896522467 623.29313439
616.479543523 635.716876697
617.382123092 636.654851544
618.284702661 637.575128752
619.187282231 638.49540596
620.0898618 639.397985529
623.717877716 642.97290853
627.328195994 646.54783153
629.133355133 648.299897753
630.089027618 649.202477322
630.973909549 650.069661614
632.779068687 651.874820753
643.61002352 662.599589754
645.450577936 664.387051254
652.706609768 671.554594893
653.609189337 672.474872101
657.41418164 676.155980933
671.85545475 690.296394187
672.775731958 691.216671395
677.288629805 695.658778687
681.783830013 700.047793064
682.686409582 700.932674995
688.862885459 707.073755594
689.765465028 707.994032802
700.34865292 718.311756115
701.25123249 719.196638045
703.003298712 720.966401907
704.773062574 722.700770491
707.445406005 725.355416284
709.215169866 727.160575422
710.100051797 728.027759714
710.967236089 728.877246368
712.772395228 730.647010229
724.275860328 741.973498943
726.04562419 743.725565166
728.735665259 746.344815681
729.62054719 747.247395251
734.929838774 752.415105726
736.699602636 754.184869588
738.504761775 755.954633449
741.159407567 758.591581603
742.2743588 759.741928113
744.026425023 761.56478489
744.752028206 762.662038484
745.424538473 763.900873187
746.079351102 765.086614975
746.734163731 766.272356762
747.371278721 767.475796188
748.008393711 768.679235614
748.627811063 769.918070317
749.264926053 771.15690502
749.884343404 772.431135
750.521458394 773.687667342
751.264759216 774.784920936
752.149641147 775.775988698
754.114079033 777.598845476
755.158239712 778.519122684
756.20240039 779.439399892
759.1402084 782.217929154
763.830082633 786.677734085
764.785755118 787.598011293
765.723729965 788.500590863
769.334048242 792.075513863
774.643339827 797.437898363
780.961396813 803.649769517
790.040285422 812.498588825
793.721394254 816.038116548
796.482225878 818.675064702
798.305082655 820.427130924
802.800282864 824.886935856
803.578978963 826.001887088
804.25148923 827.276117069
804.977092413 828.815811628
805.667300319 830.178529801
806.499089334 831.328876311
807.419366542 832.319944074
809.330711513 834.107405574
811.348242315 835.965657629
812.268519523 836.850539559
813.206494369 837.753119129
816.90530084 841.381135045
817.843275687 842.319109892
824.267518504 848.6017716
826.178863474 850.406930739
827.116838321 851.274115031
828.054813168 852.141299323
842.460691 866.458688963
845.15073207 869.148730032
847.893866055 871.874166379
852.512949734 876.422459503
853.433226942 877.325039072
857.132033412 880.93535735
858.087705898 881.820239281
860.86623516 884.457187434
861.786512368 885.306674088
865.4676212 888.881597088
866.352503131 889.784176658
875.395996463 898.70378652
880.758380964 903.995380466
891.518545242 914.525475442
895.164258797 917.99421261
897.836602227 920.542672571
899.765644837 922.418622264
901.570803975 924.170688487
905.97751599 928.559702863
911.074435912 933.992877918
911.72924854 935.231712621
912.366363531 936.52364024
913.003478521 937.815567859
913.640593511 939.125193117
914.277708501 940.399423097
914.967916407 941.868327102
915.56963612 943.160254721
916.20675111 944.469879979
917.003144848 945.549435934
917.923422056 946.522806058
918.879094541 947.425385627
920.861230066 949.195149489
921.799204912 950.044636142
928.117261898 956.150321465
931.727580176 959.619058633
940.010075048 967.795367673
948.770406162 976.484908234
957.849294772 985.422215734
960.539335841 987.970675695
972.148986773 999.314862047
973.033868704 1000.18204634
974.768237288 1001.98720548
975.688514496 1002.87208741
976.573396427 1003.7392717
977.493673635 1004.62415363
980.785434417 1008.58842468
981.440247046 1009.80956175
982.095059675 1011.08379173
982.767569942 1012.34032407
983.422382571 1013.56146113
984.041799922 1014.76490056
984.678914912 1015.95064235
985.280634625 1017.18947705
985.900051977 1018.46370703
986.537166967 1019.72023937
987.191979596 1020.9236788
988.006070972 1021.95014184
988.908650541 1022.9412096
989.864323027 1023.87918445
990.855390789 1024.76406638
991.881853829 1025.63125067
993.810896438 1027.41871217
994.731173646 1028.3035941
1001.24390466 1034.60395345
1003.08445907 1036.39141495
1004.88961821 1038.17887645
1007.61505456 1040.88661515
1011.22537284 1044.46153815
1015.68517777 1048.95673836
1022.97660488 1056.124282
1037.68334256 1070.53015983
1041.2759632 1074.14047811
1042.17854277 1075.06075532
1043.11651762 1075.98103253
1054.03596065 1086.81198736
1056.81448991 1089.50202843
1058.65504432 1091.32488521
1061.38048067 1094.05032155
1065.11468242 1097.69603511
1067.64544474 1100.93470298
1068.30025737 1102.20893296
1068.93737236 1103.53625585
1069.57448735 1104.86357875
1070.21160234 1106.19090164
1070.84871733 1107.53592218
1071.45043704 1108.91633799
1072.05215676 1110.26135853
1072.65387647 1111.67716962
1073.3086891 1113.26995709
1074.03429228 1114.56188471
1074.90147657 1115.64144067
1075.83945142 1116.65020607
1076.84821682 1117.62357619
1077.83928458 1118.57924868
1078.86574762 1119.51722352
1081.76816036 1122.24265987
1085.66164085 1125.99455925
1086.5996157 1126.9325341
1093.13004435 1133.32138164
1095.94396889 1136.06451563
1097.85531386 1137.83427949
1098.81098634 1138.7545567
1103.41237238 1143.2497569
1108.88094271 1148.64753668
1109.78352228 1149.56781389
1115.25209262 1154.93019839
1116.17236982 1155.81508032
1120.70296531 1160.29258289
1127.23339396 1166.75222099
1128.1713688 1167.65480056
1129.09164601 1168.55738012
1137.30335033 1176.59210806
1141.86934109 1181.05191299
1145.49735701 1184.64453363
1158.15116862 1197.10367121
1163.63743659 1202.51914863
1167.31854542 1206.14716454
1170.07937705 1208.81950797
1177.44159471 1216.02244689
1178.34417428 1216.92502646
1183.83044225 1222.35820151
1184.75071946 1223.26078108
1186.60897151 1225.01284731
1187.564644 1225.91542688
1190.34317326 1228.64086322
1200.43082727 1238.55154085
1202.30677696 1240.35669999
1203.22705417 1241.24158192
1211.47415377 1249.32940276
1212.3590357 1250.2142847
1213.27931291 1251.11686426
1216.02244689 1253.87769589
1220.57074001 1258.35519846
1221.47331958 1259.20468511
1222.37589915 1260.05417177
1227.80907421 1265.39885863
1232.30427442 1269.84096592
1233.20685399 1270.72584785
1235.96768561 1273.34509837
1248.60379958 1285.69805012
1249.50637915 1286.58293205
1255.77134322 1292.74171029
1259.34626622 1296.22814509
1262.03630729 1298.86509325
1266.51380986 1303.30720054
1267.41638943 1304.22747775
1270.1064305 1306.82903063
1271.00901007 1307.71391256
1271.893892 1308.59879449
1283.68051932 1320.08456195
1286.40595566 1322.75690538
1292.72401265 1329.00417181
1293.64428986 1329.90675138
1295.449449 1331.6588176
1306.4042873 1342.41898188
1308.22714408 1344.18874574
1310.97027806 1346.87878681
1317.37682324 1353.12605324
1323.51790384 1359.55029606
1324.17271647 1360.71834021
1324.79213382 1361.95717491
1325.42924881 1363.26680017
1326.0663638 1364.55872779
1326.68578115 1365.85065541
1327.28750086 1367.1779783
1327.87152294 1368.55839412
1328.45554501 1369.93880993
1329.03956709 1371.35462102
1329.60589152 1372.78812974
1330.17221596 1374.20394083
1330.72084276 1375.61975192
1331.26946955 1377.05326065
1331.83579399 1378.50446702
1332.40211842 1379.93797574
1332.95074522 1381.42457739
1333.49937202 1382.87578375
1334.04799882 1384.34468776
1334.59662561 1385.81359176
1335.12755477 1387.28249577
1335.69387921 1388.75139978
1336.22480837 1390.1849085
1336.77343516 1391.75999834
1337.28666668 1393.05192596
1337.81759584 1394.46773705
1338.33082736 1395.88354814
1338.84405888 1397.35245214
1339.33959276 1398.75056559
1339.83512664 1400.16637668
1340.34835816 1401.59988541
1340.84389204 1403.06878941
1341.35712356 1404.53769342
1341.85265744 1406.00659742
1342.34819133 1407.47550143
1342.86142285 1408.89131252
1343.33925909 1410.34251889
1343.83479297 1411.79372525
1344.29493157 1413.26262926
1344.79046545 1414.71383562
1345.25060406 1416.14734435
1345.7284403 1417.61624836
1346.18857891 1419.06745472
1346.64871751 1420.51866109
1347.10885611 1421.93447218
1347.55129708 1423.35028327
1348.01143568 1424.783792
1348.45387665 1426.19960308
1348.89631761 1427.61541417
1349.35645622 1429.0489229
1349.79889718 1430.46473399
1350.25903579 1431.88054508
1350.70147675 1433.26096089
1351.14391772 1434.6413767
1351.58635868 1436.05718779
1352.02879965 1437.45530124
1352.45354298 1438.88880997
1352.89598394 1440.3223187
1353.33842491 1441.72043215
1353.79856351 1443.08315032
1354.24100448 1444.49896141
1354.6657478 1445.9147725
1355.10818877 1447.33058359
1355.53293209 1448.76409232
1355.95767542 1450.17990341
1356.40011639 1451.63110978
1356.82485971 1453.10001378
1357.28499832 1454.56891779
1357.74513692 1456.03782179
1358.20527553 1457.48902816
1358.66541413 1458.94023452
1359.12555273 1460.39144089
1359.60338898 1461.7718567
1360.08122522 1463.16997015
1360.70064257 1464.47959541
1361.49703631 1465.61224428
1362.38191824 1466.6741026
1363.30219545 1467.62977508
1364.18707738 1468.58544757
1365.07195931 1469.48802714
1369.62025243 1473.94783207
1370.522832 1474.832714
1373.21287307 1477.41656924
1374.13315028 1478.30145117
1379.37165131 1483.75232386
1380.04416158 1485.0088562
1380.69897421 1486.37157438
1381.3360892 1487.8050831
1381.97320419 1489.25628947
1382.59262154 1490.70749584
1383.17664361 1492.12330693
1383.74296805 1493.53911802
1384.29159484 1494.95492911
1384.92870983 1496.21146145
1385.74280121 1497.27331976
1386.64538078 1498.28208516
1387.58335563 1499.25545529
1388.50363283 1500.15803486
1389.37081713 1500.98982387
1390.2733967 1501.85700817
1391.21137154 1502.72419246
1393.01653068 1504.51165396
1401.12204917 1512.58177717
1402.04232638 1513.44896146
1403.7059044 1515.50188754
1404.37841467 1516.75841988
1405.0332273 1518.06804514
1405.67034229 1519.41306567
1406.30745728 1520.82887676
1406.92687463 1522.22699021
1407.52859435 1523.62510366
1408.13031406 1525.04091475
1408.69663849 1526.45672584
1409.35145112 1527.83714165
1410.11244958 1529.04058108
1410.82035513 1530.3325087
1411.45747012 1531.64213395
1412.07688747 1533.00485213
1412.69630482 1534.34987266
1413.2803269 1535.71259084
1413.86434897 1537.11070429
1414.43067341 1538.4911201
1415.01469548 1539.88923355
1415.70490339 1541.19885881
1416.5366924 1542.34920532
1417.47466725 1543.39336599
1418.41264209 1544.36673612
1419.35061694 1545.26931569
1420.30628943 1546.17189526
1421.27965955 1547.05677719
1425.03155894 1550.61400255
1426.83671808 1552.41916169
1432.32298605 1557.8346391
1435.04842239 1560.56007545
1436.88897681 1562.36523459
1439.63211079 1564.98448511
1449.52509078 1574.62969815
1461.84264726 1586.91185935
1466.39094038 1591.38936192
1467.31121759 1592.27424385
1472.69129973 1597.61893071
1475.39903844 1600.18508831
1477.25729049 1601.97254981
1479.9650292 1604.57410269
1480.86760877 1605.45898462
1487.96436185 1612.46724951
1489.71642807 1614.21931573
1491.55698249 1615.98907959
1496.88397171 1621.28067354
1506.33451073 1631.43911811
1506.98932336 1632.67795281
1507.60874071 1633.95218279
1508.26355334 1635.27950569
1508.90066833 1636.55373567
1509.50238805 1637.84566328
1510.1218054 1639.19068382
1510.70582747 1640.55340199
1511.30754719 1641.91612017
1512.05084801 1643.10186195
1512.93572994 1644.16372027
1513.89140242 1645.13709039
1514.86477255 1646.0573676
1515.83814267 1646.92455189
1516.82921043 1647.80943382
1517.8202782 1648.69431576
1521.57217758 1652.34002931
1523.37733672 1654.18058373
1524.29761393 1655.10086093
1525.23558878 1656.03883578
1526.15586598 1656.94141535
1536.95142554 1667.52460324
1541.55281158 1671.93131526
1542.47308879 1672.81619719
1553.14476487 1683.29319925
1554.94992401 1685.06296311
1559.3920313 1689.45197749
1571.00168223 1700.84925675
1571.92195944 1701.71644105
1572.84223665 1702.54823006
1593.38919508 1722.75893336
1597.88439529 1727.23643593
1605.14042712 1734.40397957
1606.06070433 1735.27116386
1616.94475208 1745.94283995
1618.82070177 1747.81878964
1621.4930452 1750.49113307
1632.2178142 1761.14511152
1634.62469306 1764.15371008
1635.24411041 1765.37484715
1635.8812254 1766.61368185
1636.51834039 1767.83481891
1637.13775774 1769.07365362
1637.77487273 1770.3478836
1638.42968536 1771.65750885
1639.06680035 1772.84325064
1639.6862177 1774.08208534
1640.39412324 1775.30322241
1641.27900518 1776.400476
1642.21698002 1777.4092414
1643.22574542 1778.38261153
1645.24327623 1780.22316594
1646.2874369 1781.14344315
1648.25187479 1782.91320701
1649.20754728 1783.79808894
1650.14552212 1784.70066851
1661.02956987 1795.40773988
1670.03766793 1804.16807099
1677.39988559 1811.21173116
1678.3201628 1812.11431073
1679.25813764 1813.03458794
1684.63821978 1818.32618188
1685.55849699 1819.19336617
1687.22207502 1821.21089698
1687.89458529 1822.44973168
1688.54939792 1823.7416593
1689.18651291 1825.05128456
1689.8236279 1826.39630509
1690.44304525 1827.74132563
1691.16864843 1828.94476505
1692.03583272 1829.97122809
1692.97380757 1830.94459822
1693.94717769 1831.88257306
1695.89391794 1833.6877322
1696.83189279 1834.59031177
1707.87521928 1845.33277841
1710.63605091 1848.00512184
1722.42267823 1859.52628458
1729.57252423 1866.55224711
1745.09335329 1881.84300687
1746.49146674 1884.21449045
1747.16397701 1885.48872043
1747.83648728 1886.81604332
1748.50899755 1888.14336622
1749.16381017 1889.47068912
1749.80092516 1890.78031437
1750.45573779 1892.10763727
1751.23443389 1893.27568142
1752.11931582 1894.3198421
1753.09268595 1895.29321222
1757.92414129 1899.75301715
1758.86211614 1900.63789908
1759.81778862 1901.55817629
1760.73806583 1902.4784535
1768.0117953 1909.64599714
1768.91437487 1910.54857671
1773.49806327 1914.990684
1774.43603812 1915.91096121
1778.98433124 1920.3530685
1785.32008587 1926.58263729
1795.19536821 1936.26324561
1796.13334306 1937.16582518
1797.07131791 1938.06840475
1803.37167725 1944.20948535
1809.74282715 1950.42135651
1810.680802 1951.34163371
1812.53905406 1953.09369994
1813.4770289 1953.99627951
1818.04301966 1958.42068916
1818.94559923 1959.30557109
1825.26365622 1965.55283752
1827.086513 1967.34029902
1829.79425171 1970.01264245
1832.51968805 1973.00354338
1833.42226762 1973.46368198
1835.20972912 1975.21574821
1836.99719062 1976.98551207
1846.92556588 1986.64842275
1854.05771425 1993.58589709
1858.53521682 1998.06339966
1860.32267832 1999.81546588
1866.48145655 2005.81496537
1867.40173376 2006.68214966
1868.30431333 2007.53163632
1870.09177483 2009.2660049
1870.97665676 2010.16858447
1888.79817885 2027.63615378
1889.71845606 2028.50333808
1895.64716499 2034.92758089
1896.28427998 2036.09562504
1896.90369733 2037.33445975
1897.55850996 2038.60868973
1898.17792731 2039.84752443
1898.77964703 2041.05096385
1899.38136674 2042.28979856
1900.05387701 2043.47554035
1900.90336366 2044.46660811
1901.82364087 2045.36918768
1903.77038112 2047.15664918
1904.7260536 2048.02383347
1905.66402845 2048.89101776
1906.58430566 2049.75820205
1918.30014242 2061.27936479
1919.20272199 2062.16424672
1922.75994735 2065.63298389
1925.43229078 2068.25223441
1928.12233185 2070.92457784
1930.79467528 2073.59692127
1931.67955721 2074.46410556
1932.59983442 2075.33128985
1945.23594839 2087.68424161
1952.61586369 2094.88718052
1954.38562756 2096.65694438
1955.28820713 2097.54182631
1966.86246278 2108.9921985
1974.91488835 2116.74376421
1979.41008856 2121.1858715
1982.11782727 2123.80512202
1983.92298641 2125.52179297
1986.5776322 2128.1056482
1991.90462142 2133.37954451
1996.34672871 2137.76855889
1999.00137451 2140.3878094
1999.8685588 2141.25499369
2002.54090223 2143.83884893
2010.57563016 2151.64350756
2015.01773745 2156.05021958
2016.80519895 2157.74919288
2019.49524002 2160.33304812
2021.14112041 2162.27978837
2021.79593304 2163.41243724
2022.41535039 2164.58048139
2023.01707011 2165.76622318
2023.61878982 2167.02275552
2024.22050953 2168.31468314
2024.82222924 2169.58891312
2025.42394896 2170.8631431
2026.02566867 2172.11967544
2026.80436477 2173.25232431
2027.65385142 2174.3495779
2028.43254752 2175.53531969
2029.15815071 2176.7741544
2029.86605625 2178.03068674
2030.55626416 2179.34031199
2031.24647206 2180.63223961
2031.91898233 2181.94186487
2032.55609732 2183.26918777
2033.24630523 2184.56111539
2034.07809424 2185.65836898
2034.99837145 2186.64943674
2035.95404393 2187.60510923
2038.85645667 2190.33054557
2039.77673387 2191.19772987
2040.73240636 2192.0826118
2041.67038121 2192.94979609
2044.36042228 2195.60444188
2045.26300185 2196.50702145
2047.06816098 2198.31218059
2048.87332012 2200.13503737
2049.79359733 2201.03761694
2052.4836384 2203.72765801
2065.03126418 2215.95672629
2065.93384375 2216.85930586
2070.44674159 2221.33680843
2086.67547621 2237.21159027
2088.46293771 2238.99905177
2092.03786071 2242.52088185
2092.94044027 2243.40576378
2097.45333812 2247.84787107
2100.19647211 2250.5202145
2101.09905168 2251.42279407
2109.25766308 2259.45752201
2116.58448546 2266.55427509
2117.52246031 2267.45685466
2121.99996288 2271.86356667
2122.90254245 2272.76614624
2134.44140283 2284.09263496
2135.36168004 2284.97751689
2144.1928017 2293.68475509
2145.13077655 2294.56963702
2156.72272984 2305.7899399
2160.27995521 2309.34716526
2170.81005018 2319.68258621
2171.73032739 2320.56746814
2172.66830224 2321.47004771
2173.58857944 2322.39032492
2175.37604094 2324.2131817
2176.29631815 2325.15115655
2177.21659536 2326.05373611
2179.00405686 2327.80580234
2190.70219599 2339.20308161
2196.06458049 2344.53007083
2196.94946242 2345.4326504
2203.12593829 2351.53833572
2206.75395421 2355.09556108
2207.69192906 2356.01583829
2217.58490904 2365.78493481
2223.07117701 2371.12962167
2224.89403379 2372.93478081
2226.69919293 2374.72224231
2232.02618215 2379.99613861
2240.98118729 2388.80956264
2242.57397477 2390.897884
2243.21108976 2392.1367187
2243.83050711 2393.4640416
2244.48531974 2394.7913645
2245.14013237 2396.10098975
2245.75954972 2397.3575221
2246.37896707 2398.61405444
2247.05147734 2400.01216789
2247.79477816 2401.14481676
2248.66196245 2402.13588452
2249.5999373 2403.07385937
2250.59100506 2403.99413658
2251.59977046 2404.87901851
2252.59083822 2405.76390044
2253.54651071 2406.64878237
2254.46678792 2407.5336643
2258.13019911 2411.03779674
2276.85430076 2429.40794563
2277.79227561 2430.32822284
2283.22545067 2435.70830497
2285.04830744 2437.47806884
2288.67632336 2440.99989892
2294.97668271 2447.15867716
2297.68442141 2449.79562531
2310.16125664 2462.13087943
2313.82466783 2465.68810479
2318.31986804 2470.14790972
2328.30133622 2479.86391332
2332.77883879 2484.27062533
2334.19464988 2486.53592308
2334.84946251 2487.75706014
2335.59276333 2489.20826651
2336.24757596 2490.48249649
2336.88469095 2491.79212175
2337.53950358 2493.13714228
2338.17661857 2494.46446518
2338.86682647 2495.73869516
2339.71631313 2496.80055347
2340.65428797 2497.7739236
2341.64535573 2498.72959608
2343.60979362 2500.49935994
2344.56546611 2501.40193951
2345.50344095 2502.30451908
2346.45911344 2503.22479629
2352.84796098 2509.57824855
2361.99764014 2518.40937022
2364.70537885 2521.06401602
2365.66105134 2522.0196885
2368.38648768 2524.72742721
2369.30676489 2525.64770442
2375.60712424 2531.89497085
2388.40251696 2544.51338718
2390.24307137 2546.28315104
2392.04823051 2548.01751963
2392.93311244 2548.86700628
2398.33089222 2554.03471676
2400.11835372 2555.80448062
2401.00323565 2556.72475783
2409.90514787 2565.50278658
2410.82542508 2566.40536615
2414.38265044 2569.94489387
2418.89554829 2574.35160589
2419.85122078 2575.25418546
2420.75380034 2576.17446266
2427.00106678 2582.28014799
2435.03579471 2590.0317137
2435.93837428 2590.95199091
2442.94663917 2597.94255816
2443.84921874 2598.82744009
2450.04339225 2604.95082305
2451.83085375 2606.72058691
2455.37038148 2610.1539288
2456.27296105 2611.05650837
2459.84788405 2614.56064082
2465.61731423 2621.1972553
2466.2898245 2622.41839237
2466.94463713 2623.63952943
2467.59944976 2624.89606177
2468.25426239 2626.15259411
2468.90907502 2627.44452173
2469.54619001 2628.73644935
2470.20100264 2630.01067933
2470.83811763 2631.30260695
2471.52832553 2632.52374401
2472.34241691 2633.55020705
2473.24499648 2634.52357718
2474.23606424 2635.4969473
2476.21819976 2637.26671116
2477.20926753 2638.15159309
2478.16494001 2639.08956794
2483.54502215 2644.4342548
2488.90740665 2649.72584875
2491.65054064 2652.3627969
2492.57081785 2653.24767883
2497.96859762 2658.45078459
2505.08304835 2665.44135184
2505.98562792 2666.34393141
2514.85214486 2675.1396578
2520.21452936 2680.44894938
2523.84254528 2684.02387238
2524.78052012 2684.90875432
2527.50595647 2687.54570247
2528.42623368 2688.41288676
2531.06318183 2691.04983491
2540.83227835 2700.73044324
2548.76082045 2708.58819478
2556.74245546 2716.49903924
2558.52991696 2718.26880311
2560.35277374 2719.96777641
2584.04991185 2743.3817523
2584.95249142 2744.31972715
2585.69579224 2745.38158546
2586.35060487 2746.53193197
2586.95232458 2747.68227848
2587.55404429 2748.90341555
2588.13806637 2750.10685497
2588.75748372 2751.34568968
2589.53617982 2752.42524563
2590.45645703 2753.41631339
2592.38549964 2755.15068198
2593.53584615 2756.08865683
2594.50921627 2756.93814348
2607.05684205 2769.23800232
2607.94172398 2770.08748897
2628.41789186 2790.20970408
2631.16102584 2792.84665223
2632.09900069 2793.73153416
2634.82443703 2796.40387759
2642.8591649
