1499.99999484,1499.99115118
1499.99999484,1499.99115118
1500.00164322,1500.84063624
1500.00162078,1501.21228665
1500.00083712,1501.61048274
1499.99988681,1502.0794692
1500.00018877,1502.58385182
1500.00208175,1503.67225494
1500.00169829,1504.27397453
1499.99975774,1504.91108657
1499.98882025,1508.43289967
1499.97641715,1514.87482819
1499.96554796,1520.05137607
1499.96234247,1520.93625219
1499.95736787,1521.82112014
1499.89915837,1531.5634963
1499.86303423,1539.66008538
1499.85483738,1542.40320712
1499.85181221,1545.15518826
1499.84347286,1554.94197887
1499.84094284,1555.81800832
1499.83336571,1558.46379445
1499.82034256,1562.03869373
1499.81165081,1562.95892989
1499.79276146,1563.89671451
1499.76061536,1564.86069998
1499.71696223,1565.82423293
1499.66238569,1566.77834577
1499.5962208,1567.74059498
1499.51814278,1568.7285824
1499.43104878,1569.69804825
1499.33342679,1570.65761653
1499.22964332,1571.57202297
1499.11293416,1572.51162609
1498.9892889,1573.4324882
1498.85576722,1574.35197019
1498.70784074,1575.28716686
1498.55153362,1576.19407271
1498.37913109,1577.12506811
1498.20267053,1578.03728346
1498.01838268,1578.98403545
1497.8377154,1579.92247524
1497.65214868,1580.88700571
1497.48344958,1581.76467038
1497.31131167,1582.66870505
1497.13937098,1583.57277725
1496.27226618,1588.10073426
1495.60698816,1591.55014617
1495.27268581,1593.27002349
1495.0970036,1594.16435982
1494.92645068,1595.02363027
1493.90829236,1600.1532127
1493.41167947,1602.67987724
1493.2427089,1603.54847667
1493.07898095,1604.39105186
1492.912564,1605.24211824
1492.74158629,1606.11032482
1492.40111598,1607.83801164
1491.72389219,1611.30313234
1489.78579815,1621.22990637
1488.77023037,1626.36902255
1488.5998577,1627.21930588
1486.8945591,1635.64961184
1486.02817483,1639.89809312
1485.84660719,1640.78222155
1484.79284865,1645.91364299
1484.61454293,1646.78037426
1483.55246579,1651.89200611
1483.19481664,1653.59814034
1481.7473942,1660.45530776
1481.21061377,1663.0008812
1481.02589717,1663.8843571
1480.1413084,1668.11100585
1479.96005648,1668.9680833
1478.5099044,1675.81562916
1478.14399897,1677.55619697
1477.23600843,1681.87739248
1476.67971581,1684.50928523
1476.12368892,1687.12314321
1475.38056361,1690.61997595
1475.20380182,1691.45991348
1475.02305961,1692.32613994
1474.84411808,1693.18370273
1474.66752503,1694.02367576
1473.58563195,1699.16732542
1471.57011136,1708.82569936
1470.29931736,1714.9694613
1469.7548028,1717.62188525
1469.57137648,1718.51466546
1469.38307085,1719.42450949
1469.01695495,1721.19215161
1468.09620545,1725.63723597
1467.37152499,1729.13793771
1464.51704052,1743.04144575
1464.1451693,1744.85307599
1463.24621499,1749.23940822
1462.17573204,1754.51191711
1461.28401144,1758.89972564
1460.57754376,1762.38609276
1459.88215691,1765.85663935
1458.49083185,1772.80664664
1458.11833918,1774.6542707
1456.88927235,1780.7523648
1456.7127021,1781.63750481
1456.53943708,1782.51427951
1456.19329591,1784.27692442
1455.84584619,1786.03931185
1454.79686972,1791.28907305
1454.62496359,1792.13904768
1453.92453606,1795.59955267
1453.75140005,1796.46733142
1453.41509022,1798.17779996
1452.57328018,1802.46729478
1450.86206159,1811.19416751
1450.18376898,1814.68612562
1449.67647554,1817.30086402
1449.49973061,1818.19499094
1449.31147479,1819.1138797
1449.11404095,1820.03084027
1448.90577526,1820.94540149
1448.68214638,1821.87454088
1448.44906814,1822.79222797
1448.20481107,1823.7070031
1447.95135295,1824.61008438
1447.68359074,1825.51825752
1447.40269818,1826.43171757
1447.10798313,1827.35939879
1446.8083758,1828.28551155
1446.22076378,1830.10428908
1445.93305241,1831.00634075
1445.64054032,1831.93471895
1445.07528879,1833.73276126
1444.78998583,1834.63557756
1444.50880477,1835.52113523
1444.22871723,1836.39775437
1440.1142793,1849.18460949
1439.83915755,1850.03494041
1438.7362374,1853.4447773
1438.45275612,1854.32030485
1437.0877882,1858.52889884
1436.54124279,1860.21215528
1435.44425886,1863.58670745
1434.89630283,1865.27880888
1433.81384723,1868.62086323
1433.53034868,1869.49638519
1430.80277997,1877.92364178
1427.26290731,1888.81310112
1426.72184629,1890.4702251
1423.72179829,1899.66493248
1422.36104759,1903.83767795
1422.08273827,1904.68697094
1421.2524751,1907.20844022
1420.42415941,1909.71191554
1419.04271214,1913.88717651
1415.45134418,1924.75044181
1414.61294296,1927.28786232
1414.33136743,1928.14539663
1412.9612503,1932.34300982
1411.57870192,1936.5737982
1411.01217062,1938.29707042
1410.7317383,1939.14566477
1408.77426352,1945.04105583
1405.72108522,1954.2555529
1404.07435976,1959.25645485
1403.79885975,1960.09735661
1402.71418841,1963.41077113
1401.85391731,1966.01552019
1401.56226828,1966.87902616
1401.24918317,1967.772588
1400.92447914,1968.66199361
1400.58239143,1969.56381252
1400.2261774,1970.46966072
1399.86939703,1971.34669141
1399.49939955,1972.22783371
1399.12880589,1973.07985221
1398.75707444,1973.9023275
1398.34732708,1974.78525247
1396.74171671,1978.22512466
1395.18075733,1981.56865472
1394.79005922,1982.40188046
1393.61758639,1984.8916027
1392.83708531,1986.54869758
1392.45002866,1987.37385748
1392.06823653,1988.19171116
1390.18337512,1992.23363613
1389.42798868,1993.8536392
1387.17347702,1998.70930821
1386.78748788,1999.54472578
1383.1036523,2007.52210461
1380.51745246,2013.10181806
1378.65653894,2017.11584368
1376.44177354,2021.89240513
1374.9560489,2025.09526569
1372.72425391,2029.92245001
1370.14279479,2035.50435835
1368.65610929,2038.70677303
1367.13931608,2041.96349859
1366.73870065,2042.81161656
1366.33674952,2043.63947248
1365.91590057,2044.47773436
1365.48693234,2045.30190754
1365.02528836,2046.15884058
1364.55638855,2047.00171324
1364.0811042,2047.83081799
1363.58661711,2048.66922833
1363.08257989,2049.50193229
1362.55491317,2050.35128558
1362.03500525,2051.16368763
1361.50989938,2051.96216977
1360.97451466,2052.76445685
1359.40132194,2055.11884612
1358.872203,2055.91467464
1358.36480584,2056.6824365
1357.85904646,2057.45127822
1351.95568741,2066.42629584
1351.45862939,2067.17967702
1350.31615066,2068.90658899
1349.32292172,2070.40332779
1346.35137838,2074.86708156
1342.37455386,2080.84081368
1340.88217666,2083.08955042
1339.38344708,2085.35530801
1332.48441168,2095.78305292
1331.9755303,2096.54983182
1331.47040239,2097.30848029
1330.96379343,2098.06614055
1330.46047807,2098.81535583
1328.45146108,2101.80440801
1326.44720652,2104.78599932
1325.45494306,2106.26210104
1324.9379584,2107.03411272
1324.45063227,2107.76208749
1323.44656618,2109.26223775
1317.46523373,2118.22806005
1316.46079417,2119.73859838
1312.46699199,2125.74354855
1311.96072481,2126.50143722
1309.87976781,2129.61271438
1301.94965812,2141.50143
1301.43999076,2142.2676867
1298.96481311,2145.99884266
1296.5086529,2149.70013895
1296.01339266,2150.44409591
1292.59363024,2155.56618282
1292.08658528,2156.32355137
1286.25972633,2164.99878837
1285.76008174,2165.7398079
1284.77290571,2167.1979935
1283.79089166,2168.64898781
1282.30338179,2170.85840355
1281.30615634,2172.34183202
1280.81650802,2173.06824687
1280.33691556,2173.78009717
1279.3386042,2175.26279507
1272.95275303,2184.72443354
1271.96558097,2186.18262183
1270.47309046,2188.3779843
1269.9693866,2189.11625057
1267.01208784,2193.44016975
1266.01106458,2194.89962737
1265.00003299,2196.37368088
1263.5064825,2198.55761049
1262.86818121,2199.49327332
1261.86059105,2200.96968136
1261.34516881,2201.72137386
1260.8018827,2202.50759909
1260.27308574,2203.26078161
1259.73492804,2204.0073045
1259.18675492,2204.74650432
1258.62952126,2205.47889819
1258.05843789,2206.21179584
1257.47352389,2206.94505734
1256.87465166,2207.6784243
1256.26703073,2208.40455918
1255.66695367,2209.10228238
1255.04806535,2209.80710438
1253.79640273,2211.22810435
1253.14955184,2211.96725114
1252.50491159,2212.70832671
1250.63343015,2214.8685779
1247.63588358,2218.3245686
1247.02002675,2219.03204098
1246.41579075,2219.72616561
1244.05637059,2222.43542004
1240.54605877,2226.45398677
1236.42367615,2231.17158534
1230.53337913,2237.92843956
1228.16435921,2240.65280052
1226.39641284,2242.69200925
1225.22528141,2244.04236839
1222.28624959,2247.42025548
1221.66352282,2248.13347805
1221.02080833,2248.86448248
1220.26626564,2249.70920658
1219.57281867,2250.46601413
1218.89232499,2251.18653037
1218.22789038,2251.87343397
1216.93867579,2253.19941213
1215.59106653,2254.59202567
1214.9648615,2255.24203884
1214.3281787,2255.90652748
1211.79574771,2258.55367215
1211.14647636,2259.23060901
1206.74845462,2263.81577645
1205.46400208,2265.15863995
1204.84145905,2265.81216122
1204.22010855,2266.46681643
1194.34839847,2276.89782135
1192.50275743,2278.85484207
1190.62983957,2280.84695001
1187.49040077,2284.18672896
1186.86533941,2284.85005392
1184.35876487,2287.50954827
1183.72834076,2288.17997767
1181.87591632,2290.15491377
1181.27149359,2290.80120256
1178.79352166,2293.45113739
1178.18207717,2294.10297349
1172.03625089,2300.65256037
1168.39655904,2304.54222069
1161.13350567,2312.32469077
1158.70968854,2314.92833491
1156.93355059,2316.84132497
1155.63889799,2318.2353717
1154.42826745,2319.53838235
1151.43450217,2322.75996117
1147.84358343,2326.61041929
1147.19462318,2327.29985793
1146.52743566,2327.99639376
1145.85212886,2328.68506064
1145.16104887,2329.37052241
1144.47307259,2330.03384627
1143.68593255,2330.77266399
1142.98774219,2331.41219919
1142.26238203,2332.06127703
1141.55642757,2332.67887326
1140.83791397,2333.29548762
1140.12893265,2333.89600461
1138.69688037,2335.10778575
1138.01652725,2335.68733236
1133.29185319,2339.72029632
1130.59958329,2342.01810817
1124.34001375,2347.36047149
1117.70538268,2353.02670267
1110.86400267,2358.886852
1108.87679908,2360.5931624
1100.17005114,2368.0706086
1099.5044767,2368.64020905
1098.15784873,2369.78853707
1097.47024707,2370.37321975
1096.80290786,2370.94075159
1096.11629983,2371.5266008
1093.35526817,2373.88015209
1092.63835056,2374.48498757
1091.8954635,2375.10014622
1091.14501455,2375.70605687
1090.40687398,2376.28480146
1089.68182597,2376.83707594
1088.94959303,2377.37978823
1088.20396627,2377.91918685
1087.43090554,2378.46586058
1086.65139928,2379.00330363
1085.87956236,2379.52054917
1085.10860087,2380.02307134
1084.31086179,2380.53305899
1083.51082462,2381.03943394
1082.7179213,2381.54053386
1081.91861551,2382.04806249
1080.35242672,2383.04813917
1079.59293499,2383.53580934
1074.20340166,2386.99944207
1072.67715289,2387.97984482
1071.16550953,2388.95023912
1068.87704401,2390.41406062
1065.85061565,2392.34994658
1062.0788163,2394.76273726
1055.98900777,2398.65884953
1043.73911456,2406.52181411
1040.70730943,2408.46571223
1039.93900853,2408.956034
1039.15500226,2409.45464141
1029.97773471,2415.28968315
1027.67205856,2416.7594358
1026.12746713,2417.74400815
1023.82713573,2419.20567799
1020.70992409,2421.18021061
1018.27051125,2422.71996585
1017.45229272,2423.23067103
1016.61387226,2423.74234004
1015.76910167,2424.24345549
1014.91757574,2424.73300389
1014.05151515,2425.2148279
1013.17896788,2425.68480297
1012.31588154,2426.13483784
1011.41507887,2426.5888887
1010.40475199,2427.0809925
1009.49173102,2427.5099451
1008.60513846,2427.91169507
1007.71454337,2428.30449245
1006.80566038,2428.69964687
1005.912632,2429.08688028
1005.01211763,2429.4790893
1002.43493406,2430.60882209
998.93711047,2432.15095973
998.078901858,2432.5294763
992.170297812,2435.14009358
989.631295013,2436.26867218
987.950755277,2437.01928976
987.095029325,2437.40338598
982.945704696,2439.26619982
977.98382731,2441.47960534
977.15051479,2441.84878274
972.198398076,2444.04057099
971.373581651,2444.40707848
967.257085707,2446.23489653
961.320549754,2448.86985372
960.480014516,2449.24456781
959.648092019,2449.61686696
952.23334418,2452.9347209
948.113698864,2454.77721091
944.81799127,2456.25122229
933.35615924,2461.37874223
928.380299553,2463.60423847
925.044277551,2465.09647951
922.566192994,2466.20955845
915.923553609,2469.1947366
915.099828916,2469.56369122
910.117285652,2471.79591468
909.286120668,2472.16990195
907.641200131,2472.91343134
906.795241954,2473.29765776
904.289994039,2474.43657927
895.187368026,2478.57487805
893.512993812,2479.33914996
892.692560105,2479.71536587
885.269218668,2483.12144989
884.464403163,2483.48926511
883.634766362,2483.8666303
881.127977855,2485.00215693
877.017701484,2486.86545377
876.220386949,2487.22839115
875.423564688,2487.59240805
870.522163329,2489.83223876
866.458293176,2491.69068589
865.64619702,2492.06385406
863.204176534,2493.19206366
851.872356035,2498.45544618
851.062380004,2498.83319409
845.435961421,2501.46582722
842.238091964,2502.96226446
839.824240037,2504.08810745
835.78246694,2505.97329451
834.956952086,2506.35959354
832.561962223,2507.48398901
831.753523268,2507.8650154
830.953813661,2508.2438037
820.449038513,2513.24888
818.015008953,2514.41485887
812.349512039,2517.13036672
811.527113639,2517.52325676
809.922326744,2518.29014794
800.133775055,2522.98797617
798.515492972,2523.76765166
796.069557107,2524.94970306
790.376759649,2527.71046277
784.72188031,2530.44801237
783.899755674,2530.84147494
783.058418237,2531.2357166
782.17273426,2531.63946565
781.290446162,2532.02916946
780.410995412,2532.40316983
779.518116879,2532.76795643
778.604016423,2533.12736486
777.685246956,2533.47466403
776.74535303,2533.81588623
775.801053727,2534.14472051
774.860277656,2534.4564186
773.922815049,2534.74953618
772.97206055,2535.02932393
771.999751112,2535.29806544
771.031581513,2535.54802701
770.041986734,2535.78517861
769.06589062,2536.00213378
768.077758903,2536.20511987
767.08650226,2536.39225054
766.101093408,2536.56196375
765.095442951,2536.7175461
764.122336606,2536.85103051
763.068128117,2536.97826079
762.170451793,2537.07221342
761.200875176,2537.15806553
760.238863277,2537.22759576
759.249316433,2537.28248062
758.303173969,2537.31839011
757.347688897,2537.33731564
756.374320866,2537.33933446
755.392207725,2537.32491834
754.401653429,2537.29302003
753.42067885,2537.24359412
752.440762698,2537.17637507
751.479941633,2537.09196992
750.520945946,2536.98887472
749.555297645,2536.86651154
748.600796808,2536.72784106
747.640169714,2536.57085387
746.708664402,2536.40122806
745.754502676,2536.20880977
744.821466254,2536.00204194
743.892500129,2535.77769436
742.984951309,2535.54073034
742.090269143,2535.29009314
741.183188057,2535.01865447
740.298185259,2534.73573183
739.41895236,2534.4353576
738.529318367,2534.1112798
737.662723715,2533.77618447
736.794547897,2533.42112452
735.957677076,2533.06008584
735.127704304,2532.68346015
734.289128514,2532.28337789
733.466392003,2531.87104941
732.644008051,2531.43866091
731.822624492,2530.98575268
731.026066528,2530.52487792
730.247017461,2530.05181951
729.463024024,2529.55319193
728.696600178,2529.04377596
727.933238301,2528.51410265
727.18087902,2527.96891398
726.44734049,2527.413188
725.705247389,2526.82516343
724.975603017,2526.2217613
724.244872397,2525.59221057
723.526927254,2524.94811732
722.828695014,2524.29559786
722.143858527,2523.62903288
721.471961942,2522.94942647
720.831527377,2522.27628551
720.198451729,2521.58417856
719.560772522,2520.86053045
718.935089283,2520.12648561
718.314611042,2519.37651484
717.726135012,2518.64610895
717.155228464,2517.92432237
716.603857416,2517.22094152
713.827310751,2513.67450018
713.275071441,2512.97180081
711.642199311,2510.90123949
711.082500696,2510.19315239
707.770353481,2505.99847023
707.175716363,2505.23905727
706.559877981,2504.44008872
705.93631974,2503.6136229
705.317685422,2502.7724552
704.715708192,2501.93014049
704.145954017,2501.10842683
703.593468859,2500.28564164
703.059529378,2499.46122507
702.558842214,2498.65761608
702.075085236,2497.85401419
701.591205667,2497.0298962
701.113269111,2496.20231747
700.661250626,2495.41087512
700.240899763,2494.67267953
699.801577916,2493.90455691
699.351608122,2493.12213947
698.453354117,2491.56654617
694.400082881,2484.56770067
693.951016868,2483.79498185
693.016974601,2482.18853679
692.534814729,2481.35317866
692.04961488,2480.49916744
691.569416005,2479.63220473
691.08343065,2478.7280783
690.617730529,2477.83324254
690.168935384,2476.93970122
689.72885617,2476.03199096
689.308787197,2475.13435107
688.890505053,2474.20667724
688.499811583,2473.3055043
688.114567461,2472.38277999
687.750830023,2471.47992648
687.392121476,2470.5560523
687.048778479,2469.6357971
686.72116927,2468.71921562
686.400446078,2467.78147795
686.098183419,2466.85622842
685.804283831,2465.90974105
685.523059172,2464.95018602
685.259377151,2463.99483943
685.008108216,2463.03615323
684.773497509,2462.10972584
684.550693487,2461.2168269
684.325549087,2460.31539184
684.09857581,2459.41441553
683.199949666,2455.87205796
682.756143429,2454.12230496
681.422891602,2448.83699961
680.759455039,2446.19354445
680.315712196,2444.4255232
679.659643938,2441.82583739
677.26800414,2432.35402099
674.273005465,2420.42437262
673.175037876,2416.04707732
672.954188037,2415.17193434
671.633833062,2409.97464368
670.98031625,2407.41995948
670.528160275,2405.65407109
669.870011202,2403.08230436
669.64739409,2402.21674312
667.890787652,2395.38650031
667.45430336,2393.6896746
667.004440496,2391.94146897
665.687810557,2386.79802044
663.285545247,2377.29238102
663.059826697,2376.37285604
662.84391995,2375.45097789
662.629347347,2374.48341708
662.434137964,2373.54789413
662.254085288,2372.61834796
662.080688012,2371.65155561
661.921576747,2370.69127805
661.774956112,2369.72006414
661.64479369,2368.76436592
661.524611927,2367.7984437
661.412409163,2366.8404709
661.30536947,2365.89971718
661.201145383,2364.98536086
661.092838137,2364.05366008
660.982606212,2363.12218504
660.542994126,2359.44959597
660.326501167,2357.63964082
660.218480921,2356.7257252
660.109676771,2355.79408231
660.003858186,2354.88881764
658.744597324,2344.27387662
658.205612265,2339.80219319
658.096190173,2338.90627093
656.813291967,2328.41004214
656.596147059,2326.63581929
656.059688802,2322.25296748
654.662680253,2310.83464552
654.552700954,2309.94770741
654.442645634,2309.07861487
651.86719204,2288.86318051
651.307275288,2284.41190631
650.416568208,2277.25533428
650.306189018,2276.36844585
648.960842382,2265.67488003
648.726882049,2263.81357677
648.397649178,2261.16159165
647.093859405,2250.5520279
646.77352179,2247.86330465
646.671860382,2246.94865985
646.577638388,2246.01542943
646.495515722,2245.08993981
646.425903088,2244.16342523
646.365448662,2243.20966679
646.313761605,2242.22880875
646.276692159,2241.31813451
646.250961135,2240.38936485
646.23586471,2239.4249617
646.231110516,2238.43390533
646.235239978,2237.46054397
646.243724901,2236.46951253
646.259825279,2234.54053711
646.266481442,2233.55834072
646.275775728,2231.69126298
646.277376148,2230.77098716
646.276153307,2229.85071077
646.257046333,2219.05516812
646.240428833,2210.17096908
646.218014728,2202.96806504
646.213885691,2202.056646
646.208252112,2201.12753705
646.169202435,2195.79184191
646.161421354,2194.89814503
646.14583585,2193.0576566
646.142116076,2192.10199135
646.146980501,2191.12863338
646.163651586,2190.15540603
646.194376807,2189.16481466
646.239047971,2188.18361206
646.297116107,2187.22084032
646.366902743,2186.276592
646.447257036,2185.32430366
646.532815261,2184.37246875
646.701202739,2182.50409167
646.781222485,2181.58729999
647.702012618,2170.73339097
647.927528093,2168.02618012
648.892504814,2156.41230526
649.488175285,2149.34947555
650.782020897,2133.99810867
650.944642637,2132.12033882
651.036454369,2131.15130837
651.141889191,2130.15696605
651.259289864,2129.16396541
651.387874371,2128.18127455
651.526584732,2127.2178386
651.680665796,2126.23882157
651.843674256,2125.27919788
652.014897374,2124.32999611
652.193491625,2123.37315052
653.048615043,2118.80690005
653.214588386,2117.91071114
653.383732415,2116.98811312
653.548410546,2116.08268988
654.843214319,2108.97909392
655.006668932,2108.09143832
655.82347534,2103.65307441
655.990424559,2102.7390705
656.791644386,2098.3158509
657.909648213,2092.13346417
659.644117015,2082.51058348
659.805580952,2081.60458152
659.965684826,2080.69833824
661.04730941,2074.5723734
662.140307373,2068.37653123
662.300531505,2067.46132448
662.609377583,2065.68278192
662.765601754,2064.77586178
663.523528595,2060.34501854
663.673034951,2059.46388149
664.723378414,2053.26964088
665.0248578,2051.48983479
665.46930511,2048.83676345
665.936002632,2046.0169547
666.046167452,2045.34456053
666.332355589,2043.59808967
666.622234481,2041.84325825
668.217228413,2032.17834152
669.351979083,2025.23565387
670.074817779,2020.81688329
670.360461163,2019.07032325
671.331714511,2013.06927365
671.473131398,2012.18680217
671.610504956,2011.32160709
671.886913644,2009.58252112
672.028343274,2008.70005168
674.819042315,1991.27759514
674.959259315,1990.39493221
675.933194188,1984.29572693
676.079924236,1983.40515398
676.23896273,1982.48974045
676.41466537,1981.54135765
676.595364068,1980.62997236
676.783111118,1979.7471355
676.987372921,1978.84981323
677.2058213,1977.94673212
677.432488244,1977.05480598
677.664137122,1976.17330697
678.142540128,1974.36853656
678.374573057,1973.48713857
678.602842844,1972.61390161
678.826779918,1971.74868092
681.730474522,1960.49887674
681.955359258,1959.63390188
682.840579777,1956.23428102
683.507525407,1953.67392457
684.183481161,1951.07933872
684.853734615,1948.49241396
685.07215573,1947.64404716
685.293772026,1946.77822913
688.394916629,1934.67466545
690.21626627,1927.61438255
690.660898179,1925.90138325
690.886539104,1925.03660534
693.791312658,1913.89678207
695.774777229,1906.24776884
696.891074884,1901.92079
697.553325033,1899.34093956
697.991127327,1897.63531623
698.64539552,1895.09909732
699.976544825,1889.96852863
701.081177618,1885.69337204
701.73494217,1883.13875123
701.948874994,1882.29836957
702.593636275,1879.75058838
704.525816605,1872.07020943
705.606296341,1867.77975906
706.03169337,1866.08924308
706.670871675,1863.53093375
707.106562274,1861.7882621
707.326974044,1860.92213664
707.555406628,1860.05809197
707.795118756,1859.19710837
708.056806006,1858.30559563
708.33503126,1857.40057311
708.621422834,1856.50738966
708.918797648,1855.61780266
709.224251524,1854.74032155
709.549346688,1853.84164305
709.889754696,1852.92973748
710.23896899,1852.01169422
710.593681447,1851.09576128
710.956072005,1850.18283898
711.333352544,1849.25683004
711.715653716,1848.34246626
712.107470035,1847.43213924
712.506767684,1846.53474554
712.920883372,1845.63434368
713.334011439,1844.76277811
713.751687552,1843.90321045
714.174578044,1843.04619614
715.422741929,1840.5242409
715.817748254,1839.7225398
716.222428919,1838.89601472
716.617463268,1838.08447437
717.787042302,1835.68166262
718.183587115,1834.87085926
718.979533714,1833.25065294
719.781823184,1831.62370596
720.186053051,1830.80682168
721.382153414,1828.39732695
726.887191272,1817.29932261
727.287026384,1816.49013674
729.272064428,1812.45696816
736.35808545,1798.05393902
737.149686833,1796.45132058
738.7216683,1793.27014936
739.116679863,1792.46845084
741.091103261,1788.44978421
742.282193554,1786.01808669
742.678140353,1785.20699112
746.219346746,1777.92578813
749.372378691,1771.43978229
749.775757538,1770.61262109
751.728639803,1766.62281307
752.126835451,1765.81281917
757.168079564,1755.55163478
757.564576323,1754.74080792
761.405888788,1746.85773522
761.803850621,1746.03777907
766.785801171,1735.77717837
768.344665041,1732.57971129
772.914009667,1723.20082392
773.308077545,1722.38881383
773.708310206,1721.56012573
774.108131706,1720.73123919
774.892295533,1719.10529743
775.295719021,1718.26832391
775.692929822,1717.44800368
776.465032972,1715.85554619
781.507022761,1705.46670955
783.849809078,1700.66285382
784.242655582,1699.86009216
786.948856066,1694.34743855
788.531959068,1691.12242569
788.940277763,1690.28782937
793.249564503,1681.45157672
795.617640183,1676.58129816
796.411630806,1674.95028505
797.20075027,1673.33658705
799.535997253,1668.57829797
803.449389813,1660.60242012
804.261268238,1658.95060476
804.678975486,1658.11077295
805.118811765,1657.24244499
805.575948626,1656.36310364
806.040423725,1655.497646
806.495049593,1654.67721188
806.961029375,1653.86317279
807.487699065,1652.97183128
807.975516547,1652.17068777
808.468346827,1651.38303716
808.972866628,1650.59230548
809.489996413,1649.78863473
810.001587662,1648.99192308
810.506705617,1648.20157337
811.001218664,1647.42545032
811.484641177,1646.66324788
813.404511077,1643.63710843
823.345886532,1627.97936562
823.842247518,1627.1939352
826.728691036,1622.62227504
827.687638776,1621.1033445
829.591828935,1618.07776451
832.909209657,1612.80495572
834.332111484,1610.54292792
840.93668021,1600.04104159
842.858149108,1596.98451491
845.240650307,1593.19351013
850.479366538,1584.85363897
852.841260409,1581.09148872
853.824436811,1579.5355309
854.331840603,1578.74664675
854.937097541,1577.83142574
855.4808083,1577.03475771
856.041469491,1576.2390766
856.629121609,1575.430066
857.217226322,1574.64337234
857.814776937,1573.86382933
858.404475367,1573.11178833
859.000692232,1572.36490458
859.611499748,1571.6070368
860.783690459,1570.15375272
861.364795573,1569.42877546
861.938545388,1568.70924694
862.522265563,1567.97503473
866.487493564,1562.98820027
872.082238414,1555.95071992
873.75026959,1553.85156201
874.346024812,1553.10430997
876.042824644,1550.98282038
876.618595222,1550.26490786
880.544414398,1545.37116982
888.497978417,1535.46126356
889.627577667,1534.05321348
890.732760476,1532.67095623
891.273345994,1531.99288847
894.560850435,1527.85770883
895.668525877,1526.46612046
896.231904886,1525.76095809
901.749284879,1518.85417909
902.31718108,1518.14130069
904.528977713,1515.3666058
907.308833915,1511.87916267
907.886705017,1511.151605
908.453761017,1510.43805809
912.297283207,1505.60316497
917.209007092,1499.42443248
917.777228818,1498.71181352
922.148904101,1493.24552771
922.708241456,1492.54846503
926.569812235,1487.75067174
927.686777739,1486.366529
929.875125822,1483.65242503
930.441398299,1482.94958411
932.666075947,1480.19657378
936.583598189,1475.38715536
937.187695782,1474.65808667
937.795589324,1473.94376024
938.425828081,1473.22535296
939.066020002,1472.51580085
939.727240774,1471.80149245
940.391216841,1471.10189462
941.06431534,1470.4110692
941.746093295,1469.72880813
942.430341633,1469.06163941
943.097477318,1468.4277308
943.782997041,1467.78752808
944.503386648,1467.11985086
945.879227247,1465.84460583
946.566143881,1465.20590218
947.258798155,1464.56037518
951.181754671,1460.90447861
955.076509885,1457.27023921
957.039680514,1455.43114105
957.697439545,1454.81307719
961.555147983,1451.17813852
966.687878888,1446.34151196
967.345495806,1445.72329689
973.787074264,1439.68220619
977.68458945,1436.03795827
980.315292506,1433.5782868
980.979918495,1432.954609
982.932349606,1431.1170006
983.582385052,1430.50364216
985.500389218,1428.69401359
992.582391069,1422.02933021
998.338047221,1416.62801658
1004.14074209,1411.19925446
1005.43936526,1409.98391872
1006.72276228,1408.77821815
1023.88308071,1392.64168392
1024.55424931,1392.01204684
1025.213215,1391.39526967
1025.87462463,1390.781114
1026.52204767,1390.19096366
1027.20339746,1389.58560082
1027.87928959,1389.00085773
1028.58933881,1388.40160378
1029.30564875,1387.80984772
1030.04673958,1387.20644547
1031.46849472,1386.05156118
1032.27668698,1385.39042821
1032.98032407,1384.81112126
1042.55800966,1376.89801114
1043.22566974,1376.34462284
1058.82489224,1363.35534139
1060.88782544,1361.62889198
1061.5866173,1361.04374957
1063.65633991,1359.31162517
