0.0
0.0466994444443
0.18301833333
0.372401666668
0.419808333335
0.414150555557
0.443633333335
0.361329444442
0.279025555557
0.214645555557
0.148851111112
0.10027333333
0.106881666667
0.149337777779
0.153824444425
0.175527777785
0.179307222209
0.183086666668
0.149603888876
0.116121111119
0.0826383333278
0.0305244444453
-0.0192244444574
-0.0175666666662
-0.0159088888736
-0.0694372222003
-0.122965555527
-0.194417777756
-0.247946111117
-0.30052388891
-0.318204444465
-0.299329999993
-0.334934444451
-0.352615000007
-0.407557777777
-0.443869444459
-0.424994999986
-0.441968333319
-0.460356111132
-0.478036666687
-0.568827222229
-0.659617777771
-0.732484444444
-0.786719999994
-0.822324444452
-0.858636111098
-0.894947777779
-0.949183333327
-0.984787777751
-1.00246833331
-1.03807277776
-1.03712222223
-1.0375861111
-1.05597388888
-1.11020944443
-1.1651522222
-1.20146388888
-1.23848277779
-1.25616333334
-1.32971444442
-1.3294711111
-1.34785888888
-1.38487777779
-1.3853416667
-1.40372944444
-1.47610944445
-1.51312833332
-1.54990388888
-1.56829166665
-1.62252722224
-1.64091499998
-1.67722666666
-1.71329499999
-1.76728722227
-1.80359888873
-1.83991055556
-1.92975055567
-1.98398611118
-2.07548388888
-2.16627444435
-2.22050999986
-2.23889777764
-2.2386544445
-2.23911833359
-2.27472277784
-2.31103444431
-2.32871499986
-2.36502666669
-2.41901888871
-2.43740666684
-2.4737183333
-2.52795388882
-2.56472944438
-2.6366455558
-2.69088111096
-2.81820388885
-2.8358844444
-2.8729033331
-2.90921499992
-2.9632072223
-2.99951888877
-3.07167833333
-3.10728277792
-3.1801494447
-3.25301611113
-3.30725166664
-3.38011833343
-3.41642999989
-3.41547944454
-3.43316000009
-3.45154777786
-3.46922833342
-3.4876161112
-3.54185166671
-3.57816333353
-3.61518222223
-3.63357
-3.66988166682
-3.70619333365
-3.74367611107
-3.7799877779
-3.81629944436
-3.87194944433
-3.85378222215
-3.89009388897
-3.90823833325
-3.94525722229
-3.98156888912
-3.99995666654
-4.0176372221
-4.05441277765
-4.09072444448
-4.12632888907
-4.14400944463
-4.16239722241
-4.21734000015
-4.23572777757
-4.27133222217
-4.32532444455
-4.36092888914
-4.39724055561
-4.45052555542
-4.48613000002
-4.52173444427
-4.55733888886
-4.6122816666
-4.64859333342
-4.64834999994
-4.66673777771
-4.64786333331
-4.66554388887
-4.68393166664
-4.75750555564
-4.79381722246
-4.84805277763
-4.88436444445
-4.91996888905
-4.91972555556
-4.93811333333
-4.99186222223
-5.04609777774
-5.06589999996
-5.10150444456
-5.1005538892
-5.15478944437
-5.19110111119
-5.24604388893
-5.31820333313
-5.35427166681
-5.40850722198
-5.46203555527
-5.49763999986
-5.55328999983
-5.60681833312
-5.64313000029
-5.6428866668
-5.6784911114
-5.75135777783
-5.7876694443
-5.82398111112
-5.86100000016
-5.89731166698
-5.91569944441
-5.95176777775
-5.9885433333
-6.00693111107
-6.02461166663
-6.07955444436
-6.13425388897
-6.15264166674
-6.17102944452
-6.18917388881
-6.22548555563
-6.2617972221
-6.28018499989
-6.31649666635
-6.35351555575
-6.35327222226
-6.35302888912
-6.37070944468
-6.42494499984
-6.40677777766
-6.4617205554
-6.51666333313
-6.55226777773
-6.58999388899
-6.64422944451
-6.68054111098
-6.66166666693
-6.64279222218
-6.67839666677
-6.69607722233
-6.71305055531
-6.76728611117
-6.82152166669
-6.8757572222
-6.87551388872
-6.8571033334
-6.91204611113
-6.94835777795
-6.98466944442
-7.07616722212
-7.11247888894
-7.1122355558
-7.11199222232
-7.14830388879
-7.18461555561
-7.22068388894
-7.23907166672
-7.29211333339
-7.32842499985
-7.38336777759
-7.43831055568
-7.47462222215
-7.5279072223
-7.58285000003
-7.65571666647
-7.72858333324
-7.76418777749
-7.80049944432
-7.81817999987
-7.79930555546
-7.79976944455
-7.87263611098
-7.92687166685
-7.98181444458
-8.07260500005
-8.12754777779
-8.18249055552
-8.21926611108
-8.23765388886
-8.21948666668
-8.23716722224
-8.25555500001
-8.36544055583
-8.40245944453
-8.4208472223
-8.45715888912
-8.47625388878
-8.47671777751
-8.5137366669
-8.53212444433
-8.55051222246
-8.56889999988
-8.62430666671
-8.60613944453
-8.75280055555
-8.75326444464
-8.80820722237
-8.88153777789
-8.89992555566
-8.89968222218
-8.91736277773
-8.93575055552
-8.98903555567
-9.04327111117
-9.09750666669
-9.1517422222
-9.16942277776
-9.16988666684
-9.20690555554
-9.27977222231
-9.29745277787
-9.35239555561
-9.3894144443
-9.40709499986
-9.48088944446
-9.48064611132
-9.51907944446
-9.59194611123
-9.61033388866
-9.6284783333
-9.61101833335
-9.35701166647
-8.95678500011
-8.52141777788
-8.05020277792
-7.54243277765
-7.05187944421
-6.48821611085
-5.94247666653
-5.37739888907
-4.81302833314
-4.21210277794
-3.57532944466
-2.97511111134
-2.35626166676
-1.71948833312
-1.11856277793
-0.463158333381
0.174322222466
0.811095555401
1.41202111094
2.01294666684
2.65042722199
3.25135277788
3.83435444438
4.41735611088
5.05483666673
5.61920722232
6.22013277786
6.76657944441
7.34958111125
7.91395166684
8.47832222243
9.1150955557
9.67875888906
10.2252055556
10.8440549999
11.4621972222
12.0444916665
12.6260788889
13.22559
13.7892533334
14.3894716667
14.9889827778
15.6071250001
16.1894194444
16.7896377777
17.3905633333
18.0087055556
18.6096311112
19.2284805558
19.84733
20.5020272223
21.1567244443
21.7927905554
22.4288566668
23.0276605553
23.6271716668
24.2073444447
24.7875172223
25.3483516668
25.890555
26.3962033333
26.9928855558
27.571643889
28.1138472222
28.7105294444
29.2706566667
29.8314911111
30.4109566669
31.0090533335
31.6071500002
32.2418016664
32.8943772221
33.4931811113
34.0740611112
34.691496111
35.2903000002
35.8718872222
36.5079533333
37.1268027779
37.7270211112
38.3630872223
38.9453816665
39.5455999999
40.1644494444
40.72882
41.3118216665
41.949302222
42.5688588888
43.2070466666
43.8810822224
44.5730416665
45.2284461111
45.9024816665
46.5578861111
47.2125833334
47.8493566667
48.467498889
49.0856411111
49.7217072221
50.3398494445
50.9759155555
51.6119816666
52.248047778
52.8841138891
53.5015488889
54.1369077777
54.7357116669
55.4585683332
55.8767188886
56.4755227779
57.0191405559
57.5986061113
58.1608549998
58.7223966669
59.283231111
59.8440655555
60.3690522222
60.9291794445
61.4541661112
61.979152778
62.5586183333
63.1380838891
63.6630705555
64.2253194444
64.7337966669
65.2594905555
65.822446667
66.3674788887
66.9125111112
67.4940983332
68.0929022225
68.6737822223
69.2367383334
69.7989872224
70.3798672222
70.9421161111
71.504365
72.084537778
72.6467866669
73.2090355558
73.7892083334
74.3514572224
74.8585200001
75.3655827781
75.9084933332
76.3962177777
76.901866111
77.4075144446
77.9138700001
78.4381494446
78.9624288887
79.522556111
80.0289116668
80.5718222223
81.1692116667
81.6934911108
82.2364016666
82.7620955556
83.2877894442
83.8134833335
84.3757322224
84.937981111
85.4815988887
86.0259238889
86.5881727778
87.1332049999
87.7133777779
88.3128888886
88.876552222
89.4581394447
90.0762816664
90.6571616666
91.2745966667
91.8554766669
92.4549877777
93.018651111
93.6367933334
94.2728594444
94.8730777778
95.4553722224
96.0921455553
96.6916566664
97.2546127779
97.817568889
98.3977416667
98.9055116666
99.4312055555
99.9741161113
100.517733889
101.042720556
101.568414444
102.130663333
102.657064444
103.184172778
103.783683889
104.345932778
104.836486111
105.399442222
105.944474445
106.489506667
107.05317
107.634757222
108.234268333
108.797931667
109.343671111
109.908041667
110.526891111
111.109185556
111.709403889
112.290991111
112.890502222
113.507937222
114.107448333
114.706959444
115.234067778
115.485952778
115.555062778
115.532431667
115.436690556
115.286470556
115.173512778
115.153003333
115.127786667
115.125201111
115.105398889
115.085596667
115.083718333
115.045992222
115.026897222
115.007095
114.952152223
114.878578334
114.859483333
114.859019446
114.822000555
114.785688889
114.748670001
114.657172223
114.602229445
114.547993889
114.548237223
114.529849444
114.548016668
114.547552777
114.548039443
114.530358888
114.530602222
114.475659445
114.384405001
114.329462224
114.257302778
114.16534111
114.146246112
114.109934445
114.091546665
114.073158889
114.073402223
114.036383332
113.980269443
113.925326665
113.889722224
113.816855557
113.779129444
113.742110557
113.632688889
113.578453332
113.522803334
113.448765555
113.448301668
113.447837778
113.41081889
113.410355
113.354705001
113.316978888
113.316515001
113.27949611
113.242477222
113.205458335
113.186363333
113.150051667
113.11303278
113.113276111
113.076257223
113.058576667
113.040188888
113.040432222
113.058842777
113.022531111
113.004143335
112.986462779
112.931519998
112.87587
112.857482223
112.839801668
112.821413888
112.785102221
112.766714445
112.729695557
112.692676666
112.656365
112.638684444
112.602372778
112.566061112
112.511118334
112.474806668
112.419863887
112.347704445
112.3121
112.257864444
112.185705001
112.094207223
112.094450554
112.094693889
112.131492221
112.150366666
112.114055
112.095667224
112.022800556
111.949933889
111.895698333
111.840755556
111.804443889
111.768132223
111.749744443
111.712725555
111.675706668
111.658026112
111.640345557
111.603326666
111.584938889
111.583767778
111.547456112
111.510437224
111.455737777
111.400795
111.364483334
111.291616667
111.218749999
111.182438333
111.127495556
111.091183889
111.054165001
111.035777222
111.018096666
110.99970889
110.999245
110.999488334
110.962469443
110.944081666
110.96224889
110.944568332
110.926887777
110.9085
110.890819445
110.853093332
110.835412777
110.781177221
110.74581611
110.76327611
110.726964444
110.707869446
110.689481665
110.671093889
110.652706112
110.671580555
110.653192778
110.671359999
110.616417221
110.598736666
110.562425
110.488851111
110.470463335
110.434151665
110.41647111
110.362235557
110.307292776
110.27098111
110.216988888
110.199308333
110.072913335
109.945567777
109.892039446
109.874845556
109.874381666
109.856701111
109.784077778
109.729842222
109.656975555
109.584108888
109.565721111
109.528702223
109.510314444
109.510557778
109.474246112
109.437934445
109.382991668
109.327341666
109.308953889
109.291273334
109.254961668
109.236573887
109.199555
109.162536112
109.126224446
109.10854389
109.072232221
108.999365557
108.945130001
108.909525556
108.854582779
108.818271112
108.781959446
108.727016665
108.672317222
108.636005556
108.598986668
108.617397223
108.580378332
108.561990556
108.56223389
108.525214999
108.471222778
108.436568888
108.418181112
108.399793332
108.363481665
108.346508332
108.327413334
108.326949443
108.327192778
108.327436112
108.345603333
108.346089999
108.327702222
108.272759445
108.237155
108.201550555
108.164531667
108.145436666
108.127048889
108.072813333
108.018577777
107.98155889
107.963878334
107.909178888
107.818388334
107.746228889
107.674069443
107.601910001
107.584229445
107.547210554
107.546746667
107.492754446
107.419423888
107.365188332
107.256009999
107.255546112
107.237865557
107.220185001
107.183873332
107.128930554
107.111249999
107.056307222
107.056550556
107.038162776
106.965539444
106.911303887
106.85636111
106.820049444
106.820292778
106.819828888
106.765593332
106.729988889
106.657122224
106.584498889
106.494194998
106.421328332
106.366385556
106.36662889
106.403670557
106.385990001
106.386233336
106.368552777
106.313610001
106.295929445
106.260325
106.242644444
106.224963889
106.170728331
106.135123886
106.11744333
106.100469997
106.06510889
106.049086109
106.049329443
106.068203889
106.032599444
105.977899999
105.996774445
105.94324611
105.925565554
105.889961109
105.872280554
105.800121114
105.726547222
105.673018891
105.636707223
105.582471666
105.547817777
105.511506113
105.440053892
105.423080555
105.369552223
105.316023892
105.261788334
105.207796108
105.17219167
105.117956112
105.083302223
105.046990556
104.992755002
104.957150557
104.957393891
104.921789446
104.885477778
104.867797223
104.831485555
104.777250001
104.777493332
104.687653336
104.669265555
104.650877777
104.596642224
104.578961668
104.506094999
104.451152223
104.451395557
104.451638888
104.397646665
104.325487221
104.271251667
104.197677779
104.161366108
104.109031664
104.10998222
104.072963334
104.036651667
104.110005001
104.420612221
104.785698332
105.186632223
105.605490001
106.078119447
106.533532223
107.024792778
107.533977222
108.061085553
108.570270001
109.079454446
109.588638887
110.115747222
110.643562778
111.152747223
111.679855558
112.17040889
112.66096222
113.188070554
113.660700001
114.132622221
114.623175554
115.131652777
115.621498887
116.03894222
116.528788334
117.055189446
117.527111667
117.999741114
118.50751111
119.015988336
119.506541669
120.01572611
120.524203333
120.997540002
121.507431665
121.998692223
122.507876665
123.017768335
123.526245558
124.035429999
124.543907221
125.088939445
125.633264444
126.158958334
126.667435556
127.193129443
127.718116114
128.207962225
128.69710111
129.241426112
129.767119998
130.25625889
130.763321668
131.270384442
131.777447224
132.212107221
132.719170002
133.243449444
133.713957221
134.203096109
134.673603889
135.181373889
135.67122
136.178282778
136.721900557
137.175191666
137.665037777
138.190731667
138.680577777
139.116652222
139.625836667
140.135021112
140.626281667
141.134758889
141.67979111
142.169637224
142.660190553
143.150743889
143.605449443
144.097417223
144.661080556
145.151633889
145.660818333
146.18863389
146.715742224
147.242143333
147.769251664
148.314283888
148.859316113
149.404348333
149.930749445
150.457150554
150.964920555
151.472690555
151.962536669
152.452382779
152.96015278
153.467922776
153.939845001
154.484169999
154.992647222
155.46386222
155.953708331
156.425630558
156.934107781
157.442585
157.968986109
158.495387221
158.967309442
159.475786664
160.020111666
160.546512778
161.054990001
161.562760001
162.08916111
162.615562222
163.141256112
163.539361111
163.645026113
163.60376389
163.525239443
163.375019444
163.242723331
163.148396665
163.073408336
162.961157776
162.939941113
162.955986667
162.990663332
162.989492222
162.951766114
162.931963888
162.894237776
162.856511668
162.819492778
162.764549998
162.7089
162.653957224
162.599014445
162.526147779
162.525683887
162.596915558
162.907522778
163.326380556
163.708683335
164.12683389
164.581539447
165.036952222
165.528212777
166.037397222
166.456255003
166.910253334
167.436654446
167.854805001
168.308803332
168.762801666
169.216799998
169.634950553
170.088948891
170.579502223
171.032793332
171.468160555
171.940082776
172.356111664
172.790064442
173.133690553
173.550426667
173.966455555
174.346636668
174.781296664
175.215249443
175.649909446
176.085276666
176.520643892
176.974642223
177.410716667
177.90127
178.373192221
178.827190555
179.316329447
179.787544446
180.221497224
180.619602223
181.090109999
181.523355555
181.958015555
182.374044444
182.844552223
183.29713611
183.76764389
184.22022778
184.636256665
185.125395557
185.560055554
185.976791668
186.465930552
186.955069444
187.409067779
187.844434998
188.316357222
188.788279446
189.242277777
189.714199998
190.239893888
190.711816109
191.147890554
191.674291666
192.200692778
192.691246111
193.163168332
193.671645554
194.162198887
194.671383335
195.179860558
195.689044999
196.234077223
196.743261668
197.216598333
197.689227776
198.23426
198.742737223
199.233290556
199.70521278
200.212982777
200.720752777
201.174751111
201.66389
202.17166
202.67943
203.1872
203.694262779
204.202032779
204.727726669
205.234789443
205.759776111
206.248207777
206.682160555
207.15196111
207.658316669
208.128117223
208.598624999
209.033285
209.468652222
209.921943335
210.355896109
210.754708333
211.171444444
211.606104444
212.059395557
212.529903333
213.019042221
213.471626108
213.97868889
214.485044442
214.956259444
215.481953334
216.026278332
216.569896112
217.114221111
217.621991111
218.094620554
218.621021666
219.129498889
219.655900001
220.164377223
220.708702225
221.216472222
221.724949445
222.269274443
222.777044447
223.302738333
223.792584444
224.336202224
224.86189611
225.351742221
225.841588335
226.349358335
226.893683334
227.401453334
227.891299444
228.398362222
228.92334889
229.411780556
229.918843334
230.390058333
230.879197221
231.386259999
231.892615558
232.398971111
232.851555001
233.212397776
233.317355556
233.275386114
233.143090001
232.97423889
232.806094998
232.673798889
232.597396112
232.594103332
232.590810555
232.606148886
232.602856113
232.582346668
232.562544446
232.542742224
232.54157111
232.5404
232.521305
232.465654998
232.410712222
232.373693332
232.355305558
232.354841667
232.335746667
232.299434999
232.536225001
232.864048888
233.227013333
233.625825554
234.076287777
234.477221668
234.893957776
235.347248891
235.764692221
236.273169443
236.763015554
237.271492776
237.743415
238.233968333
238.705890554
239.177812775
239.631103891
240.102318889
240.591457778
241.044041664
241.515256666
241.949916666
242.385283889
242.747541112
242.745662776
242.652750557
242.521868889
242.373063334
242.20633389
242.058235558
242.020509446
241.983490556
241.945764444
241.925255
241.924083889
241.904988889
241.885893889
241.866798889
241.810685003
241.79159
241.772495
241.772031111
241.698700554
241.643050556
241.587400558
241.532457778
241.495682223
241.459370555
241.38650389
241.368116112
241.331804444
241.256816112
241.238428334
241.220040556
241.22028389
241.201896113
241.201432221
241.219599442
241.237059447
241.218207781
241.18189611
241.181432222
241.144413336
241.108101665
241.071789997
241.053402223
241.053645557
241.071812777
241.071348886
241.03552389
241.035767221
241.035303333
240.979653331
240.943341667
240.943585001
240.888178334
240.871204997
240.852817223
240.815798333
240.779486669
240.761806113
240.688939444
240.65262778
240.634239999
240.616559443
240.598878888
240.581905554
240.527669997
240.455510557
240.38335111
240.366377777
240.275587225
240.22205889
240.186454445
240.131511665
240.077276111
240.025405555
240.007725003
239.952782223
239.917177778
239.881573333
239.827337779
239.773102222
239.736790554
239.71840278
239.700014999
239.682334443
239.701208889
239.720083335
239.702402776
239.629779445
239.556912776
239.502677225
239.448441668
239.412837223
239.394449442
239.358137778
239.30390222
239.231742777
239.196138335
239.159826667
239.142146112
239.142389443
239.142632777
239.106321113
239.088640557
239.070252779
239.033941108
238.978998332
238.960610555
238.978777775
238.960390001
238.978557225
238.978800555
238.97904389
238.888496668
238.869401665
238.833090001
238.814702223
238.851500555
238.888298891
238.86991111
238.832671666
238.797067221
238.760291669
238.778458889
238.760778334
238.724466666
238.706078889
238.670474447
238.59714389
238.561539444
238.525934999
238.489623331
238.453311667
238.417
238.362764443
238.328110554
238.273875
238.220346668
238.148187221
238.075320556
238.05764
238.021328333
238.005305556
237.931731668
237.87749611
237.805336667
237.751808332
237.696865556
237.660553888
237.661504445
237.625192781
237.58888111
237.589124444
237.571443888
237.571930553
237.554249998
237.518181668
237.464653333
237.446972777
237.392030001
237.355718334
237.265878331
237.211642777
237.15740722
237.085247777
237.048936113
237.031255557
237.031498888
237.013818332
237.014768889
236.923514445
236.850647779
236.832260002
236.814579446
236.796191665
236.76058722
236.778754443
236.725469446
236.689157779
236.652138889
236.615827221
236.56229889
236.526694444
236.544861665
236.563028889
236.508793335
236.490405554
236.472017776
236.417075
236.418268891
236.419219444
236.401782222
236.402732779
236.293554445
236.27587389
236.258900556
236.205372221
236.151136668
236.114825
236.060589446
235.988429999
235.952825554
235.935144998
235.846719444
235.79248389
235.738955555
235.685427223
235.66845389
235.687328333
235.651016665
235.615412223
235.580515
235.508355553
235.436196113
235.346112777
235.292584445
235.23905611
235.184820556
235.167847219
235.150166664
235.15111722
235.116220001
235.099246667
235.081566112
235.046204997
235.047155554
235.012501665
234.976190001
234.942243334
234.906638889
234.870327225
234.798167778
234.726715556
234.691111111
234.655506666
234.621803333
234.549887224
234.532913887
234.515940554
234.49755278
234.517134444
234.482237221
234.428952221
234.394298332
234.34077
234.305872777
234.288899444
234.27192611
234.237272222
234.219591666
234.183987221
234.130458889
234.095097778
234.096048331
234.115629999
234.115873333
234.081219445
234.045614999
233.954824447
233.937143888
233.919463333
233.920413889
233.866178332
233.794018888
233.740490553
233.686255
233.650650554
233.651601111
233.615996669
233.581099446
233.527571111
233.437487777
233.366035556
233.312507221
233.29624111
233.260636665
233.260879999
233.261830555
233.226933332
233.154773889
233.101245554
233.047717222
232.994188891
232.904105557
232.870158891
232.835261664
232.799657222
232.782683889
232.71076778
232.693087224
232.675406665
232.694988334
232.658676666
232.622364998
232.586053334
232.569080001
232.533475556
232.497163888
232.479483333
232.443878887
232.390350556
232.354746111
232.282586667
232.229058335
232.211377777
232.139218333
232.140168889
232.122488334
232.086883888
232.051279443
232.015675001
232.016625554
232.017576111
232.018526667
232.038108336
232.021842221
232.004161665
231.986481113
231.950876668
231.915979441
231.880375003
231.862694444
231.845013889
231.772854445
231.773097776
231.736786112
231.682550554
231.682793889
231.684695001
231.703812778
231.630946109
231.576003333
231.576246667
231.559273334
231.542300001
231.506231667
231.45199611
231.397760556
231.380787223
231.327258891
231.309578332
231.256050001
231.220445555
231.16691722
231.113388889
231.060567776
231.044301668
230.990773333
230.936537776
230.883009445
230.847404999
230.829724444
230.812043892
230.758515557
230.66938278
230.59651611
230.542987779
230.470828332
230.453855002
230.418957779
230.275589445
230.239985
230.205087777
230.151559445
230.133171667
230.11478389
230.133658336
230.115977777
230.079666109
230.044061664
229.989826114
229.99077667
229.991020001
229.936784443
229.901887224
229.866282778
229.812754443
229.795073888
229.760176668
229.742496109
229.689918334
229.672945001
