0.0,0.0,w,-0.0 0.00523598775598,0.0
0.0,0.0,w,-0.0 0.00523598775598,0.0
0.0,0.0,w,-0.0 0.00523598775598,0.0
0.0,0.0,w,-0.0 0.00523598775598,0.0
0.0,0.0,w,0.00523598775598 0.010471975512,0.0
0.0,0.0,w,0.00523598775598 0.010471975512,0.0
0.0,0.0,w,0.010471975512 0.010471975512,0.0
0.0,0.0,w,0.010471975512 0.0157079632679,0.0
0.0,0.0,w,0.0157079632679 0.0209439510239,0.0
0.0,0.0,w,0.0209439510239 0.0209439510239,0.0
0.0,0.0,w,0.0261799387799 0.0261799387799,0.0
0.0,0.0,w,0.0314159265359 0.0261799387799,0.0
0.0,0.0,w,0.0314159265359 0.0314159265359,0.0
0.0,0.0,w,0.0366519142919 0.0314159265359,0.0
0.0,0.0,w,0.0366519142919 0.0366519142919,0.0
0.0,0.0,w,0.0418879020479 0.0366519142919,0.0
0.0,0.0,w,0.0471238898038 0.0418879020479,0.0
29.6073286086,-0.314096193531,w,9.70228531184 9.62898148325,-1.21562545506
36.1853942536,-0.469196733077,w,11.1107660182 11.0165182386,-1.48576444507
39.4741345718,-0.558376941225,w,12.5140107368 12.3726390674,-1.62083394008
42.7626555177,-0.655309795175,w,13.9172554554 13.7706477982,-1.75590343508
49.338966192,-0.872431242636,w,15.3257361618 15.2157804189,-2.0260424251
55.9141800888,-1.12055624897,w,17.4620191662 17.3363554601,-2.29618141511
59.2013300686,-1.25624338999,w,18.9019157991 18.7396001787,-2.43125091012
65.7746247515,-1.5508631774,w,20.362756383 20.169024836,-2.70138990013
69.0607329245,-1.70979418648,w,21.8026530159 21.5932135057,-2.83645939514
75.6317796228,-2.05089401923,w,23.9494079959 23.6980805836,-3.10659838515
82.2011450693,-2.42297121429,w,25.3997766043 25.1798651185,-3.37673737516
85.485151686,-2.62062376487,w,26.734953482 26.5150419963,-3.51180687017
90.4293403625,-3.08437271631,w,28.0910743108 27.8345109108,-7.20515647872
95.3086940101,-3.55945193265,w,29.5362069315 29.2377556294,-3.91701535519
98.5906908617,-3.78806220305,w,30.9289796746 30.6148204092,-4.05208485019
103.53028681,-4.29841171396,w,32.2746285279 31.9447612993,-7.74543445874
108.404943774,-4.81947962481,w,33.7197611485 33.3584779934,-4.45729333521
113.340806918,-5.3647500019,w,35.1334778426 34.7721946875,-8.15064294376
118.211656898,-5.92027925177,w,36.5314865735 36.2016193449,-4.86250182023
4.72062229867,-0.395821390151,a,37.9870911697 37.6258080145,-4.79300547027
0.0257514486175,-0.00212779236269,a,37.9923271574 37.63627999,-4.7235091203
0.497870517307,-0.0410261265967,a,38.1022829003 37.830011537,-4.7107127703
0.0257523964842,-0.0021162895741,a,38.107518888 37.8404835125,-4.69791642031
0.506653140108,-0.0392483190805,a,38.2070026554 38.0499230227,-4.42962007043
0.0343614490075,-0.00250002819563,a,38.2122386432 38.065630986,-4.16132372055
0.56731401262,-0.0361176289799,a,38.322194386 38.301250435,-3.64277737079
0.0344010699047,-0.00187768695074,a,38.3274303738 38.3169583983,-3.12423102103
0.559316113905,-0.0244321001439,a,38.4426221044 38.5421058718,-2.50120967131
0.0344337669998,-0.00112916299839,a,38.4478580922 38.5578138351,-1.87818832159
0.559737471858,-0.0111984547787,a,38.5578138351 38.7881972963,-1.14614197193
0.0344513760044,-0.000248995868606,a,38.5630498228 38.8039052596,-0.414095622263
0.55123454755,0.00143423961311,a,38.6625335902 39.0395247086,0.14907572748
0.051674420783,0.000642400739562,a,38.6730055657 39.0604686596,0.712247077222
0.55971684035,0.0121861234217,a,38.7724893331 39.3013240964,1.24724342698
0.0258267070196,0.000803623520095,a,38.7777253208 39.3117960719,1.78223977673
0.542139912192,0.0228999921055,a,38.8772090882 39.5421795332,2.41873612644
0.0344033060032,0.00183625804053,a,38.8824450759 39.5578874965,3.05523247615
0.550093964486,0.0354713054487,a,38.9766928555 39.7987429332,3.68945382586
0.0343542269087,0.00259738349942,a,38.987164831 39.8092149087,4.32367517557
0.574963893695,0.0493233485515,a,39.0814126107 40.0657783088,4.90312152531
0.0342946674239,0.00329167036983,a,39.0918845862 40.0762502843,5.48256787504
0.565214678507,0.060679809152,a,39.1913683535 40.3223417088,6.12763922475
0.0427648258135,0.00507873982919,a,39.201840329 40.3380496721,6.77271057446
0.563703375778,0.0734041985285,a,39.3013240964 40.5841410966,7.41918192416
0.0255836040723,0.00362544030603,a,39.3065600842 40.5946130721,8.06565327387
0.56201875772,0.0853497990436,a,39.4060438515 40.8407044967,8.63512462361
0.0340086488979,0.00551099879122,a,39.4112798393 40.8564124599,9.20459597335
0.568636319715,0.0983311114361,a,39.5055276189 41.11297586,9.81081732307
0.0423555306432,0.00778671528191,a,39.5159995944 41.1286838232,10.4170386728
0.557926353078,0.108939694114,a,39.6154833618 41.3747752478,11.0484600225
0.0253041790185,0.00523097796216,a,39.6207193495 41.3852472233,11.6798813722
0.546994602302,0.119282639258,a,39.7202031169 41.6261026601,12.3018527219
0.0251846552302,0.00577907840199,a,39.7254391046 41.6365746356,12.9238240716
0.535923575407,0.129025209855,a,39.824922872 41.8721940846,13.5365204214
0.0334070763686,0.00842179122131,a,39.8301588598 41.8879020479,14.1492167711
0.550067794528,0.143440209316,a,39.9244066394 42.1392294602,14.6154381209
