28,274
28,295
28,310
29,274
29,295
29,310
30,274
30,295
30,310
31,274
31,281
31,282
31,291
31,292
31,295
31,303
31,310
31,319
31,326
32,274
32,279
32,284
32,290
32,295
32,300
32,310
33,274
33,285
33,289
33,295
33,300
33,310
33,320
33,325
34,274
34,278
34,285
34,295
34,300
34,301
34,302
34,303
34,310
34,320
34,325
35,274
35,278
35,279
35,280
35,281
35,282
35,283
35,284
35,285
35,295
35,300
35,305
35,310
35,321
35,324
36,274
36,285
36,295
36,300
36,306
36,310
36,321
36,324
37,274
37,285
37,289
37,295
37,300
37,306
37,310
38,274
38,284
38,289
38,290
38,295
38,300
38,301
38,305
38,310
38,322
38,323
39,274
39,280
39,281
39,282
39,291
39,292
39,295
39,303
39,304
39,310
40,323
41,323
42,325
52,332
52,391
52,451
52,510
53,332
53,391
53,451
53,510
54,332
54,391
54,451
54,510
55,332
55,391
55,451
55,510
56,332
56,391
56,451
56,510
57,332
57,391
57,451
57,510
58,332
58,391
58,451
58,510
59,332
59,391
59,451
59,510
60,332
60,391
60,451
60,510
61,332
61,391
61,451
61,510
64,511
64,512
65,327
65,395
65,396
65,510
65,512
66,158
66,159
66,337
66,394
66,396
66,456
66,508
66,512
67,100
67,157
67,159
67,208
67,326
67,337
67,385
67,393
67,396
67,445
67,450
67,456
67,507
67,512
68,89
68,94
68,100
68,148
68,156
68,159
68,218
68,326
68,327
68,328
68,329
68,330
68,331
68,332
68,333
68,334
68,335
68,336
68,337
68,385
68,392
68,396
68,445
68,450
68,456
68,505
68,512
69,89
69,94
69,100
69,148
69,155
69,159
69,207
69,218
69,337
69,391
69,396
69,450
69,504
69,505
69,512
70,94
70,154
70,159
70,207
70,208
70,209
70,210
70,211
70,212
70,213
70,214
70,215
70,216
70,217
70,218
70,337
70,386
70,387
70,389
70,390
70,396
70,446
70,449
70,451
70,455
70,504
70,505
70,506
70,507
70,508
70,509
70,510
70,511
70,512
70,513
70,514
70,515
71,90
71,93
71,95
71,99
71,149
71,150
71,152
71,153
71,159
71,218
71,337
71,396
71,452
71,453
71,454
71,512
72,96
72,97
72,98
72,159
72,218
73,218
75,92
75,93
75,94
75,95
75,96
75,97
75,151
75,152
75,153
75,154
75,155
75,156
75,329
75,330
75,331
75,332
75,333
75,334
75,388
75,389
75,390
75,391
75,392
75,393
75,448
75,449
75,450
75,451
75,452
75,453
75,507
75,508
75,509
75,510
75,511
75,512
76,90
76,91
76,98
76,99
76,149
76,150
76,157
76,158
76,210
76,211
76,212
76,213
76,214
76,215
76,327
76,328
76,335
76,336
76,386
76,387
76,394
76,395
76,446
76,447
76,454
76,455
76,505
76,506
76,513
76,514
77,208
77,209
77,216
77,217
78,89
78,100
78,148
78,159
78,326
78,337
78,385
78,396
78,445
78,456
78,504
78,515
79,89
79,100
79,148
79,159
79,207
79,218
79,326
79,337
79,385
79,396
79,445
79,456
79,504
79,515
80,207
80,218
81,90
81,91
81,98
81,99
81,149
81,150
81,157
81,158
81,327
81,328
81,335
81,336
81,386
81,387
81,394
81,395
81,446
81,447
81,454
81,455
81,505
81,506
81,513
81,514
82,93
82,94
82,95
82,96
82,152
82,153
82,154
82,155
82,208
82,209
82,216
82,217
82,330
82,331
82,332
82,333
82,389
82,390
82,391
82,392
82,449
82,450
82,451
82,452
82,508
82,509
82,510
82,511
83,211
83,212
83,213
83,214
86,91
86,92
86,93
86,94
86,95
86,96
86,97
86,98
86,150
86,151
86,152
86,153
86,154
86,155
86,156
86,157
86,328
86,329
86,330
86,331
86,332
86,333
86,334
86,335
86,387
86,388
86,389
86,390
86,391
86,392
86,393
86,394
86,447
86,448
86,449
86,450
86,451
86,452
86,453
86,454
86,506
86,507
86,508
86,509
86,510
86,511
86,512
86,513
87,90
87,99
87,149
87,158
87,209
87,210
87,211
87,212
87,213
87,214
87,215
87,216
87,269
87,270
87,275
87,276
87,327
87,336
87,386
87,395
87,446
87,455
87,505
87,514
88,208
88,217
88,268
88,277
89,89
89,100
89,148
89,159
89,267
89,278
89,326
89,337
89,385
89,396
89,445
89,456
89,504
89,515
90,207
90,218
90,267
90,278
91,90
91,99
91,149
91,158
91,327
91,336
91,386
91,395
91,446
91,455
91,505
91,514
92,91
92,92
92,93
92,96
92,97
92,98
92,150
92,151
92,152
92,155
92,156
92,157
92,208
92,217
92,268
92,277
92,328
92,329
92,330
92,333
92,334
92,335
92,387
92,388
92,389
92,392
92,393
92,394
92,447
92,448
92,449
92,452
92,453
92,454
92,506
92,507
92,508
92,511
92,512
92,513
93,209
93,210
93,211
93,214
93,215
93,216
93,269
93,270
93,271
93,272
93,273
93,274
93,275
93,276
192,272
192,273
192,274
192,275
192,276
193,271
193,272
193,273
193,274
193,275
193,276
193,277
193,548
193,549
193,554
193,555
194,270
194,271
194,272
194,273
194,274
194,275
194,276
194,277
194,278
194,374
194,375
194,376
194,377
194,378
194,379
194,380
194,381
194,382
194,383
194,384
194,385
194,386
194,387
194,388
194,389
194,390
194,391
194,392
194,393
194,394
194,395
194,396
194,397
194,547
194,556
195,270
195,271
195,272
195,273
195,274
195,275
195,276
195,277
195,278
195,362
195,363
195,364
195,365
195,366
195,367
195,368
195,369
195,370
195,371
195,372
195,373
195,374
195,375
195,376
195,377
195,379
195,380
195,381
195,382
195,383
195,384
195,385
195,386
195,387
195,388
195,389
195,390
195,391
195,392
195,393
195,394
195,395
195,396
195,397
195,398
195,399
195,400
195,546
195,557
196,270
196,271
196,272
196,273
196,274
196,275
196,276
196,277
196,278
196,352
196,353
196,354
196,355
196,356
196,357
196,358
196,359
196,360
196,361
196,362
196,363
196,364
196,365
196,367
196,368
196,369
196,370
196,371
196,372
196,373
196,374
196,375
196,376
196,377
196,378
196,380
196,381
196,382
196,383
196,384
196,386
196,387
196,388
196,389
196,390
196,391
196,392
196,393
196,394
196,395
196,396
196,397
196,398
196,399
196,400
196,401
196,402
196,403
196,546
196,557
197,270
197,271
197,272
197,273
197,274
197,275
197,276
197,277
197,278
197,343
197,344
197,345
197,346
197,347
197,348
197,349
197,350
197,351
197,352
197,353
197,354
197,355
197,357
197,358
197,359
197,360
197,361
197,362
197,363
197,364
197,365
197,366
197,367
197,368
197,370
197,371
197,372
197,373
197,374
197,375
197,376
197,377
197,379
197,380
197,381
197,382
197,383
197,384
197,386
197,387
197,388
197,389
197,390
197,391
197,392
197,393
197,394
197,395
197,396
197,397
197,398
197,399
197,400
197,401
197,402
197,403
197,404
198,270
198,271
198,272
198,273
198,274
198,275
198,276
198,277
198,278
198,335
198,336
198,337
198,338
198,339
198,340
198,341
198,342
198,343
198,344
198,345
198,346
198,348
198,349
198,350
198,351
198,352
198,353
198,354
198,355
198,356
198,358
198,360
198,362
198,363
198,364
198,365
198,366
198,367
198,368
198,370
198,371
198,372
198,373
198,374
198,375
198,376
198,377
198,379
198,380
198,381
198,382
198,383
198,384
198,386
198,387
198,388
198,389
198,390
198,391
198,392
198,393
198,394
198,395
198,396
198,397
198,398
198,399
198,400
198,401
198,402
198,403
198,404
198,405
198,406
198,547
198,556
199,270
199,271
199,272
199,273
199,274
199,275
199,276
199,277
199,278
199,326
199,327
199,328
199,329
199,330
199,331
199,332
199,333
199,334
199,335
199,336
199,337
199,338
199,339
199,340
199,341
199,342
199,343
199,344
199,345
199,346
199,347
199,349
199,350
199,351
199,352
199,353
199,354
199,355
199,358
199,360
199,362
199,363
199,364
199,365
199,366
199,367
199,368
199,370
199,371
199,372
199,373
199,374
199,375
199,376
199,377
199,379
199,380
199,381
199,382
199,383
199,384
199,386
199,387
199,388
199,389
199,390
199,391
199,392
199,393
199,394
199,395
199,396
199,397
199,398
199,399
199,400
199,401
199,402
199,403
199,404
199,405
199,406
199,407
199,548
199,549
199,550
199,551
199,552
199,553
199,554
199,555
200,270
200,271
200,272
200,273
200,274
200,275
200,276
200,277
200,278
200,319
200,320
200,321
200,322
200,323
200,324
200,325
200,326
200,327
200,328
200,329
200,331
200,332
200,333
200,334
200,335
200,336
200,337
200,338
200,341
200,342
200,343
200,344
200,345
200,346
200,347
200,348
200,349
200,350
200,351
200,352
200,353
200,354
200,355
200,357
200,358
200,360
200,362
200,363
200,364
200,365
200,366
200,367
200,368
200,370
200,371
200,372
200,373
200,374
200,375
200,376
200,377
200,379
200,380
200,381
200,382
200,383
200,384
200,386
200,387
200,388
200,389
200,390
200,391
200,392
200,393
200,394
200,395
200,396
200,397
200,398
200,399
200,400
200,401
200,402
200,403
200,404
200,405
200,406
200,407
200,408
200,409
201,270
201,271
201,277
201,278
201,315
201,316
201,317
201,318
201,319
201,320
201,321
201,323
201,324
201,325
201,326
201,327
201,328
201,329
201,330
201,332
201,333
201,334
201,335
201,336
201,338
201,339
201,341
201,342
201,343
201,344
201,345
201,346
201,347
201,348
201,349
201,350
201,351
201,352
201,353
201,354
201,355
201,357
201,358
201,360
201,362
201,363
201,364
201,365
201,366
201,367
201,368
201,370
201,371
201,372
201,373
201,374
201,375
201,376
201,377
201,379
201,380
201,381
201,382
201,383
201,384
201,385
201,386
201,387
201,388
201,389
201,390
201,391
201,392
201,393
201,394
201,395
201,396
201,397
201,398
201,400
201,401
201,402
201,403
201,404
201,405
201,406
201,407
201,408
201,409
201,410
202,270
202,272
202,273
202,274
202,275
202,276
202,278
202,308
202,309
202,310
202,311
202,312
202,313
202,314
202,315
202,316
202,317
202,319
202,320
202,321
202,322
202,324
202,325
202,326
202,327
202,328
202,329
202,330
202,332
202,333
202,334
202,335
202,336
202,338
202,339
202,341
202,342
202,343
202,344
202,345
202,346
202,347
202,348
202,349
202,350
202,351
202,352
202,353
202,354
202,355
202,357
202,358
202,360
202,362
202,363
202,364
202,365
202,366
202,367
202,368
202,369
202,370
202,371
202,372
202,373
202,374
202,375
202,376
202,377
202,378
202,379
202,380
202,381
202,382
202,383
202,384
202,385
202,386
202,387
202,388
202,389
202,390
202,391
202,392
202,393
202,394
202,395
202,396
202,397
202,398
202,399
202,400
202,401
202,403
202,404
202,405
202,406
202,407
202,408
202,409
202,410
202,411
203,270
203,271
203,272
203,273
203,274
203,275
203,276
203,277
203,278
203,301
203,302
203,303
203,304
203,305
203,306
203,307
203,308
203,309
203,310
203,311
203,312
203,313
203,314
203,315
203,316
203,317
203,318
203,319
203,320
203,321
203,322
203,323
203,324
203,325
203,326
203,327
203,328
203,329
203,330
203,331
203,332
203,333
203,334
203,335
203,336
203,338
203,339
203,341
203,342
203,343
203,344
203,345
203,346
203,347
203,348
203,349
203,350
203,351
203,352
203,353
203,354
203,355
203,357
203,358
203,359
203,360
203,361
203,362
203,363
203,364
203,365
203,366
203,367
203,368
203,369
203,370
203,371
203,372
203,373
203,374
203,375
203,376
203,377
203,394
203,395
203,396
203,397
203,398
203,399
203,400
203,402
203,403
203,404
203,406
203,407
203,408
203,409
203,410
203,411
203,412
204,270
204,271
204,272
204,273
204,274
204,275
204,276
204,277
204,278
204,294
204,295
204,296
204,297
204,298
204,299
204,300
204,301
204,302
204,303
204,304
204,306
204,307
204,308
204,309
204,310
204,311
204,312
204,314
204,316
204,317
204,318
204,319
204,320
204,321
204,322
204,323
204,324
204,325
204,326
204,327
204,328
204,329
204,330
204,331
204,332
204,333
204,334
204,335
204,336
204,338
204,339
204,341
204,342
204,343
204,344
204,345
204,346
204,347
204,348
204,349
204,350
204,351
204,352
204,353
204,354
204,355
204,356
204,357
204,358
204,359
204,360
204,361
204,362
204,363
204,364
204,365
204,397
204,398
204,399
204,400
204,401
204,402
204,403
204,404
204,405
204,406
204,408
204,409
204,410
204,411
204,412
204,413
205,270
205,271
205,272
205,273
205,274
205,275
205,276
205,277
205,278
205,287
205,288
205,289
205,290
205,291
205,292
205,293
205,294
205,295
205,296
205,297
205,299
205,300
205,301
205,302
205,303
205,304
205,305
205,307
205,308
205,309
205,310
205,311
205,312
205,313
205,314
205,316
205,317
205,318
205,319
205,320
205,321
205,322
205,323
205,324
205,325
205,326
205,327
205,328
205,329
205,330
205,331
205,332
205,333
205,334
205,335
205,336
205,338
205,339
205,340
205,341
205,342
205,343
205,344
205,345
205,346
205,347
205,348
205,349
205,350
205,351
205,352
205,353
205,354
205,400
205,401
205,402
205,403
205,404
205,406
205,407
205,409
205,410
205,411
205,412
205,413
205,414
206,270
206,271
206,272
206,273
206,274
206,275
206,276
206,277
206,278
206,282
206,283
206,284
206,285
206,286
206,287
206,288
206,289
206,291
206,292
206,293
206,294
206,295
206,296
206,297
206,298
206,299
206,300
206,301
206,302
206,303
206,304
206,305
206,306
206,307
206,308
206,309
206,310
206,311
206,312
206,313
206,314
206,316
206,317
206,318
206,319
206,320
206,321
206,322
206,323
206,324
206,325
206,326
206,327
206,328
206,329
206,330
206,331
206,332
206,333
206,334
206,335
206,336
206,337
206,338
206,339
206,340
206,341
206,342
206,343
206,344
206,345
206,346
206,402
206,403
206,404
206,405
206,406
206,408
206,409
206,411
206,412
206,413
206,414
207,270
207,271
207,272
207,273
207,274
207,275
207,276
207,277
207,278
207,279
207,280
207,281
207,282
207,283
207,284
207,286
207,287
207,288
207,289
207,290
207,291
207,293
207,294
207,295
207,296
207,297
207,298
207,299
207,300
207,301
207,302
207,303
207,304
207,305
207,306
207,307
207,308
207,309
207,310
207,311
207,312
207,313
207,314
207,316
207,317
207,318
207,319
207,320
207,321
207,322
207,323
207,324
207,325
207,326
207,327
207,328
207,329
207,330
207,331
207,332
207,333
207,334
207,335
207,336
207,337
207,403
207,404
207,405
207,406
207,407
207,409
207,410
207,412
207,413
207,414
207,415
208,270
208,271
208,272
208,273
208,274
208,275
208,276
208,277
208,278
208,279
208,280
208,281
208,283
208,284
208,285
208,286
208,287
208,288
208,289
208,290
208,291
208,292
208,293
208,294
208,295
208,296
208,297
208,298
208,299
208,300
208,301
208,302
208,303
208,304
208,305
208,306
208,307
208,308
208,309
208,310
208,311
208,312
208,313
208,314
208,316
208,317
208,318
208,319
208,320
208,321
208,322
208,323
208,324
208,325
208,326
208,327
208,328
208,404
208,405
208,406
208,407
208,408
208,409
208,411
208,412
208,413
208,414
208,415
209,270
209,271
209,272
209,273
209,274
209,275
209,276
209,277
209,278
209,279
209,280
209,281
209,282
209,283
209,284
209,285
209,286
209,287
209,288
209,289
209,290
209,291
209,292
209,293
209,294
209,295
209,296
209,297
209,298
209,299
209,300
209,301
209,302
209,303
209,304
209,305
209,306
209,307
209,308
209,309
209,310
209,311
209,312
209,313
209,314
209,315
209,316
209,317
209,318
209,319
209,320
209,321
209,405
209,406
209,407
209,408
209,409
209,410
209,411
209,412
209,413
209,414
209,415
209,416
210,270
210,271
210,272
210,273
210,274
210,275
210,276
210,277
210,278
210,280
210,281
210,283
210,284
210,285
210,286
210,287
210,288
210,289
210,290
210,291
210,292
210,293
210,294
210,295
210,296
210,297
210,298
210,299
210,300
210,301
210,302
210,303
210,304
210,305
210,306
210,307
210,308
210,309
210,310
210,311
210,312
210,313
210,314
210,315
210,316
210,317
210,406
210,407
210,408
210,409
210,410
210,412
210,413
210,414
210,415
210,416
211,270
211,271
211,272
211,273
211,274
211,275
211,276
211,278
211,279
211,281
211,282
211,283
211,284
211,285
211,286
211,287
211,288
211,289
211,290
211,291
211,292
211,293
211,294
211,295
211,296
211,297
211,298
211,299
211,300
211,301
211,302
211,303
211,304
211,305
211,306
211,307
211,308
211,309
211,310
211,407
211,408
211,409
211,410
211,411
211,412
211,413
211,414
211,415
211,416
211,417
212,270
212,271
212,277
212,279
212,281
212,282
212,283
212,284
212,285
212,286
212,287
212,288
212,289
212,290
212,291
212,292
212,293
212,294
212,295
212,296
212,297
212,298
212,299
212,300
212,301
212,302
212,303
212,304
212,407
212,408
212,409
212,410
212,411
212,412
212,414
212,415
212,416
212,417
213,270
213,278
213,279
213,280
213,281
213,282
213,283
213,284
213,285
213,286
213,287
213,288
213,289
213,290
213,291
213,292
213,293
213,294
213,295
213,296
213,297
213,408
213,409
213,410
213,411
213,412
213,413
213,414
213,415
213,416
213,417
213,418
214,270
214,278
214,279
214,280
214,281
214,282
214,283
214,284
214,285
214,286
214,287
214,288
214,289
214,408
214,409
214,410
214,411
214,412
214,413
214,415
214,416
214,417
214,418
215,270
215,278
215,279
215,280
215,281
215,282
215,283
215,284
215,409
215,410
215,411
215,412
215,413
215,414
215,415
215,417
215,418
216,270
216,278
216,279
216,280
216,281
216,409
216,410
216,411
216,412
216,413
216,414
216,415
216,416
216,417
216,418
217,270
217,278
217,279
217,280
217,410
217,411
217,412
217,413
217,414
217,415
217,416
217,417
217,418
218,270
218,271
218,277
218,278
218,279
218,410
218,411
218,412
218,413
218,414
218,415
218,417
218,418
219,271
219,272
219,273
219,274
219,275
219,276
219,277
219,278
219,279
219,410
219,411
219,412
219,413
219,414
219,415
219,416
219,417
219,418
219,419
220,271
220,272
220,273
220,274
220,275
220,276
220,277
220,278
220,279
220,410
220,411
220,412
220,413
220,414
220,415
220,416
220,417
220,418
220,419
221,271
221,272
221,273
221,274
221,275
221,276
221,277
221,278
221,279
221,410
221,411
221,412
221,413
221,414
221,415
221,416
221,417
221,418
221,419
222,271
222,272
222,273
222,274
222,275
222,276
222,277
222,278
222,279
222,411
222,412
222,413
222,414
222,415
222,416
222,417
222,419
223,271
223,272
223,273
223,274
223,275
223,276
223,277
223,278
223,279
223,411
223,412
223,413
223,414
223,415
223,416
223,417
223,418
223,419
224,271
224,272
224,273
224,274
224,275
224,276
224,277
224,278
224,279
224,411
224,412
224,413
224,414
224,415
224,416
224,418
224,419
225,271
225,272
225,273
225,274
225,275
225,276
225,277
225,278
225,279
225,411
225,412
225,413
225,414
225,415
225,416
225,417
225,418
225,419
226,271
226,272
226,273
226,274
226,275
226,276
226,277
226,278
226,279
226,411
226,412
226,413
226,414
226,415
226,416
226,417
226,418
226,419
227,271
227,272
227,273
227,274
227,275
227,276
227,277
227,278
227,279
227,411
227,412
227,413
227,414
227,415
227,416
227,417
227,418
227,419
228,271
228,272
228,273
228,274
228,275
228,276
228,277
228,278
228,279
228,411
228,412
228,413
228,414
228,415
228,416
228,417
228,418
228,419
229,271
229,272
229,273
229,274
229,275
229,276
229,277
229,278
229,279
229,411
229,412
229,413
229,414
229,415
229,416
229,417
229,418
229,419
230,271
230,272
230,278
230,279
230,411
230,412
230,413
230,414
230,415
230,416
230,417
230,418
230,419
231,271
231,272
231,273
231,274
231,275
231,276
231,277
231,278
231,279
231,411
231,412
231,413
231,414
231,415
231,416
231,417
231,418
231,419
232,271
232,272
232,273
232,274
232,275
232,276
232,277
232,278
232,279
232,411
232,412
232,413
232,414
232,415
232,416
232,417
232,418
232,419
233,271
233,273
233,274
233,275
233,276
233,277
233,278
233,279
233,411
233,412
233,413
233,414
233,415
233,416
233,417
233,418
233,419
234,271
234,272
234,273
234,274
234,275
234,276
234,277
234,278
234,279
234,280
234,411
234,412
234,413
234,414
234,415
234,416
234,417
234,418
234,419
235,271
235,272
235,273
235,274
235,275
235,276
235,277
235,278
235,279
235,280
235,411
235,412
235,413
235,414
235,415
235,416
235,417
235,418
235,419
236,271
236,272
236,273
236,274
236,275
236,276
236,277
236,278
236,279
236,280
236,411
236,412
236,413
236,414
236,415
236,416
236,417
236,418
236,419
236,420
237,272
237,273
237,274
237,275
237,276
237,277
237,278
237,279
237,280
237,411
237,412
237,413
237,414
237,415
237,416
237,417
237,418
237,419
237,420
238,272
238,273
238,274
238,275
238,276
238,277
238,278
238,279
238,280
238,411
238,412
238,413
238,414
238,415
238,416
238,417
238,418
238,419
238,420
239,272
239,273
239,274
239,275
239,276
239,277
239,278
239,279
239,280
239,411
239,412
239,413
239,414
239,415
239,416
239,417
239,418
239,419
239,420
240,272
240,273
240,274
240,275
240,276
240,277
240,278
240,279
240,280
240,281
240,412
240,413
240,414
240,415
240,416
240,417
240,418
240,419
240,420
241,272
241,273
241,274
241,275
241,276
241,277
241,278
241,279
241,280
241,281
241,412
241,413
241,414
241,415
241,416
241,417
241,419
241,420
242,272
242,273
242,274
242,275
242,276
242,277
242,278
242,279
242,280
242,281
242,412
242,413
242,414
242,415
242,416
242,417
242,418
242,419
242,420
243,273
243,274
243,275
243,276
243,277
243,278
243,279
243,280
243,281
243,412
243,413
243,414
243,415
243,416
243,417
243,418
243,419
243,420
244,273
244,274
244,275
244,276
244,277
244,278
244,279
244,280
244,281
244,412
244,413
244,414
244,415
244,416
244,417
244,418
244,419
244,420
245,273
245,274
245,275
245,276
245,277
245,278
245,279
245,280
245,281
245,412
245,413
245,414
245,415
245,416
245,417
245,418
245,419
245,420
246,273
246,274
246,275
246,276
246,277
246,278
246,279
246,280
246,281
246,412
246,413
246,414
246,415
246,416
246,417
246,418
246,419
246,420
247,273
247,274
247,275
247,276
247,277
247,278
247,279
247,280
247,281
247,412
247,413
247,414
247,415
247,416
247,417
247,418
247,419
247,420
248,273
248,274
248,275
248,276
248,277
248,278
248,279
248,280
248,281
248,412
248,413
248,414
248,415
248,416
248,417
248,418
248,419
248,420
249,273
249,274
249,276
249,277
249,278
249,279
249,280
249,281
249,412
249,413
249,414
249,415
249,416
249,417
249,418
249,419
249,420
250,273
250,274
250,275
250,276
250,277
250,278
250,279
250,280
250,281
250,412
250,413
250,414
250,415
250,416
250,417
250,418
250,419
250,420
250,421
251,273
251,274
251,275
251,276
251,277
251,278
251,279
251,280
251,281
251,282
251,412
251,413
251,414
251,415
251,416
251,417
251,418
251,419
251,420
251,421
252,273
252,274
252,275
252,276
252,277
252,278
252,279
252,280
252,281
252,282
252,412
252,413
252,414
252,415
252,416
252,417
252,418
252,419
252,420
252,421
253,273
253,274
253,275
253,281
253,282
253,413
253,414
253,415
253,416
253,417
253,418
253,419
253,421
254,273
254,274
254,275
254,276
254,277
254,278
254,279
254,280
254,281
254,282
254,413
254,414
254,415
254,416
254,417
254,418
254,419
254,420
254,421
255,274
255,275
255,276
255,277
255,278
255,279
255,280
255,281
255,282
255,413
255,414
255,415
255,416
255,417
255,418
255,419
255,420
255,421
256,274
256,275
256,276
256,277
256,278
256,279
256,280
256,281
256,282
256,413
256,414
256,415
256,416
256,417
256,418
256,419
256,420
256,421
257,274
257,275
257,276
257,277
257,278
257,279
257,280
257,281
257,282
257,413
257,414
257,415
257,416
257,417
257,418
257,419
257,420
257,421
258,274
258,275
258,277
258,278
258,279
258,280
258,281
258,282
258,413
258,414
258,415
258,416
258,417
258,418
258,419
258,420
258,421
259,274
259,276
259,277
259,278
259,279
259,280
259,281
259,282
259,413
259,414
259,415
259,416
259,417
259,418
259,419
259,420
259,421
260,274
260,275
260,276
260,279
260,280
260,281
260,282
260,283
260,413
260,414
260,415
260,416
260,417
260,418
260,419
260,420
260,421
261,274
261,275
261,277
261,278
261,279
261,280
261,281
261,282
261,283
261,413
261,414
261,420
261,421
262,274
262,275
262,276
262,277
262,278
262,279
262,280
262,281
262,282
262,283
262,413
262,414
262,415
262,416
262,417
262,418
262,419
262,420
262,421
263,274
263,275
263,276
263,277
263,279
263,280
263,281
263,282
263,283
263,284
263,413
263,414
263,415
263,416
263,417
263,418
263,419
263,420
263,421
264,275
264,276
264,278
264,279
264,280
264,281
264,282
264,283
264,284
264,413
264,414
264,415
264,416
264,417
264,418
264,419
264,420
264,421
265,275
265,276
265,277
265,278
265,279
265,280
265,281
265,282
265,283
265,284
265,285
265,413
265,414
265,415
265,416
265,417
265,418
265,419
265,420
265,421
266,276
266,277
266,279
266,280
266,281
266,282
266,283
266,284
266,285
266,286
266,413
266,414
266,415
266,416
266,417
266,418
266,419
266,420
266,421
267,276
267,277
267,278
267,280
267,282
267,283
267,284
267,285
267,286
267,413
267,414
267,415
267,416
267,417
267,418
267,419
267,420
267,421
268,276
268,277
268,278
268,279
268,280
268,281
268,282
268,283
268,284
268,285
268,286
268,287
268,413
268,414
268,415
268,416
268,417
268,418
268,419
268,420
268,421
269,277
269,278
269,279
269,280
269,281
269,283
269,284
269,285
269,286
269,287
269,288
269,412
269,413
269,414
269,415
269,416
269,417
269,418
269,419
269,420
269,421
270,277
270,278
270,279
270,280
270,282
270,283
270,284
270,285
270,286
270,287
270,288
270,289
270,412
270,413
270,414
270,415
270,416
270,417
270,418
270,419
270,420
270,421
271,278
271,279
271,280
271,282
271,283
271,284
271,285
271,286
271,287
271,288
271,289
271,290
271,412
271,413
271,414
271,415
271,416
271,417
271,418
271,419
271,420
271,421
272,279
272,280
272,281
272,282
272,283
272,284
272,285
272,287
272,288
272,289
272,290
272,291
272,411
272,412
272,413
272,414
272,415
272,416
272,417
272,418
272,419
272,420
273,280
273,281
273,282
273,283
273,284
273,286
273,287
273,288
273,289
273,290
273,291
273,292
273,293
273,411
273,412
273,413
273,414
273,415
273,416
273,417
273,418
273,419
273,420
274,280
274,281
274,282
274,283
274,284
274,285
274,287
274,288
274,289
274,290
274,291
274,292
274,293
274,294
274,410
274,411
274,412
274,413
274,415
274,416
274,417
274,418
274,419
274,420
275,281
275,282
275,283
275,284
275,285
275,286
275,288
275,289
275,290
275,291
275,292
275,293
275,294
275,295
275,410
275,411
275,413
275,414
275,415
275,416
275,417
275,418
275,419
276,282
276,283
276,284
276,285
276,286
276,287
276,289
276,290
276,291
276,292
276,293
276,294
276,295
276,296
276,409
276,410
276,411
276,412
276,413
276,414
276,415
276,416
276,417
276,418
276,419
277,283
277,284
277,285
277,286
277,287
277,288
277,290
277,291
277,292
277,293
277,294
277,295
277,296
277,297
277,408
277,409
277,410
277,411
277,412
277,413
277,414
277,415
277,416
277,417
277,418
277,419
278,284
278,285
278,286
278,287
278,288
278,289
278,291
278,292
278,294
278,295
278,296
278,297
278,298
278,408
278,409
278,410
278,412
278,413
278,414
278,415
278,416
278,417
278,418
279,285
279,286
279,287
279,288
279,289
279,290
279,293
279,294
279,295
279,296
279,297
279,298
279,299
279,300
279,407
279,408
279,409
279,410
279,411
279,412
279,413
279,414
279,415
279,416
279,417
279,418
280,287
280,288
280,289
280,290
280,292
280,293
280,294
280,295
280,296
280,297
280,298
280,299
280,300
280,301
280,405
280,406
280,407
280,408
280,409
280,411
280,412
280,413
280,414
280,415
280,416
280,417
281,288
281,289
281,290
281,292
281,293
281,295
281,296
281,298
281,299
281,300
281,301
281,302
281,404
281,405
281,406
281,407
281,408
281,410
281,412
281,413
281,414
281,415
281,416
282,289
282,290
282,292
282,293
282,294
282,295
282,296
282,297
282,299
282,300
282,301
282,302
282,303
282,304
282,403
282,404
282,405
282,406
282,407
282,408
282,409
282,411
282,412
282,413
282,414
282,415
282,416
283,290
283,292
283,293
283,294
283,295
283,296
283,298
283,299
283,301
283,302
283,303
283,304
283,305
283,402
283,403
283,404
283,405
283,406
283,407
283,409
283,410
283,411
283,412
283,413
283,414
283,415
284,291
284,292
284,293
284,294
284,295
284,296
284,297
284,298
284,299
284,300
284,301
284,302
284,303
284,304
284,305
284,306
284,401
284,402
284,403
284,404
284,405
284,406
284,408
284,410
284,411
284,412
284,413
284,414
285,292
285,293
285,294
285,295
285,296
285,297
285,298
285,299
285,300
285,301
285,302
285,303
285,304
285,305
285,306
285,307
285,308
285,399
285,400
285,401
285,402
285,403
285,404
285,405
285,407
285,408
285,409
285,410
285,411
285,412
285,413
285,414
286,294
286,295
286,296
286,297
286,298
286,299
286,300
286,302
286,303
286,305
286,306
286,307
286,308
286,309
286,310
286,311
286,396
286,397
286,398
286,399
286,400
286,401
286,402
286,403
286,404
286,405
286,406
286,407
286,408
286,409
286,410
286,411
286,412
286,413
287,295
287,296
287,297
287,298
287,299
287,300
287,301
287,302
287,304
287,305
287,306
287,308
287,309
287,310
287,311
287,312
287,313
287,314
287,393
287,394
287,395
287,396
287,397
287,398
287,399
287,400
287,401
287,402
287,403
287,404
287,405
287,407
287,408
287,409
287,410
287,411
288,296
288,297
288,298
288,299
288,300
288,301
288,302
288,304
288,305
288,306
288,307
288,308
288,309
288,310
288,311
288,312
288,313
288,314
288,315
288,316
288,317
288,318
288,319
288,320
288,321
288,322
288,323
288,378
288,379
288,380
288,381
288,382
288,383
288,384
288,385
288,386
288,387
288,388
288,389
288,390
288,391
288,392
288,393
288,394
288,395
288,396
288,397
288,398
288,399
288,400
288,401
288,403
288,404
288,406
288,407
288,408
288,409
288,410
289,298
289,299
289,300
289,301
289,302
289,303
289,304
289,305
289,306
289,307
289,308
289,310
289,311
289,312
289,313
289,314
289,315
289,316
289,317
289,318
289,320
289,321
289,322
289,323
289,324
289,325
289,326
289,327
289,328
289,329
289,330
289,331
289,332
289,333
289,334
289,335
289,336
289,337
289,338
289,339
289,340
289,341
289,342
289,343
289,344
289,345
289,346
289,347
289,348
289,349
289,350
289,351
289,352
289,353
289,354
289,355
289,356
289,357
289,358
289,359
289,360
289,361
289,362
289,363
289,364
289,365
289,366
289,367
289,368
289,369
289,370
289,371
289,372
289,373
289,374
289,375
289,376
289,377
289,378
289,379
289,380
289,381
289,382
289,383
289,384
289,385
289,386
289,387
289,388
289,389
289,390
289,391
289,392
289,393
289,394
289,395
289,396
289,397
289,398
289,399
289,400
289,402
289,403
289,404
289,405
289,406
289,407
289,408
289,409
290,299
290,300
290,301
290,302
290,303
290,304
290,305
290,306
290,307
290,308
290,309
290,311
290,312
290,314
290,315
290,316
290,317
290,319
290,320
290,321
290,322
290,323
290,324
290,325
290,326
290,327
290,328
290,329
290,330
290,331
290,332
290,333
290,334
290,335
290,336
290,337
290,338
290,339
290,340
290,341
290,342
290,343
290,344
290,345
290,346
290,347
290,348
290,349
290,350
290,351
290,352
290,353
290,354
290,355
290,356
290,357
290,358
290,359
290,360
290,361
290,362
290,363
290,364
290,365
290,366
290,367
290,368
290,369
290,370
290,371
290,372
290,373
290,374
290,375
290,376
290,377
290,378
290,379
290,380
290,381
290,382
290,383
290,384
290,385
290,386
290,387
290,388
290,389
290,390
290,391
290,392
290,393
290,394
290,395
290,396
290,397
290,398
290,399
290,401
290,403
290,404
290,405
290,406
290,407
290,556
290,557
291,300
291,301
291,302
291,303
291,304
291,305
291,306
291,307
291,308
291,309
291,311
291,312
291,314
291,315
291,316
291,317
291,318
291,320
291,321
291,322
291,324
291,325
291,326
291,327
291,328
291,329
291,330
291,331
291,332
291,333
291,334
291,335
291,336
291,337
291,338
291,340
291,341
291,342
291,343
291,344
291,346
291,347
291,348
291,349
291,350
291,351
291,352
291,353
291,355
291,356
291,357
291,358
291,359
291,360
291,361
291,362
291,363
291,364
291,365
291,366
291,367
291,368
291,369
291,370
291,371
291,372
291,373
291,374
291,375
291,376
291,377
291,378
291,379
291,380
291,381
291,382
291,383
291,384
291,385
291,386
291,387
291,388
291,389
291,390
291,391
291,392
291,393
291,394
291,395
291,396
291,397
291,398
291,399
291,400
291,401
291,402
291,403
291,404
291,405
291,406
291,555
291,557
292,301
292,302
292,303
292,304
292,305
292,306
292,307
292,308
292,309
292,311
292,312
292,314
292,315
292,316
292,317
292,318
292,320
292,321
292,322
292,324
292,325
292,326
292,327
292,328
292,329
292,330
292,331
292,332
292,333
292,334
292,335
292,336
292,337
292,338
292,340
292,341
292,342
292,343
292,344
292,346
292,347
292,348
292,349
292,350
292,351
292,352
292,353
292,355
292,356
292,357
292,358
292,359
292,360
292,361
292,362
292,363
292,364
292,365
292,366
292,367
292,368
292,369
292,370
292,371
292,372
292,373
292,374
292,375
292,376
292,377
292,378
292,379
292,380
292,381
292,382
292,383
292,384
292,385
292,386
292,387
292,388
292,389
292,390
292,391
292,392
292,393
292,394
292,395
292,397
292,398
292,399
292,400
292,401
292,402
292,403
292,404
292,405
292,546
292,554
292,557
293,303
293,304
293,305
293,306
293,307
293,308
293,309
293,311
293,312
293,314
293,315
293,316
293,317
293,318
293,320
293,321
293,322
293,324
293,325
293,326
293,327
293,328
293,329
293,330
293,331
293,332
293,333
293,334
293,335
293,336
293,337
293,338
293,340
293,341
293,342
293,343
293,344
293,346
293,347
293,348
293,349
293,350
293,351
293,352
293,353
293,355
293,356
293,357
293,358
293,359
293,360
293,361
293,362
293,363
293,364
293,365
293,366
293,367
293,368
293,369
293,370
293,371
293,372
293,373
293,374
293,375
293,376
293,377
293,378
293,379
293,380
293,381
293,382
293,383
293,384
293,385
293,386
293,387
293,388
293,389
293,390
293,391
293,392
293,393
293,394
293,395
293,396
293,397
293,399
293,400
293,401
293,402
293,403
293,546
293,553
293,557
294,306
294,307
294,308
294,309
294,311
294,312
294,314
294,315
294,316
294,317
294,318
294,320
294,321
294,322
294,324
294,325
294,326
294,327
294,328
294,329
294,330
294,331
294,332
294,333
294,334
294,335
294,336
294,337
294,338
294,340
294,341
294,342
294,343
294,344
294,346
294,347
294,348
294,349
294,350
294,351
294,352
294,353
294,355
294,356
294,357
294,358
294,359
294,360
294,361
294,362
294,363
294,364
294,365
294,366
294,367
294,368
294,369
294,370
294,371
294,372
294,373
294,374
294,375
294,376
294,377
294,378
294,379
294,380
294,381
294,382
294,383
294,384
294,385
294,386
294,387
294,388
294,389
294,390
294,392
294,393
294,394
294,395
294,396
294,397
294,398
294,399
294,400
294,401
294,552
294,557
295,308
295,309
295,310
295,311
295,312
295,313
295,314
295,315
295,316
295,317
295,318
295,320
295,321
295,322
295,324
295,325
295,326
295,327
295,328
295,329
295,330
295,331
295,332
295,333
295,334
295,335
295,336
295,337
295,338
295,340
295,341
295,342
295,343
295,344
295,346
295,347
295,348
295,349
295,350
295,351
295,352
295,353
295,355
295,356
295,357
295,358
295,359
295,360
295,361
295,362
295,363
295,364
295,365
295,366
295,367
295,368
295,369
295,370
295,371
295,372
295,373
295,374
295,376
295,377
295,378
295,379
295,380
295,381
295,382
295,383
295,384
295,385
295,386
295,387
295,388
295,389
295,390
295,391
295,393
295,394
295,395
295,396
295,397
295,398
295,399
295,547
295,548
295,550
295,551
295,557
296,311
296,312
296,313
296,314
296,315
296,316
296,317
296,318
296,319
296,320
296,321
296,322
296,323
296,324
296,325
296,326
296,327
296,328
296,329
296,330
296,331
296,332
296,333
296,334
296,335
296,336
296,337
296,338
296,339
296,340
296,341
296,342
296,343
296,344
296,345
296,346
296,347
296,348
296,349
296,350
296,351
296,352
296,353
296,354
296,355
296,356
296,357
296,358
296,359
296,360
296,361
296,362
296,363
296,364
296,365
296,366
296,367
296,368
296,369
296,370
296,371
296,372
296,373
296,374
296,375
296,376
296,378
296,379
296,380
296,381
296,382
296,383
296,384
296,385
296,386
296,387
296,388
296,389
296,390
296,391
296,392
296,393
296,394
296,395
296,396
296,557
297,320
297,321
297,322
297,323
297,324
297,325
297,326
297,327
297,328
297,329
297,330
297,331
297,332
297,333
297,334
297,335
297,336
297,337
297,338
297,339
297,340
297,341
297,342
297,343
297,344
297,345
297,346
297,347
297,348
297,349
297,350
297,351
297,352
297,353
297,354
297,355
297,356
297,357
297,358
297,359
297,360
297,361
297,362
297,363
297,364
297,365
297,366
297,367
297,368
297,369
297,370
297,371
297,372
297,373
297,374
297,375
297,376
297,377
297,378
297,379
297,380
299,549
299,550
299,551
299,552
299,553
299,554
300,547
300,548
300,555
300,556
302,546
302,557
303,546
303,557
305,547
305,548
305,555
305,556
306,550
306,551
306,552
306,553
310,548
310,549
310,550
310,551
310,552
310,553
310,554
310,555
311,547
311,556
313,546
313,557
315,547
315,556
316,548
316,549
316,550
316,553
316,554
316,555
343,39
343,40
343,41
343,42
343,43
343,44
343,45
343,46
343,47
343,48
343,49
343,50
343,51
343,52
344,39
344,40
344,41
344,42
344,43
344,44
344,45
344,46
344,47
344,48
344,49
344,50
344,51
344,52
345,39
345,45
345,52
346,39
346,45
346,52
347,39
347,45
347,52
348,39
348,45
348,52
349,45
349,52
350,40
350,44
350,51
351,40
351,41
351,42
351,43
351,46
351,47
351,50
351,51
352,47
352,48
352,49
352,50
356,44
356,45
356,51
357,43
357,46
358,52
359,42
359,47
359,52
360,42
360,47
360,52
361,42
361,47
362,48
362,50
362,51
363,49
363,50
366,42
367,39
367,40
367,41
367,42
367,43
367,44
367,45
367,46
367,47
367,48
367,49
367,50
368,42
368,51
369,42
369,52
370,42
370,52
371,42
371,52
375,44
375,45
375,46
375,47
375,48
375,49
375,50
376,43
376,47
376,51
377,43
377,47
377,51
378,42
378,47
379,42
379,47
379,52
380,42
380,47
380,52
381,43
381,47
382,43
382,44
382,47
382,51
383,45
383,46
383,47
384,579
385,572
385,578
386,573
386,577
387,574
387,575
388,42
388,43
388,44
388,45
388,46
388,47
388,48
388,49
388,50
388,51
388,52
388,574
388,575
388,576
389,573
389,577
390,43
390,571
390,572
390,578
392,42
393,43
394,43
394,44
395,44
395,45
395,46
395,47
395,48
395,49
395,50
395,51
395,52
397,43
397,553
397,554
398,552
398,554
399,42
399,550
399,554
400,42
400,549
400,554
400,568
400,569
400,570
400,571
400,572
400,573
400,574
400,575
400,576
400,577
400,578
400,579
401,43
401,44
401,547
401,554
402,44
402,45
402,46
402,47
402,48
402,49
402,50
402,51
402,52
402,546
402,547
402,554
403,546
403,547
403,548
403,549
403,550
403,551
403,552
403,553
403,554
403,555
403,556
403,557
404,554
404,576
404,577
405,575
405,578
406,579
407,549
407,550
407,551
407,552
407,553
407,554
407,571
407,574
407,579
408,547
408,548
408,555
408,556
408,574
409,574
409,578
410,546
410,557
410,572
410,573
410,574
410,575
410,576
410,577
410,578
411,546
411,557
413,547
413,548
413,555
413,556
414,39
414,40
414,41
414,42
414,43
414,44
414,45
414,46
414,47
414,48
414,49
414,50
414,51
414,52
414,550
414,551
414,552
414,553
415,39
415,46
415,568
415,569
415,570
415,571
415,572
415,573
415,574
415,575
415,576
415,577
415,578
415,579
416,39
416,46
417,39
417,46
418,39
418,46
418,548
418,549
418,550
418,551
418,552
418,553
418,554
418,555
418,571
418,579
419,40
419,45
419,547
419,556
419,571
419,579
420,40
420,45
420,572
420,578
421,41
421,42
421,43
421,44
421,546
421,557
421,573
421,577
421,578
423,547
423,556
424,548
424,549
424,550
424,553
424,554
424,555
425,42
425,43
425,44
425,45
425,46
425,47
425,48
425,49
425,50
425,51
425,52
425,573
425,574
425,575
425,576
425,577
426,44
426,45
426,572
426,575
426,578
427,43
427,575
428,571
428,575
428,579
429,42
429,571
429,575
429,579
430,42
430,575
430,579
431,572
431,575
432,46
432,47
432,48
432,574
432,575
433,44
433,45
433,46
433,47
433,48
433,49
433,50
434,43
434,51
436,42
436,52
436,568
436,569
436,570
436,571
436,572
436,573
436,574
436,575
436,576
436,577
436,578
436,579
437,42
437,52
439,43
439,51
440,44
440,45
440,46
440,47
440,48
440,49
440,50
441,46
441,47
441,48
443,56
445,38
445,39
445,42
445,43
445,44
445,45
445,46
445,47
445,48
445,49
445,50
445,51
445,52
445,53
445,54
445,55
450,45
450,46
450,47
450,48
450,49
451,44
451,45
451,47
451,49
451,50
452,43
452,47
452,51
453,47
453,51
454,42
454,47
454,52
455,42
455,47
455,52
456,47
456,52
457,43
457,47
458,44
458,45
458,46
458,47
458,51
463,44
463,45
463,46
463,47
463,48
463,49
463,50
464,43
464,44
464,50
464,51
465,43
465,51
466,42
466,52
467,42
467,52
468,42
468,52
473,42
474,39
474,40
474,41
474,42
474,43
474,44
474,45
474,46
474,47
474,48
474,49
474,50
475,42
475,51
476,42
476,52
477,42
477,52
478,42
478,52
504,548
504,549
504,550
504,551
504,552
504,553
504,554
504,555
505,547
505,551
505,556
507,546
507,550
507,557
508,546
508,550
509,551
509,556
510,552
510,553
510,554
510,555
513,549
513,550
513,551
513,552
513,553
513,554
514,547
514,548
514,555
514,556
516,546
516,557
517,546
517,557
519,547
519,548
519,555
519,556
520,550
520,551
520,552
520,553
524,548
524,549
524,550
524,551
524,552
524,553
524,554
524,555
525,547
525,556
527,546
527,557
529,547
529,556
530,548
530,549
530,550
530,553
530,554
530,555
611,547
611,548
611,549
611,550
611,552
611,553
611,555
611,556
613,546
613,551
613,557
614,546
614,551
614,557
615,551
616,547
616,550
616,552
616,556
617,548
617,549
617,553
617,554
617,555
620,549
620,550
620,551
620,552
620,553
620,554
621,547
621,548
621,555
621,556
623,546
623,557
624,546
624,557
626,547
626,548
626,555
626,556
627,550
627,551
627,552
627,553
631,548
631,549
631,550
631,551
631,552
631,553
631,554
631,555
632,547
632,556
634,546
634,557
636,547
636,556
637,548
637,549
637,550
637,553
637,554
637,555
