-2.30021305443,3.91625704209,1.93415206044
-2.30021305443,3.91625704209,1.93415206044
-2.30021305443,3.91625704209,1.93415206044
-2.30021305443,3.91625704209,1.93415206044
-2.30021305443,3.91625704209,1.93415206044
-2.30021305443,3.91625704209,1.93415206044
-2.30021305443,3.91625704209,1.93415206044
-2.30021305443,3.91625704209,1.93415206044
-2.30021305443,3.91625704209,1.93415206044
-2.30021305443,3.91625704209,1.93415206044
-2.30021305443,3.91625704209,1.93415206044
-2.30021305443,3.91625704209,-1.92972328747
1.79563836768,-3.74063328611,-1.92972328747
1.79563836768,-3.74063328611,-1.92972328747
1.79563836768,-3.74063328611,-1.92972328747
1.79563836768,-3.74063328611,-1.92972328747
1.79563836768,-3.74063328611,-1.92972328747
1.79563836768,-3.74063328611,-1.92972328747
1.79563836768,-3.74063328611,-1.92972328747
1.79563836768,-3.74063328611,-1.92972328747
1.79563836768,-3.74063328611,-1.92972328747
1.79563836768,-3.74063328611,-1.92972328747
1.79563836768,-3.74063328611,-1.92972328747
1.79563836768,-3.74063328611,-1.92972328747
1.79563836768,-3.74063328611,-1.92972328747
1.79563836768,-3.74063328611,-1.92972328747
1.79563836768,-3.74063328611,-1.92972328747
1.79563836768,-3.74063328611,-1.92972328747
1.79563836768,-3.74063328611,-1.92972328747
1.79563836768,-3.74063328611,0.0268780704807
-1.28800935474,0.425620354714,0.0268780704807
-1.28800935474,0.425620354714,0.0268780704807
-1.28800935474,0.425620354714,0.0268780704807
-1.28800935474,0.425620354714,0.0268780704807
-1.28800935474,0.425620354714,0.0268780704807
-1.28800935474,0.425620354714,0.0268780704807
-1.28800935474,0.425620354714,0.0268780704807
-1.28800935474,0.425620354714,0.0268780704807
-1.28800935474,0.425620354714,0.0268780704807
-1.28800935474,0.425620354714,0.0268780704807
-1.28800935474,0.425620354714,0.0268780704807
-1.28800935474,0.425620354714,0.0268780704807
-1.28800935474,0.425620354714,0.0268780704807
-1.28800935474,0.425620354714,0.0268780704807
-1.28800935474,0.425620354714,0.0268780704807
-1.28800935474,0.425620354714,0.0268780704807
-1.28800935474,0.425620354714,0.0268780704807
-1.28800935474,0.425620354714,0.0268780704807
-1.31702545355,0.435394198526,0.0268780704807
-1.31702545355,0.435394198526,0.0268780704807
-1.31702545355,0.435394198526,0.0268780704807
-1.31702545355,0.435394198526,0.0268780704807
-1.31702545355,0.435394198526,0.0268780704807
-1.31702545355,0.435394198526,0.0268780704807
-1.31702545355,0.435394198526,0.0268780704807
-1.31702545355,0.435394198526,0.0268780704807
-1.31702545355,0.435394198526,0.0268780704807
-1.31702545355,0.435394198526,0.0268780704807
-1.31702545355,0.435394198526,0.0268780704807
-1.31702545355,0.435394198526,0.0268780704807
-1.31702545355,0.435394198526,0.0268780704807
-1.31702545355,0.435394198526,0.0268780704807
-1.31702545355,0.435394198526,0.0268780704807
-1.31702545355,0.435394198526,0.0268780704807
-1.31702545355,0.435394198526,0.0268780704807
-1.31702545355,0.435394198526,0.0233655953611
-1.31763631879,0.435394198526,0.0233655953611
-1.31763631879,0.435394198526,0.0233655953611
-1.31763631879,0.435394198526,0.0233655953611
-1.31763631879,0.435394198526,0.0233655953611
-1.31763631879,0.435394198526,0.0233655953611
-1.31763631879,0.435394198526,0.0233655953611
-1.31763631879,0.435394198526,0.0233655953611
-1.31763631879,0.435394198526,0.0233655953611
-1.31763631879,0.435394198526,0.0233655953611
-1.31763631879,0.435394198526,0.0233655953611
-1.31763631879,0.435394198526,0.0233655953611
-1.31763631879,0.435394198526,0.0233655953611
-1.31763631879,0.435394198526,0.0233655953611
-1.31763631879,0.435394198526,0.0233655953611
-1.31763631879,0.435394198526,0.0233655953611
-1.31763631879,0.435394198526,0.0233655953611
-1.31763631879,0.435394198526,0.0233655953611
-1.32328682225,0.432034439716,0.0251981910757
-1.32328682225,0.432034439716,0.0251981910757
-1.32328682225,0.432034439716,0.0251981910757
-1.32328682225,0.432034439716,0.0251981910757
-1.32328682225,0.432034439716,0.0251981910757
-1.32328682225,0.432034439716,0.0251981910757
-1.32328682225,0.432034439716,0.0251981910757
-1.32328682225,0.432034439716,0.0251981910757
-1.32328682225,0.432034439716,0.0251981910757
-1.32328682225,0.432034439716,0.0251981910757
-1.32328682225,0.432034439716,0.0251981910757
-1.32328682225,0.432034439716,0.0251981910757
-1.32328682225,0.432034439716,0.0251981910757
-1.32328682225,0.432034439716,0.0251981910757
-1.32328682225,0.432034439716,0.0251981910757
-1.32328682225,0.432034439716,0.0251981910757
-1.32328682225,0.432034439716,0.0251981910757
-1.32328682225,0.425467638405,0.0253509073852
-1.26846166712,0.425467638405,0.0253509073852
-1.26846166712,0.425467638405,0.0253509073852
-1.26846166712,0.425467638405,0.0253509073852
-1.26846166712,0.425467638405,0.0253509073852
-1.26846166712,0.425467638405,0.0253509073852
-1.26846166712,0.425467638405,0.0253509073852
-1.26846166712,0.425467638405,0.0253509073852
-1.26846166712,0.425467638405,0.0253509073852
-1.26846166712,0.425467638405,0.0253509073852
-1.26846166712,0.425467638405,0.0253509073852
-1.26846166712,0.425467638405,0.0253509073852
-1.26846166712,0.425467638405,0.0253509073852
-1.26846166712,0.425467638405,0.0253509073852
-1.26846166712,0.425467638405,0.0253509073852
-1.26846166712,0.425467638405,0.0253509073852
-1.26846166712,0.425467638405,0.0253509073852
-1.26846166712,0.425467638405,0.0253509073852
-1.26846166712,0.425467638405,0.104916104661
-1.10444435066,0.44730607067,0.104916104661
-1.10444435066,0.44730607067,0.104916104661
-1.10444435066,0.44730607067,0.104916104661
-1.10444435066,0.44730607067,0.104916104661
-1.10444435066,0.44730607067,0.104916104661
-1.10444435066,0.44730607067,0.104916104661
-1.10444435066,0.44730607067,0.104916104661
-1.10444435066,0.44730607067,0.104916104661
-1.10444435066,0.44730607067,0.104916104661
-1.10444435066,0.44730607067,0.104916104661
-1.10444435066,0.44730607067,0.104916104661
-1.10444435066,0.44730607067,0.104916104661
-1.10444435066,0.44730607067,0.104916104661
-1.10444435066,0.44730607067,0.104916104661
-1.10444435066,0.44730607067,0.104916104661
-1.10444435066,0.44730607067,0.104916104661
-1.10444435066,0.44730607067,0.104916104661
-1.10444435066,0.44730607067,0.132710472999
-0.904538701462,0.401643894115,0.132710472999
-0.904538701462,0.401643894115,0.132710472999
-0.904538701462,0.401643894115,0.132710472999
-0.904538701462,0.401643894115,0.132710472999
-0.904538701462,0.401643894115,0.132710472999
-0.904538701462,0.401643894115,0.132710472999
-0.904538701462,0.401643894115,0.132710472999
-0.904538701462,0.401643894115,0.132710472999
-0.904538701462,0.401643894115,0.132710472999
-0.904538701462,0.401643894115,0.132710472999
-0.904538701462,0.401643894115,0.132710472999
-0.904538701462,0.401643894115,0.132710472999
-0.904538701462,0.401643894115,0.132710472999
-0.904538701462,0.401643894115,0.132710472999
-0.904538701462,0.401643894115,0.132710472999
-0.904538701462,0.401643894115,0.132710472999
-0.904538701462,0.401643894115,0.132710472999
-0.904538701462,0.401643894115,0.121256749782
-0.647059003561,0.290771853382,0.121256749782
-0.647059003561,0.290771853382,0.121256749782
-0.647059003561,0.290771853382,0.121256749782
-0.647059003561,0.290771853382,0.121256749782
-0.647059003561,0.290771853382,0.121256749782
-0.647059003561,0.290771853382,0.121256749782
-0.647059003561,0.290771853382,0.121256749782
-0.647059003561,0.290771853382,0.121256749782
-0.647059003561,0.290771853382,0.121256749782
-0.647059003561,0.290771853382,0.121256749782
-0.647059003561,0.290771853382,0.121256749782
-0.647059003561,0.290771853382,0.121256749782
-0.647059003561,0.290771853382,0.121256749782
-0.647059003561,0.290771853382,0.121256749782
-0.647059003561,0.290771853382,0.121256749782
-0.647059003561,0.290771853382,0.121256749782
-0.647059003561,0.290771853382,0.121256749782
-0.647059003561,0.155617919431,0.0800233462039
-0.344375278034,0.155617919431,0.0800233462039
-0.344375278034,0.155617919431,0.0800233462039
-0.344375278034,0.155617919431,0.0800233462039
-0.344375278034,0.155617919431,0.0800233462039
-0.344375278034,0.155617919431,0.0800233462039
-0.344375278034,0.155617919431,0.0800233462039
-0.344375278034,0.155617919431,0.0800233462039
-0.344375278034,0.155617919431,0.0800233462039
-0.344375278034,0.155617919431,0.0800233462039
-0.344375278034,0.155617919431,0.0800233462039
-0.344375278034,0.155617919431,0.0800233462039
-0.344375278034,0.155617919431,0.0800233462039
-0.344375278034,0.155617919431,0.0800233462039
-0.344375278034,0.155617919431,0.0800233462039
-0.344375278034,0.155617919431,0.0800233462039
-0.344375278034,0.155617919431,0.0800233462039
-0.344375278034,0.155617919431,0.0800233462039
-0.344375278034,0.00839939702522,0.0
-0.0131336026213,0.00839939702522,0.0
-0.0131336026213,0.00839939702522,0.0
-0.0131336026213,0.00839939702522,0.0
-0.0131336026213,0.00839939702522,0.0
-0.0131336026213,0.00839939702522,0.0
-0.0131336026213,0.00839939702522,0.0
-0.0131336026213,0.00839939702522,0.0
-0.0131336026213,0.00839939702522,0.0
-0.0131336026213,0.00839939702522,0.0
-0.0131336026213,0.00839939702522,0.0
-0.0131336026213,0.00839939702522,0.0
-0.0131336026213,0.00839939702522,0.0
-0.0131336026213,0.00839939702522,0.0
-0.0131336026213,0.00839939702522,0.0
-0.0131336026213,0.00839939702522,0.0
-0.0131336026213,0.00839939702522,0.0
-0.0131336026213,0.00839939702522,0.0
-0.0131336026213,0.00839939702522,-0.00870482964432
-0.00305432619099,0.00916297857297,-0.00870482964432
-0.00305432619099,0.00916297857297,-0.00870482964432
-0.00305432619099,0.00916297857297,-0.00870482964432
-0.00305432619099,0.00916297857297,-0.00870482964432
-0.00305432619099,0.00916297857297,-0.00870482964432
-0.00305432619099,0.00916297857297,-0.00870482964432
-0.00305432619099,0.00916297857297,-0.00870482964432
-0.00305432619099,0.00916297857297,-0.00870482964432
-0.00305432619099,0.00916297857297,-0.00870482964432
-0.00305432619099,0.00916297857297,-0.00870482964432
-0.00305432619099,0.00916297857297,-0.00870482964432
-0.00305432619099,0.00916297857297,-0.00870482964432
-0.00305432619099,0.00916297857297,-0.00870482964432
-0.00305432619099,0.00916297857297,-0.00870482964432
-0.00305432619099,0.00916297857297,-0.00870482964432
-0.00305432619099,0.00916297857297,-0.00870482964432
-0.00305432619099,0.00916297857297,-0.00870482964432
-0.00305432619099,0.00916297857297,-0.00992656012072
-0.00106901416685,0.0100792764303,-0.00992656012072
-0.00106901416685,0.0100792764303,-0.00992656012072
-0.00106901416685,0.0100792764303,-0.00992656012072
-0.00106901416685,0.0100792764303,-0.00992656012072
-0.00106901416685,0.0100792764303,-0.00992656012072
-0.00106901416685,0.0100792764303,-0.00992656012072
-0.00106901416685,0.0100792764303,-0.00992656012072
-0.00106901416685,0.0100792764303,-0.00992656012072
-0.00106901416685,0.0100792764303,-0.00992656012072
-0.00106901416685,0.0100792764303,-0.00992656012072
-0.00106901416685,0.0100792764303,-0.00992656012072
-0.00106901416685,0.0100792764303,-0.00992656012072
-0.00106901416685,0.0100792764303,-0.00992656012072
-0.00106901416685,0.0100792764303,-0.00992656012072
-0.00106901416685,0.0100792764303,-0.00992656012072
-0.00106901416685,0.0100792764303,-0.00992656012072
-0.00106901416685,0.0100792764303,-0.00992656012072
-0.00106901416685,0.0100792764303,-0.00992656012072
-0.00412334035784,0.00992656012072,-0.00595593607243
-0.00412334035784,0.00992656012072,-0.00595593607243
-0.00412334035784,0.00992656012072,-0.00595593607243
-0.00412334035784,0.00992656012072,-0.00595593607243
-------------------
