356 136 9 11
310 145 9 11
358 180 9 11
321 728 9 11
726 728 9 11
725 728 9 11
726 728 9 11
726 728 9 11
726 728 9 11
726 728 9 11
726 728 9 11
725 728 9 11
725 728 9 11
726 728 9 11
726 728 9 11
726 728 9 11
726 728 9 12
726 728 9 11
67 728 10 11
725 728 9 10
45 728 9 10
726 728 10 11
30 728 10 11
31 728 10 11
16 355 10 11
197 728 10 11
726 728 10 10
726 728 10 11
725 728 10 11
725 727 9 11
290 728 9 11
725 728 9 11
726 728 9 11
726 728 9 11
726 728 10 11
84 728 10 11
726 728 10 11
50 728 9 11
726 728 10 11
726 728 10 11
32 728 10 11
22 728 10 11
16 728 10 11
725 728 10 11
726 728 10 11
58 728 10 11
725 728 10 10
726 728 10 10
726 728 10 10
132 728 10 11
725 728 10 10
39 728 9 11
39 728 9 10
725 728 9 10
725 728 10 11
725 728 10 11
24 728 10 13
16 320 11 11
16 728 10 11
725 728 9 11
726 728 9 10
726 728 9 10
726 728 9 10
726 728 10 11
726 728 9 11
726 728 9 11
726 728 9 11
725 728 9 11
725 728 9 11
179 728 9 11
167 290 9 11
155 158 9 10
144 728 9 10
137 728 10 11
126 727 10 11
116 728 10 11
104 234 10 11
