0.0 14919.575007
0.0 14919.929013
0.0 14920.429059
0.0 14920.945219
0.0 14921.445356
0.0 14921.957275
0.0 14922.456374
0.0 14922.960418
0.0 14923.456496
0.0 14923.976655
0.0 14924.472764
0.0 14924.981111
0.0 14925.488909
0.0 14925.983949
0.0 14926.484026
0.0 14926.98807
0.0 14927.496173
0.0 14927.995273
0.0 14928.499378
0.0 14929.011448
0.0 14929.511494
0.0 14930.006626
0.0 14930.514699
0.0 14931.022802
0.0 14931.526815
0.0 14932.026953
0.0 14932.521963
0.0 14933.026251
0.0 14933.526144
0.0 14934.034186
0.0 14934.534262
0.0 14935.03736
0.0 14935.541526
0.0 14936.04557
0.0 14936.553582
0.0 14937.053872
0.0 14937.54879
21.9512195122 14938.044838
21.9512195122 14938.560907
21.9512195122 14939.061074
20.7149557759 14939.560113
49.7472138404 14940.064218
49.7472138404 14940.57223
49.7472138404 14941.080302
49.7472138404 14941.580379
48.5109501042 14942.071482
84.5109501042 14942.592587
84.5109501042 14943.067636
84.5109501042 14943.562738
104.965495559 14943.960846
131.436083794 14944.451888
131.436083794 14944.975953
130.199820058 14945.484026
130.199820058 14945.980318
130.199820058 14946.484148
130.199820058 14946.979219
128.963556321 14947.479326
128.963556321 14947.987429
128.963556321 14948.495501
128.963556321 14948.999637
128.963556321 14949.511647
128.963556321 14950.01563
128.963556321 14950.514821
128.963556321 14951.010899
128.963556321 14951.514973
128.963556321 14952.023077
128.963556321 14952.526327
128.963556321 14953.030279
128.963556321 14953.530356
128.963556321 14954.030585
128.963556321 14954.538383
128.963556321 14955.033454
128.963556321 14955.537589
128.963556321 14956.037665
128.963556321 14956.536857
128.963556321 14957.04911
128.963556321 14957.553002
128.963556321 14958.053078
128.963556321 14958.565057
128.963556321 14959.065164
128.963556321 14959.581264
128.963556321 14960.08134
128.963556321 14960.568415
128.963556321 14961.072459
149.418101776 14961.600553
173.7424261 14962.104627
200.213014336 14962.608702
200.213014336 14963.120833
200.213014336 14963.619964
200.213014336 14964.086986
200.213014336 14964.485033
220.66755979 14964.878074
243.16755979 14965.369117
243.16755979 14965.902216
243.16755979 14966.406351
243.16755979 14966.881493
243.16755979 14967.372474
243.16755979 14967.860617
243.16755979 14968.360601
243.16755979 14968.855794
