-0.43 0.19 0.10
-0.06 0.03 0.01
-0.01 0.00 -0.01
-0.00 0.01 -0.01
-0.01 0.01 -0.01
-0.01 0.01 -0.00
-0.01 0.01 0.00
-0.01 0.01 -0.01
-0.01 0.01 -0.01
-0.01 0.01 -0.01
-0.01 0.01 -0.01
-0.01 0.01 -0.01
-0.00 0.01 -0.01
-0.01 0.01 -0.01
-0.01 0.01 -0.01
-0.01 0.01 -0.01
-0.01 0.01 -0.00
-0.00 0.01 -0.00
-0.01 0.01 -0.01
-0.01 0.01 -0.01
-0.01 0.01 -0.01
-0.01 0.01 -0.01
-0.01 0.01 -0.01
-0.01 0.01 -0.00
-0.01 0.01 -0.01
-0.01 0.01 -0.01
-0.01 0.01 -0.01
-0.01 0.01 -0.01
-0.01 0.01 -0.01
-0.00 0.01 -0.01
-0.01 0.01 -0.01
-0.01 0.01 -0.01
-0.01 0.01 -0.01
-0.01 0.01 -0.01
-0.01 0.01 -0.01
-0.01 0.01 -0.00
-0.01 0.01 -0.01
-0.01 0.01 -0.01
-0.01 0.01 -0.01
-0.01 0.01 -0.01
-0.01 0.01 -0.01
-0.01 0.01 -0.01
-0.01 0.01 -0.01
-0.01 0.01 -0.01
-0.01 0.01 -0.01
-0.01 0.01 -0.01
-0.01 0.01 -0.01
-0.01 0.01 -0.01
-0.01 0.01 -0.01
-0.00 0.01 -0.01
-0.01 0.01 -0.01
-0.01 0.01 -0.01
-0.01 0.01 -0.01
-0.01 0.01 -0.01
-0.01 0.01 -0.00
-0.01 0.01 -0.01
-0.01 0.01 -0.01
-0.01 0.01 -0.01
-0.01 0.01 -0.01
-0.01 0.01 -0.01
-0.01 0.01 -0.01
-0.01 0.01 -0.01
-0.01 0.01 -0.01
-0.01 0.01 -0.01
-0.01 0.01 -0.01
-0.01 0.01 -0.01
-0.01 0.01 -0.01
-0.01 0.01 -0.01
-0.00 0.01 -0.01
-0.01 0.01 -0.01
-0.01 0.01 -0.01
-0.01 0.01 -0.01
-0.01 0.01 -0.01
-0.01 0.01 -0.01
-0.00 0.01 -0.01
-0.01 0.01 -0.01
-0.00 0.01 -0.01
-0.01 0.01 -0.00
-0.01 0.01 -0.00
-0.01 0.01 -0.01
-0.01 0.01 -0.01
-0.01 0.01 -0.00
-0.01 0.01 -0.01
-0.00 0.01 -0.01
-0.01 0.01 -0.01
-0.01 0.01 -0.01
-0.01 0.01 -0.01
-0.01 0.01 -0.01
-0.01 0.01 -0.01
-0.01 0.01 -0.01
-0.01 0.01 -0.01
-0.01 0.01 -0.01
-0.01 0.01 -0.00
-0.01 0.01 -0.01
-0.01 0.01 -0.01
-0.01 0.01 -0.01
-0.01 0.01 -0.01
-0.01 0.01 -0.01
-0.01 0.01 -0.01
-0.01 0.01 -0.01
-0.01 0.01 -0.01
-0.00 0.01 -0.01
-0.00 0.01 -0.01
-0.01 0.01 -0.01
-0.01 0.01 -0.01
-0.01 0.01 -0.01
-0.01 0.01 -0.01
-0.01 0.01 -0.01
-0.01 0.01 -0.01
-0.01 0.01 -0.01
-0.01 0.01 -0.01
-0.01 0.01 -0.01
-0.01 0.01 -0.01
-0.01 0.01 -0.01
-0.01 0.01 -0.01
-0.01 0.01 -0.00
-0.01 0.01 -0.01
-0.01 0.01 -0.01
-0.01 0.01 -0.01
-0.01 0.01 -0.01
-0.01 0.01 -0.01
-0.01 0.01 -0.01
-0.01 0.01 -0.01
-0.01 0.01 -0.01
-0.01 0.01 -0.01
-0.01 0.01 -0.01
-0.01 0.01 -0.01
-0.01 0.01 -0.01
-0.01 0.01 -0.01
-0.00 0.01 -0.01
-0.01 0.01 -0.01
-0.01 0.01 -0.01
-0.01 0.01 -0.01
-0.01 0.01 -0.01
-0.01 0.01 -0.01
-0.01 0.01 -0.01
-0.01 0.01 -0.01
-0.01 0.01 -0.01
-0.01 0.01 -0.01
-0.01 0.01 -0.01
-0.01 0.01 -0.01
-0.01 0.01 -0.01
-0.01 0.01 -0.01
-0.01 0.01 -0.00
-0.01 0.01 -0.01
-0.01 0.01 -0.01
-0.00 0.01 -0.01
-0.00 0.01 -0.01
-0.01 0.01 -0.01
-0.01 0.01 -0.01
-0.01 0.01 -0.01
-0.01 0.01 -0.01
-0.01 0.01 -0.01
-0.00 0.01 -0.01
-0.01 0.01 -0.00
-0.01 0.01 -0.01
-0.00 0.01 -0.01
-0.01 0.01 -0.01
-0.01 0.01 -0.01
-0.01 0.01 -0.01
-0.01 0.01 -0.01
-0.01 0.01 -0.01
-0.01 0.01 -0.01
-0.01 0.01 -0.01
-0.00 0.01 -0.01
-0.01 0.01 -0.01
-0.01 0.01 -0.00
-0.01 0.01 -0.01
-0.01 0.01 -0.01
-0.01 0.01 -0.01
-0.01 0.01 -0.01
-0.01 0.01 -0.01
-0.01 0.01 -0.01
-0.01 0.01 -0.01
-0.01 0.01 -0.01
-0.01 0.01 -0.01
-0.01 0.01 -0.01
-0.01 0.01 -0.01
-0.01 0.01 -0.01
-0.01 0.01 -0.01
-0.01 0.01 -0.00
-0.01 0.01 -0.01
-0.01 0.01 -0.01
-0.01 0.01 -0.01
-0.01 0.01 -0.01
-0.01 0.01 -0.01
-0.01 0.01 -0.01
-0.01 0.01 -0.01
-0.01 0.01 -0.01
-0.01 0.01 -0.01
-0.01 0.01 -0.01
-0.01 0.01 -0.01
-0.01 0.01 -0.01
-0.01 0.01 -0.01
-0.01 0.01 -0.01
-0.01 0.01 -0.01
-0.01 0.01 -0.01
-0.01 0.01 -0.01
-0.01 0.02 -0.01
-0.01 0.01 -0.01
-0.01 0.01 -0.01
-0.00 0.01 -0.01
-0.01 0.01 -0.01
-0.01 0.01 -0.01
-0.01 0.01 -0.01
-0.01 0.01 -0.01
-0.01 0.01 -0.01
-0.01 0.01 -0.01
-0.01 0.01 -0.01
-0.01 0.01 -0.01
-0.01 0.01 -0.01
-0.01 0.01 -0.01
-0.01 0.01 -0.01
-0.01 0.01 -0.01
-0.01 0.01 -0.01
-0.00 0.01 -0.00
-0.01 0.01 -0.01
-0.01 0.01 -0.01
-0.01 0.01 -0.01
-0.01 0.01 -0.01
-0.01 0.01 -0.01
-0.01 0.01 -0.01
-0.01 0.01 -0.01
-0.01 0.01 -0.01
-0.01 0.01 -0.01
-0.01 0.01 -0.01
-0.01 0.01 -0.01
-0.01 0.01 -0.01
-0.01 0.01 -0.01
-0.00 0.01 -0.01
-0.01 0.01 -0.01
-0.00 0.01 -0.00
-0.01 0.01 -0.01
-0.01 0.01 -0.01
-0.01 0.01 -0.01
-0.01 0.01 -0.01
-0.01 0.01 -0.01
-0.00 0.01 -0.01
-0.01 0.01 -0.01
-0.01 0.01 -0.00
-0.01 0.01 -0.00
-0.00 0.01 -0.01
-0.00 0.01 -0.01
-0.01 0.01 -0.01
-0.01 0.01 -0.01
-0.01 0.01 -0.01
-0.01 0.01 -0.01
-0.01 0.01 -0.01
-0.01 0.01 -0.01
-0.01 0.01 -0.01
-0.01 0.01 -0.01
-0.01 0.01 -0.01
-0.01 0.01 -0.01
-0.01 0.01 -0.01
-0.01 0.01 -0.01
-0.01 0.01 -0.01
-0.01 0.01 -0.01
-0.01 0.01 -0.01
-0.01 0.01 -0.00
-0.01 0.01 -0.00
-0.00 0.01 -0.01
-0.01 0.01 -0.01
-0.01 0.01 -0.01
-0.01 0.01 -0.01
-0.01 0.01 -0.00
-0.01 0.01 -0.01
-0.01 0.01 -0.01
-0.01 0.01 -0.01
-0.01 0.01 -0.01
-0.01 0.01 -0.01
-0.01 0.01 -0.01
-0.01 0.01 -0.01
-0.01 0.01 -0.01
-0.01 0.01 -0.01
-0.01 0.01 -0.01
-0.01 0.01 -0.01
-0.01 0.01 -0.01
-0.01 0.01 -0.01
-0.01 0.01 -0.01
-0.00 0.01 -0.01
-0.01 0.01 -0.00
-0.01 0.01 -0.00
-0.01 0.01 -0.00
-0.01 0.01 -0.01
-0.01 0.01 -0.01
-0.01 0.01 -0.01
-0.01 0.01 -0.01
-0.01 0.01 -0.01
-0.00 0.01 -0.00
-0.01 0.01 -0.01
-0.01 0.01 -0.01
-0.01 0.01 -0.01
-0.01 0.01 -0.01
-0.01 0.01 -0.00
-0.01 0.01 -0.01
-0.01 0.01 -0.01
-0.01 0.01 -0.01
-0.01 0.01 -0.01
-0.01 0.01 -0.01
-0.01 0.01 -0.01
-0.01 0.01 -0.01
-0.01 0.01 -0.01
-0.01 0.01 -0.01
-0.01 0.01 -0.01
-0.01 0.01 -0.01
-0.01 0.01 -0.01
-0.01 0.01 -0.01
-0.01 0.01 -0.01
-0.01 0.01 -0.01
-0.01 0.01 -0.01
-0.01 0.01 -0.01
-0.01 0.01 -0.01
-0.01 0.01 -0.01
-0.01 0.01 -0.01
-0.01 0.01 -0.01
-0.01 0.01 -0.01
-0.01 0.01 -0.01
-0.01 0.01 -0.01
-0.01 0.01 -0.01
-0.01 0.01 -0.01
-0.01 0.01 -0.01
-0.01 0.01 -0.01
-0.00 0.01 -0.01
-0.01 0.01 -0.01
-0.01 0.01 -0.01
-0.00 0.01 -0.01
-0.01 0.01 -0.01
-0.01 0.01 -0.01
-0.01 0.01 -0.01
-0.01 0.01 -0.01
-0.01 0.01 -0.01
-0.01 0.01 -0.01
-0.01 0.01 -0.01
-0.01 0.01 -0.01
-0.01 0.01 -0.01
-0.00 0.01 -0.01
-0.01 0.01 -0.01
-0.01 0.01 -0.01
-0.01 0.01 -0.01
-0.01 0.01 -0.01
-0.01 0.01 -0.01
-0.01 0.01 -0.01
-0.01 0.01 -0.01
-0.01 0.01 -0.01
-0.01 0.01 -0.01
-0.01 0.01 -0.01
-0.01 0.01 -0.01
-0.00 0.01 -0.01
-0.01 0.01 -0.01
-0.01 0.01 -0.01
-0.01 0.01 -0.01
-0.00 0.01 -0.00
-0.01 0.01 -0.00
-0.01 0.01 -0.01
-0.01 0.01 -0.01
-0.01 0.01 -0.01
-0.01 0.01 -0.01
-0.01 0.01 -0.01
-0.01 0.01 -0.01
-0.01 0.01 -0.01
-0.01 0.01 -0.01
-0.01 0.01 -0.01
-0.01 0.01 -0.00
-0.01 0.01 -0.01
-0.01 0.01 -0.01
-0.01 0.01 -0.01
-0.01 0.01 -0.00
-0.01 0.01 -0.01
-0.01 0.01 -0.01
-0.01 0.01 -0.01
-0.01 0.01 -0.01
-0.00 0.01 -0.01
-0.01 0.01 -0.01
-0.01 0.01 -0.01
-0.01 0.01 -0.01
-0.01 0.01 -0.01
-0.00 0.01 -0.01
-0.01 0.01 -0.01
-0.01 0.01 -0.01
-0.01 0.01 -0.01
-0.01 0.01 -0.01
-0.01 0.01 -0.01
-0.01 0.01 -0.01
-0.01 0.01 -0.01
-0.01 0.01 -0.01
-0.01 0.01 -0.01
-0.00 0.01 -0.01
-0.01 0.01 -0.01
-0.01 0.01 -0.01
-0.01 0.01 -0.01
-0.01 0.01 -0.00
-0.01 0.01 -0.01
-0.01 0.01 -0.01
-0.00 0.01 -0.01
-0.01 0.01 -0.01
-0.01 0.01 -0.01
-0.01 0.01 -0.01
-0.01 0.01 -0.01
-0.00 0.01 -0.01
-0.00 0.01 -0.01
-0.01 0.01 -0.01
-0.01 0.01 -0.01
-0.01 0.01 -0.01
-0.00 0.01 -0.01
-0.00 0.01 -0.01
-0.01 0.01 -0.01
-0.01 0.01 -0.01
-0.01 0.01 -0.01
-0.01 0.01 -0.01
-0.01 0.01 -0.01
-0.00 0.01 -0.01
-0.01 0.01 -0.01
-0.00 0.01 -0.01
-0.01 0.01 -0.01
-0.01 0.01 -0.01
-0.01 0.01 -0.00
-0.01 0.01 -0.01
-0.00 0.01 -0.01
-0.00 0.01 -0.01
-0.01 0.01 -0.01
-0.01 0.01 -0.01
-0.01 0.01 -0.01
-0.01 0.01 -0.01
-0.01 0.01 -0.01
-0.01 0.01 -0.01
-0.01 0.01 -0.00
-0.01 0.01 -0.01
-0.01 0.01 -0.01
-0.01 0.01 -0.01
-0.01 0.01 -0.01
-0.01 0.01 -0.01
-0.01 0.01 -0.01
-0.01 0.01 -0.01
-0.00 0.01 -0.01
-0.01 0.01 -0.01
-0.01 0.01 -0.01
-0.01 0.01 -0.01
-0.00 0.01 -0.00
-0.01 0.01 -0.01
-0.00 0.01 -0.01
-0.01 0.01 -0.01
-0.01 0.02 -0.01
-0.01 0.01 -0.01
-0.01 0.01 -0.01
-0.01 0.01 -0.01
-0.01 0.01 -0.01
-0.01 0.01 -0.01
-0.01 0.01 -0.01
-0.01 0.01 -0.01
-0.01 0.01 -0.01
-0.01 0.01 -0.01
-0.01 0.01 -0.01
-0.01 0.01 -0.01
-0.01 0.01 -0.01
-0.00 0.01 -0.01
-0.01 0.01 -0.01
-0.01 0.01 -0.01
-0.01 0.01 -0.01
-0.01 0.01 -0.01
-0.01 0.01 -0.01
-0.01 0.01 -0.01
-0.00 0.01 -0.01
-0.01 0.01 -0.01
-0.01 0.01 -0.01
-0.01 0.01 -0.01
-0.01 0.01 -0.01
-0.01 0.01 -0.01
-0.01 0.01 -0.01
-0.01 0.01 -0.01
-0.01 0.01 -0.01
-0.01 0.01 -0.01
-0.01 0.01 -0.01
-0.01 0.01 -0.01
-0.01 0.01 -0.00
-0.01 0.01 -0.01
-0.01 0.01 -0.01
-0.01 0.01 -0.01
-0.01 0.01 -0.01
-0.01 0.01 -0.01
-0.01 0.01 -0.01
-0.01 0.01 -0.01
-0.01 0.01 -0.01
-0.01 0.01 -0.01
-0.01 0.01 -0.01
-0.01 0.01 -0.01
-0.01 0.01 -0.01
-0.01 0.01 -0.02
-0.00 0.01 -0.03
-0.00 0.01 -0.02
-0.01 0.01 -0.02
-0.01 0.01 -0.02
-0.01 0.02 -0.02
-0.01 0.01 -0.01
-0.02 0.01 -0.00
-0.01 0.01 -0.00
-0.02 0.01 0.00
-0.01 0.01 0.01
-0.01 0.01 0.01
-0.01 0.01 -0.01
-0.01 0.01 -0.02
-0.02 0.02 -0.02
-0.01 0.01 -0.02
-0.01 0.00 -0.01
-0.01 0.01 -0.00
-0.01 0.01 -0.00
-0.01 0.01 -0.00
-0.01 0.01 -0.00
-0.01 0.01 -0.01
-0.01 0.01 -0.01
-0.01 0.01 -0.01
-0.01 0.01 -0.01
-0.01 0.01 -0.01
-0.01 0.02 -0.01
-0.01 0.02 -0.01
-0.02 0.02 -0.02
-0.02 0.01 -0.03
-0.02 0.01 -0.03
-0.02 0.01 -0.02
-0.00 0.01 -0.01
-0.01 0.01 -0.00
-0.01 0.01 0.01
-0.01 0.01 0.02
0.00 0.01 0.02
0.00 0.01 0.03
-0.00 0.01 0.04
0.00 0.01 0.04
-0.01 0.01 0.06
0.00 0.02 0.07
0.00 0.01 0.08
-0.01 0.00 0.06
-0.01 0.01 0.02
-0.00 0.01 -0.01
0.01 0.02 -0.02
0.01 0.01 0.01
-0.00 -0.00 0.04
-0.01 0.00 0.05
-0.01 0.01 0.03
-0.01 0.02 0.02
0.00 0.01 0.01
0.00 0.01 0.03
0.01 0.01 0.06
0.02 0.01 0.06
0.02 0.01 0.06
0.02 0.02 0.05
0.01 0.02 0.06
0.01 0.01 0.06
0.00 0.01 0.07
-0.00 0.01 0.08
-0.00 0.01 0.08
0.01 0.01 0.08
0.02 0.01 0.07
0.02 0.00 0.07
0.01 0.01 0.07
-0.00 0.01 0.08
-0.02 0.01 0.09
-0.03 0.02 0.10
-0.02 0.01 0.11
0.00 0.00 0.13
0.03 -0.00 0.12
0.00 0.02 0.12
-0.04 0.02 0.15
-0.04 0.02 0.17
0.00 0.02 0.17
0.03 0.00 0.15
0.02 0.00 0.17
-0.02 0.01 0.21
-0.07 0.01 0.25
-0.06 0.02 0.26
-0.01 0.03 0.22
-0.00 0.05 0.20
0.04 0.04 0.22
-0.02 0.03 0.26
-0.01 0.01 0.28
-0.06 0.06 0.27
-0.03 0.04 0.20
0.02 0.02 0.22
0.01 0.01 0.25
-0.02 0.01 0.28
-0.06 0.01 0.28
-0.09 0.05 0.25
-0.06 0.07 0.19
0.02 0.05 0.15
0.03 0.04 0.21
-0.04 0.02 0.26
-0.08 0.03 0.29
-0.05 0.03 0.23
0.01 0.02 0.19
0.05 0.01 0.20
0.06 0.02 0.25
-0.00 -0.00 0.29
0.01 -0.00 0.30
-0.05 -0.00 0.27
-0.02 -0.00 0.28
0.04 0.01 0.27
0.04 0.03 0.23
0.08 0.03 0.20
-0.01 0.00 0.20
-0.05 0.03 0.20
-0.04 0.02 0.18
0.03 -0.00 0.14
0.05 -0.00 0.16
0.00 0.00 0.17
0.02 -0.00 0.15
-0.02 0.02 0.11
0.01 0.02 0.11
-0.00 0.02 0.13
-0.02 0.01 0.14
-0.03 0.00 0.14
-0.03 0.01 0.13
-0.00 0.02 0.12
0.01 0.01 0.13
0.02 0.01 0.13
-0.02 0.02 0.14
-0.06 0.03 0.16
-0.07 0.03 0.16
-0.03 0.02 0.13
0.02 -0.01 0.13
0.06 -0.04 0.15
0.03 0.00 0.16
-0.02 0.03 0.12
-0.04 0.04 0.08
-0.04 0.03 0.08
-0.01 0.02 0.11
-0.03 0.00 0.13
-0.01 -0.02 0.16
-0.01 -0.00 0.14
-0.02 0.00 0.12
-0.02 0.02 0.08
-0.02 0.04 0.07
-0.01 0.04 0.05
-0.01 0.03 0.05
-0.03 0.01 0.06
-0.04 0.01 0.04
-0.03 -0.01 0.03
-0.02 0.00 -0.02
-0.02 0.01 -0.06
-0.03 0.01 -0.07
-0.04 0.02 -0.06
-0.03 0.01 -0.05
-0.02 0.01 -0.03
-0.02 0.01 -0.03
-0.03 -0.00 -0.04
-0.04 -0.00 -0.05
-0.03 0.01 -0.07
-0.03 0.01 -0.06
-0.03 0.01 -0.04
-0.02 0.01 -0.02
-0.01 0.01 -0.01
-0.01 0.01 -0.01
-0.02 0.01 -0.02
-0.02 0.01 -0.01
-0.01 0.01 -0.01
-0.01 0.01 -0.01
-0.01 0.01 -0.01
-0.01 0.01 -0.01
-0.01 0.01 -0.01
-0.01 0.01 -0.01
-0.01 0.01 -0.01
-0.01 0.01 -0.01
-0.01 0.01 -0.02
-0.01 0.01 -0.01
-0.01 0.01 -0.01
-0.01 0.01 -0.01
-0.01 0.01 -0.01
-0.00 0.01 -0.01
-0.01 0.01 -0.01
-0.01 0.01 -0.01
-0.01 0.01 -0.01
-0.01 0.01 -0.02
-0.01 0.01 -0.02
-0.02 0.01 -0.02
-0.02 0.01 -0.01
-0.01 0.01 -0.01
-0.01 0.01 -0.02
-0.01 0.01 -0.01
-0.01 0.01 -0.01
-0.01 0.01 -0.01
-0.01 0.01 -0.01
-0.01 0.01 -0.01
-0.02 0.01 -0.01
-0.01 0.02 -0.01
-0.01 0.01 -0.01
-0.01 0.01 -0.01
-0.01 0.01 -0.01
-0.01 0.01 -0.01
-0.01 0.01 -0.01
-0.01 0.01 -0.01
-0.01 0.01 -0.01
-0.01 0.01 -0.01
-0.01 0.01 -0.01
-0.01 0.01 -0.01
-0.01 0.01 -0.01
-0.02 0.01 -0.01
-0.01 0.01 -0.01
-0.01 0.01 -0.01
-0.01 0.01 -0.01
-0.01 0.01 -0.01
-0.01 0.01 -0.00
-0.01 0.01 -0.01
-0.01 0.01 -0.01
-0.01 0.01 -0.01
-0.01 0.01 -0.01
-0.01 0.01 -0.01
-0.01 0.01 -0.01
-0.01 0.01 -0.01
-0.01 0.01 -0.01
-0.01 0.01 -0.01
-0.01 0.01 -0.01
-0.00 0.01 -0.01
-0.00 0.02 -0.01
-0.01 0.01 -0.01
-0.02 0.01 -0.01
-0.01 0.01 -0.01
-0.01 0.01 -0.02
-0.01 0.01 -0.02
-0.01 0.01 -0.01
-0.01 0.01 -0.01
-0.01 0.01 -0.01
-0.01 0.01 -0.01
-0.01 0.01 -0.01
-0.01 0.01 -0.01
-0.01 0.01 -0.01
-0.01 0.01 -0.01
-0.01 0.01 -0.01
-0.01 0.01 -0.01
-0.01 0.01 -0.01
-0.01 0.01 -0.01
-0.01 0.01 -0.01
-0.01 0.01 -0.01
-0.01 0.01 -0.01
-0.01 0.01 -0.00
-0.01 0.01 -0.01
-0.01 0.01 -0.01
-0.01 0.01 -0.01
-0.01 0.01 -0.01
-0.01 0.01 -0.01
-0.01 0.01 -0.01
-0.01 0.01 -0.01
-0.00 0.01 -0.01
-0.01 0.01 -0.01
-0.01 0.01 -0.01
-0.00 0.01 -0.01
-0.01 0.01 -0.01
-0.00 0.01 -0.01
-0.01 0.01 -0.02
-0.01 0.01 -0.01
-0.01 0.01 -0.01
-0.01 0.01 -0.01
-0.01 0.01 -0.01
-0.01 0.01 -0.02
-0.01 0.01 -0.02
-0.01 0.01 -0.01
-0.01 0.01 -0.01
-0.01 0.01 -0.01
-0.01 0.01 -0.02
-0.01 0.01 -0.02
-0.01 0.01 -0.02
-0.01 0.01 -0.02
-0.01 0.01 -0.01
-0.01 0.01 -0.01
-0.01 0.01 -0.01
-0.01 0.01 -0.01
-0.01 0.01 -0.01
-0.01 0.01 -0.01
-0.01 0.01 -0.01
-0.01 0.01 -0.01
-0.01 0.01 -0.01
-0.00 0.01 -0.01
-0.01 0.01 -0.01
-0.01 0.01 -0.01
-0.01 0.01 -0.01
-0.01 0.01 -0.01
-0.01 0.01 -0.01
-0.00 0.01 -0.01
-0.01 0.01 -0.01
-0.01 0.01 -0.01
-0.01 0.01 -0.01
-0.01 0.01 -0.02
-0.01 0.01 -0.02
-0.01 0.01 -0.02
-0.01 0.01 -0.01
-0.01 0.01 -0.01
-0.01 0.01 -0.01
-0.01 0.01 -0.01
-0.01 0.01 -0.02
-0.01 0.01 -0.01
-0.01 0.01 -0.01
-0.00 0.01 -0.01
-0.01 0.01 -0.01
-0.01 0.01 -0.01
-0.01 0.01 -0.01
-0.01 0.01 -0.00
-0.01 0.01 -0.01
-0.01 0.01 -0.01
-0.01 0.01 -0.01
-0.01 0.01 -0.01
-0.01 0.01 -0.00
-0.01 0.01 -0.01
-0.01 0.01 -0.01
-0.01 0.01 -0.01
-0.01 0.01 -0.01
-0.01 0.01 -0.01
-0.01 0.01 -0.02
-0.02 0.01 -0.02
-0.01 0.01 -0.03
-0.01 0.01 -0.02
-0.01 0.01 -0.01
-0.01 0.01 0.00
-0.01 0.01 0.00
-0.01 0.01 -0.00
-0.01 0.01 -0.00
-0.01 0.01 -0.00
-0.01 0.01 -0.00
-0.01 0.01 -0.01
-0.00 0.01 -0.01
-0.01 0.01 -0.01
-0.01 0.00 0.00
-0.00 0.00 0.01
-0.01 -0.01 0.02
-0.00 -0.00 0.03
-0.00 -0.00 0.02
0.00 -0.00 0.01
0.00 0.01 0.01
0.00 0.01 0.01
-0.00 0.00 0.01
0.00 0.01 -0.00
-0.00 0.01 -0.06
-0.01 0.01 -0.05
-0.01 0.01 -0.04
-0.01 0.01 -0.01
-0.01 0.01 0.01
-0.01 0.01 0.01
-0.01 0.01 -0.01
-0.01 0.01 -0.01
-0.00 0.01 -0.01
-0.01 0.01 -0.02
-0.01 0.01 -0.01
-0.01 0.01 -0.01
-0.01 0.01 -0.00
-0.01 0.01 -0.01
-0.01 0.01 -0.01
-0.01 0.01 -0.01
-0.01 0.01 -0.01
-0.01 0.01 -0.01
-0.01 0.01 -0.01
-0.01 0.00 -0.00
-0.01 0.01 -0.01
-0.00 0.01 -0.01
-0.01 0.01 -0.01
-0.01 0.01 -0.01
-0.00 0.01 -0.01
-0.01 0.01 -0.01
-0.01 0.01 -0.00
-0.01 0.01 -0.00
-0.01 0.01 -0.01
-0.00 0.01 -0.01
-0.00 0.01 -0.01
-0.01 0.01 -0.01
-0.01 0.01 -0.01
-0.01 0.01 -0.01
-0.01 0.01 -0.01
-0.00 0.01 -0.01
-0.01 0.01 -0.01
-0.01 0.01 -0.01
-0.01 0.01 -0.01
-0.01 0.01 -0.01
-0.01 0.01 -0.01
-0.01 0.01 -0.01
-0.01 0.01 -0.01
-0.01 0.01 -0.01
-0.01 0.01 -0.01
-0.00 0.01 -0.01
-0.01 0.01 -0.01
-0.01 0.01 -0.01
-0.01 0.01 -0.01
-0.01 0.01 -0.01
-0.01 0.01 -0.01
-0.01 0.01 -0.01
-0.01 0.01 -0.01
-0.01 0.01 -0.01
-0.01 0.01 -0.01
-0.01 0.01 -0.00
-0.01 0.01 -0.01
-0.01 0.01 -0.01
-0.01 0.01 -0.01
-0.01 0.01 -0.01
-0.01 0.01 -0.01
-0.01 0.01 -0.01
-0.01 0.01 -0.01
-0.01 0.01 -0.01
-0.00 0.01 -0.00
-0.01 0.01 -0.01
-0.01 0.01 -0.01
-0.01 0.01 -0.01
-0.01 0.01 -0.01
-0.01 0.01 -0.01
-0.01 0.01 -0.01
-0.01 0.01 -0.00
-0.01 0.01 -0.00
-0.01 0.01 -0.01
-0.01 0.01 -0.01
-0.01 0.01 -0.01
-0.01 0.01 -0.01
-0.00 0.01 -0.01
-0.01 0.01 -0.01
-0.01 0.01 -0.01
-0.00 0.01 -0.01
-0.01 0.01 -0.01
-0.01 0.01 -0.01
-0.00 0.01 -0.01
-0.01 0.01 -0.00
-0.00 0.01 -0.01
-0.00 0.01 -0.01
-0.01 0.01 -0.01
-0.01 0.01 -0.01
-0.00 0.01 -0.01
-0.01 0.01 -0.01
-0.01 0.01 -0.01
-0.01 0.01 -0.01
-0.01 0.01 -0.01
-0.00 0.01 -0.01
-0.01 0.01 -0.01
-0.01 0.01 -0.01
-0.01 0.01 -0.01
-0.01 0.01 -0.01
-0.01 0.01 -0.01
-0.01 0.01 -0.01
-0.01 0.01 -0.01
-0.01 0.01 -0.01
-0.01 0.01 -0.01
-0.01 0.01 -0.01
-0.01 0.01 -0.01
-0.01 0.01 -0.01
-0.00 0.01 -0.01
-0.01 0.01 -0.01
-0.01 0.01 -0.01
-0.01 0.01 -0.01
-0.01 0.01 -0.00
-0.01 0.01 -0.00
-0.01 0.01 -0.01
-0.01 0.01 -0.01
-0.01 0.01 -0.00
-0.01 0.01 -0.01
-0.01 0.01 -0.01
-0.01 0.01 -0.01
-0.01 0.01 -0.01
-0.01 0.01 -0.01
-0.01 0.01 -0.01
-0.01 0.01 -0.01
-0.01 0.01 -0.01
-0.01 0.01 -0.01
-0.01 0.01 -0.01
-0.01 0.01 -0.01
-0.01 0.01 -0.01
-0.01 0.01 -0.01
-0.01 0.01 -0.01
-0.01 0.01 -0.00
-0.01 0.01 -0.01
-0.01 0.00 -0.01
-0.01 0.01 -0.01
-0.01 0.01 -0.01
-0.01 0.01 -0.01
-0.01 0.01 -0.01
-0.01 0.01 -0.01
-0.01 0.01 -0.01
-0.01 0.01 -0.01
-0.01 0.01 -0.01
-0.00 0.01 -0.01
-0.01 0.01 -0.01
-0.01 0.01 -0.01
-0.01 0.01 -0.01
-0.01 0.01 -0.01
-0.01 0.01 -0.01
-0.00 0.01 -0.00
0.00 0.01 -0.01
-0.01 0.01 -0.01
-0.01 0.01 -0.01
-0.01 0.01 -0.01
-0.01 0.01 -0.01
-0.01 0.01 -0.00
-0.00 0.01 -0.01
-0.01 0.01 -0.01
-0.01 0.01 -0.01
-0.01 0.00 -0.00
-0.00 0.01 -0.01
-0.00 0.01 -0.01
-0.00 0.01 -0.01
-0.01 0.01 -0.01
-0.01 0.01 -0.01
-0.01 0.01 -0.01
-0.02 0.01 -0.01
-0.01 0.01 -0.01
-0.01 0.01 -0.00
-0.00 0.01 -0.01
-0.00 0.01 -0.01
-0.01 0.01 -0.01
-0.01 0.01 -0.01
-0.01 0.01 -0.01
-0.01 0.01 -0.00
-0.00 0.01 -0.01
-0.00 0.01 -0.01
-0.01 0.01 -0.01
-0.01 0.01 -0.00
-0.01 0.01 -0.01
-0.01 0.01 -0.01
-0.01 0.01 -0.01
-0.00 0.01 -0.01
-0.00 0.01 -0.01
-0.00 0.01 -0.01
-0.01 0.01 -0.01
-0.01 0.01 -0.00
-0.01 0.01 -0.01
-0.01 0.01 -0.01
-0.01 0.01 -0.01
-0.01 0.01 -0.01
-0.01 0.01 -0.01
-0.01 0.01 -0.01
-0.01 0.01 -0.01
-0.01 0.01 -0.01
-0.01 0.01 -0.01
-0.00 0.01 -0.01
-0.00 0.01 -0.01
-0.01 0.01 -0.01
-0.01 0.01 -0.01
-0.01 0.01 -0.01
-0.01 0.01 -0.01
-0.01 0.01 -0.01
-0.01 0.01 -0.01
-0.01 0.01 -0.01
-0.01 0.01 -0.01
-0.01 0.01 -0.00
-0.01 0.01 -0.01
-0.01 0.01 -0.01
-0.01 0.01 -0.01
-0.01 0.01 -0.01
-0.01 0.01 -0.01
-0.01 0.01 -0.01
-0.01 0.01 -0.01
-0.01 0.01 -0.01
-0.01 0.01 -0.01
-0.01 0.01 -0.01
-0.01 0.01 -0.01
-0.01 0.01 -0.01
-0.01 0.01 -0.01
-0.01 0.01 -0.01
-0.00 0.01 -0.01
-0.00 0.01 -0.01
-0.01 0.01 -0.01
-0.00 0.01 -0.01
-0.01 0.01 -0.01
-0.01 0.01 -0.01
-0.01 0.01 -0.01
-0.00 0.01 -0.01
-0.01 0.01 -0.01
-0.01 0.01 -0.01
-0.01 0.01 -0.01
-0.01 0.01 -0.01
-0.01 0.01 -0.01
-0.00 0.01 -0.01
-0.01 0.01 -0.01
-0.01 0.01 -0.01
-0.01 0.02 -0.01
-0.00 0.01 -0.01
-0.01 0.01 -0.01
-0.01 0.01 -0.01
-0.01 0.01 -0.01
-0.01 0.01 -0.01
-0.01 0.01 -0.01
-0.01 0.01 -0.01
-0.00 0.01 -0.01
-0.01 0.01 -0.01
-0.01 0.01 -0.01
-0.01 0.01 -0.01
-0.01 0.01 -0.01
-0.01 0.01 -0.01
-0.01 0.01 -0.00
-0.01 0.01 -0.01
-0.01 0.01 -0.01
-0.00 0.01 -0.01
-0.01 0.01 -0.01
-0.01 0.01 -0.01
-0.01 0.01 -0.01
-0.00 0.01 -0.01
-0.01 0.01 -0.01
-0.01 0.01 -0.01
-0.01 0.01 -0.01
-0.01 0.01 -0.00
-0.01 0.01 -0.00
-0.01 0.01 -0.01
-0.01 0.01 -0.01
-0.01 0.01 -0.01
-0.01 0.01 -0.01
-0.01 0.01 -0.01
-0.01 0.01 -0.01
-0.01 0.01 -0.01
-0.01 0.01 -0.01
-0.01 0.01 -0.01
-0.01 0.01 -0.01
-0.01 0.01 -0.01
-0.01 0.01 -0.01
-0.01 0.01 -0.01
-0.01 0.01 -0.01
-0.01 0.01 -0.01
-0.01 0.01 -0.01
-0.00 0.01 -0.01
-0.00 0.01 -0.01
-0.01 0.01 -0.01
-0.01 0.01 -0.00
-0.01 0.01 -0.01
-0.01 0.01 -0.01
-0.01 0.01 -0.01
-0.01 0.01 -0.01
-0.01 0.01 -0.00
-0.01 0.01 -0.01
-0.01 0.01 -0.01
-0.01 0.01 -0.01
-0.01 0.01 -0.01
-0.01 0.01 -0.01
-0.01 0.01 -0.01
-0.00 0.01 -0.01
-0.00 0.01 -0.01
-0.01 0.01 -0.01
-0.01 0.01 -0.01
-0.01 0.01 -0.01
-0.01 0.01 -0.01
-0.01 0.01 -0.01
-0.01 0.01 -0.01
-0.01 0.01 -0.01
-0.01 0.01 -0.01
-0.01 0.01 -0.01
-0.01 0.01 -0.01
-0.01 0.01 -0.01
-0.01 0.01 -0.01
-0.01 0.01 -0.01
-0.01 0.01 -0.01
-0.01 0.01 -0.01
-0.01 0.01 -0.01
-0.01 0.01 -0.01
-0.01 0.01 -0.01
-0.00 0.01 -0.01
-0.01 0.01 -0.01
-0.01 0.01 -0.00
-0.01 0.01 -0.01
-0.01 0.01 -0.01
-0.01 0.01 -0.01
-0.01 0.01 -0.01
-0.01 0.01 -0.01
-0.00 0.01 -0.01
-0.01 0.01 -0.01
-0.01 0.01 -0.01
-0.01 0.01 -0.00
-0.01 0.01 -0.01
-0.01 0.01 -0.01
-0.01 0.01 -0.01
-0.00 0.01 -0.01
-0.01 0.01 -0.01
-0.01 0.01 -0.01
-0.01 0.01 -0.01
-0.01 0.01 -0.01
-0.01 0.01 -0.01
-0.01 0.01 -0.01
-0.01 0.01 -0.01
-0.01 0.01 -0.00
-0.01 0.01 -0.01
-0.01 0.01 -0.01
-0.01 0.01 -0.01
-0.00 0.01 -0.01
-0.01 0.01 -0.01
-0.01 0.01 -0.01
-0.01 0.01 -0.01
-0.01 0.01 -0.01
-0.01 0.01 -0.01
-0.00 0.01 -0.01
-0.01 0.01 -0.01
-0.01 0.01 -0.01
-0.01 0.01 -0.01
-0.01 0.01 -0.01
-0.01 0.01 -0.01
-0.01 0.01 -0.01
-0.01 0.01 -0.01
-0.01 0.01 -0.01
-0.01 0.01 -0.01
-0.01 0.01 -0.01
-0.01 0.01 -0.01
-0.01 0.01 -0.01
-0.01 0.01 -0.01
-0.01 0.01 -0.01
-0.00 0.01 -0.01
-0.01 0.01 -0.01
-0.02 0.01 -0.01
-0.01 0.02 -0.01
-0.01 0.00 0.00
-0.01 0.02 -0.01
-0.01 0.01 -0.01
-0.01 0.00 -0.01
-0.01 0.01 -0.01
-0.01 0.00 -0.00
-0.01 0.02 -0.01
-0.01 0.01 -0.01
-0.01 0.01 -0.01
-0.01 0.01 -0.01
-0.01 0.01 -0.01
-0.00 0.01 -0.01
-0.01 0.01 -0.01
-0.01 0.01 -0.01
-0.01 0.02 -0.00
-0.01 0.01 -0.00
-0.01 0.01 -0.01
-0.00 0.01 -0.01
-0.01 0.01 -0.01
-0.00 0.01 -0.01
-0.01 0.01 -0.01
-0.00 0.01 -0.01
-0.01 0.01 -0.01
-0.01 0.01 -0.01
-0.01 0.01 -0.01
-0.01 0.01 -0.01
-0.01 0.01 -0.01
-0.01 0.01 -0.01
-0.01 0.01 -0.01
-0.01 0.01 -0.01
-0.01 0.01 -0.01
-0.01 0.01 -0.01
-0.00 0.01 -0.01
-0.01 0.01 -0.01
-0.01 0.01 -0.01
-0.00 0.01 -0.01
-0.00 0.01 -0.01
-0.01 0.01 -0.01
-0.01 0.01 -0.01
-0.01 0.01 -0.00
-0.01 0.01 -0.01
-0.01 0.01 -0.01
-0.01 0.01 -0.01
-0.01 0.01 -0.01
-0.01 0.01 -0.01
-0.01 0.01 -0.01
-0.01 0.01 -0.01
-0.01 0.01 -0.01
-0.01 0.01 -0.01
-0.00 0.01 -0.01
-0.00 0.01 -0.00
-0.01 0.01 -0.01
-0.01 0.01 -0.01
-0.01 0.01 -0.01
-0.01 0.01 -0.00
-0.01 0.01 -0.01
-0.01 0.01 -0.01
-0.01 0.01 -0.01
-0.01 0.01 -0.01
-0.00 0.01 -0.01
-0.01 0.01 -0.01
-0.01 0.01 -0.01
-0.01 0.01 -0.01
-0.00 0.01 -0.01
-0.01 0.01 -0.01
-0.01 0.01 -0.01
-0.00 0.01 -0.01
-0.00 0.01 -0.01
-0.01 0.01 -0.01
-0.01 0.01 -0.01
-0.01 0.01 -0.00
-0.01 0.01 -0.01
-0.00 0.01 -0.01
-0.01 0.01 -0.01
-0.01 0.01 -0.01
-0.01 0.01 -0.01
-0.01 0.01 -0.01
-0.01 0.01 -0.01
-0.01 0.01 -0.01
-0.01 0.01 -0.01
-0.01 0.01 -0.00
-0.01 0.01 -0.01
-0.01 0.01 -0.01
-0.01 0.01 -0.01
-0.01 0.01 -0.01
-0.01 0.01 -0.01
-0.01 0.01 -0.01
-0.01 0.01 -0.01
-0.01 0.01 -0.01
-0.01 0.01 -0.01
-0.01 0.01 -0.01
-0.01 0.01 -0.01
-0.01 0.01 -0.01
-0.01 0.01 -0.01
-0.01 0.01 -0.01
-0.01 0.01 -0.01
-0.00 0.01 -0.01
-0.00 0.01 -0.01
-0.01 0.01 -0.00
-0.01 0.01 -0.01
-0.01 0.01 -0.01
-0.00 0.01 -0.01
-0.00 0.01 -0.00
-0.01 0.01 -0.01
-0.01 0.01 -0.01
-0.01 0.01 -0.00
-0.01 0.01 -0.00
-0.01 0.01 -0.01
-0.01 0.01 -0.01
-0.01 0.01 -0.01
-0.01 0.01 -0.01
-0.01 0.01 -0.01
-0.01 0.01 -0.01
-0.01 0.01 -0.01
-0.01 0.01 -0.01
-0.01 0.01 -0.01
-0.00 0.01 -0.01
-0.01 0.01 -0.01
-0.01 0.01 -0.01
-0.01 0.01 -0.01
-0.00 0.01 -0.01
-0.01 0.01 -0.01
-0.01 0.01 -0.01
-0.01 0.01 -0.01
-0.01 0.01 -0.01
-0.01 0.01 -0.01
-0.01 0.01 -0.01
-0.01 0.01 -0.01
-0.01 0.01 -0.01
-0.01 0.01 -0.01
-0.01 0.01 -0.01
-0.01 0.01 -0.01
-0.01 0.01 -0.01
-0.01 0.01 -0.01
-0.00 0.01 -0.01
-0.01 0.01 -0.01
-0.01 0.01 -0.01
-0.01 0.01 -0.01
-0.01 0.01 -0.01
-0.01 0.01 -0.01
-0.01 0.01 -0.01
-0.01 0.01 -0.01
-0.01 0.01 -0.01
-0.01 0.01 -0.01
-0.01 0.01 -0.01
-0.00 0.01 -0.01
-0.01 0.01 -0.01
-0.01 0.01 -0.01
-0.01 0.01 -0.01
-0.00 0.01 -0.01
-0.01 0.01 -0.01
-0.01 0.01 -0.01
-0.01 0.01 -0.01
-0.01 0.01 -0.01
-0.01 0.01 -0.01
-0.01 0.01 -0.01
-0.01 0.01 -0.01
-0.00 0.01 -0.01
-0.00 0.01 -0.01
-0.01 0.01 -0.01
-0.01 0.01 -0.00
-0.01 0.01 -0.01
-0.01 0.01 -0.01
-0.01 0.01 -0.01
-0.01 0.01 -0.01
-0.01 0.01 -0.01
-0.01 0.01 -0.00
-0.01 0.01 -0.01
-0.01 0.01 -0.01
-0.01 0.01 -0.01
-0.01 0.01 -0.01
-0.01 0.01 -0.01
-0.01 0.01 -0.01
-0.01 0.01 -0.01
-0.01 0.01 -0.01
