270,-390
270.129196028,-390.000041952
270.284231194,-390.000194399
270.413427037,-390.000416785
270.585686893,-390.001141119
270.783780179,-390.002841822
270.999094501,-390.00515282
271.214406209,-390.007695719
271.4555473,-390.011157024
271.748357567,-390.01562443
272.041170866,-390.019888484
272.333986657,-390.023977806
272.66125214,-390.028492375
273.005740683,-390.033347798
273.358837989,-390.038563627
273.746383381,-390.044317466
274.125319596,-390.049741624
274.50425925,-390.054919979
275.322425428,-390.066025867
275.744420403,-390.072216407
276.157795455,-390.078789594
276.579776224,-390.085882681
277.044816598,-390.093679136
277.492640463,-390.100743843
277.931858969,-390.10723821
278.388307942,-390.113553161
278.853372104,-390.119770822
279.301205893,-390.126175563
279.774868832,-390.133449836
280.532728871,-390.145131788
281.015006297,-390.152378132
281.514512855,-390.15954706
281.99679995,-390.166118383
282.487701422,-390.172650555
283.013050709,-390.179746429
283.495333609,-390.186618812
284.063728279,-390.195403508
284.554604872,-390.203594702
285.519120736,-390.22048399
286.018596019,-390.229574437
286.526679042,-390.23903364
287.008924525,-390.248161555
287.491163039,-390.257650522
287.973394479,-390.267492435
288.455620971,-390.277573877
288.937841717,-390.287926513
289.42006127,-390.298334566
289.919500729,-390.309216734
290.410324041,-390.320143833
290.883921794,-390.330851889
291.357514888,-390.341764086
292.321917484,-390.364208051
293.277702496,-390.38674392
293.76850385,-390.398616398
294.250678557,-390.410928044
294.732834512,-390.423953393
295.232195975,-390.437964993
295.722933405,-390.452237333
296.205046135,-390.466774859
296.678543047,-390.481272072
297.16927009,-390.49589721
297.642788999,-390.509657201
298.133520938,-390.524117093
298.624235345,-390.539160219
299.123545233,-390.55490286
299.605633664,-390.570225052
300.104928162,-390.586448462
300.60420941,-390.603074662
301.077658267,-390.619064487
301.568317512,-390.635810542
302.058987892,-390.652227081
302.532458215,-390.667568154
303.505225559,-390.699054778
303.995902054,-390.715287547
304.469353335,-390.731205439
305.433472541,-390.763613064
305.915532633,-390.779802339
306.388985813,-390.795663657
306.888271064,-390.81216921
307.378955688,-390.828154328
307.852427175,-390.843459442
308.334512341,-390.858883992
308.842440671,-390.874588977
309.324552595,-390.88915323
309.806654345,-390.904050456
310.314580807,-390.919815755
310.805309198,-390.934395592
311.304661027,-390.948746405
311.786804035,-390.962242496
312.303397616,-390.976275202
312.794162387,-390.989574233
313.293536482,-391.003128126
313.801526506,-391.016691703
314.300914338,-391.029729676
314.791695707,-391.04240139
315.282481626,-391.054895659
315.781885682,-391.067296626
316.281288309,-391.079754985
316.780683832,-391.092494959
317.271461949,-391.105292034
317.762227237,-391.118571969
318.218544412,-391.131228173
318.709291953,-391.145148529
319.208633082,-391.159866932
319.699356647,-391.174608295
320.19869664,-391.189365212
320.698037077,-391.204107068
321.171538897,-391.218443097
321.653639621,-391.23337349
322.1443477,-391.248621644
322.65228343,-391.264085431
323.151612829,-391.279196569
323.642324694,-391.294322389
324.141627138,-391.31029939
324.64090536,-391.327016206
325.12295919,-391.343390871
325.613622135,-391.360028157
326.095679766,-391.376290558
326.577744202,-391.392349957
327.068408346,-391.408951842
327.559052491,-391.42613463
328.058292151,-391.443965969
328.540308572,-391.461407137
329.022302575,-391.479457245
329.530088073,-391.499249238
330.519802542,-391.53876284
331.001734088,-391.558409968
331.483650911,-391.578414966
331.974166171,-391.598950428
332.946586037,-391.639783229
333.437092803,-391.660520573
334.323420752,-391.698612249
334.891356912,-391.723070165
335.373260976,-391.743380225
335.880997383,-391.76439393
336.371533588,-391.784422815
336.853472317,-391.803892951
337.309593315,-391.822309771
337.800132916,-391.84225532
338.299272838,-391.862688953
338.781196801,-391.882521202
339.271716556,-391.902949
339.770831727,-391.923978526
340.269953131,-391.944859609
340.769096066,-391.965219501
341.276859175,-391.985577801
341.776031977,-392.00519179
342.266617925,-392.023962841
343.273637863,-392.061761258
343.764260287,-392.079553439
344.272118477,-392.097382999
344.762769722,-392.114361837
345.25343068,-392.131057624
345.761316476,-392.148082694
346.251997724,-392.164171148
346.759917016,-392.18016577
347.259241185,-392.19544874
347.758567235,-392.210670137
348.257895204,-392.225828434
348.757224277,-392.24095032
349.256550356,-392.256170768
349.747271701,-392.270985846
350.238000444,-392.285553805
350.73734211,-392.300253998
351.219469855,-392.314284755
352.200947839,-392.342721838
352.68307068,-392.356920102
353.19962598,-392.3722976
353.69895403,-392.387453243
354.224097411,-392.403782767
354.732023935,-392.419546065
355.239951486,-392.435276204
355.747870796,-392.451270271
356.26438983,-392.467821173
356.789511617,-392.48483097
357.297404042,-392.501657125
357.805284672,-392.51883561
358.304548052,-392.535989988
358.821019328,-392.553969563
359.328886486,-392.571541866
360.327420258,-392.605645912
360.843911955,-392.623028998
361.351803974,-392.63986738
361.851075742,-392.656775873
362.341714083,-392.674123601
362.849551102,-392.692546329
363.348770983,-392.710923077
363.847975447,-392.729713989
364.338543774,-392.748940047
364.863506951,-392.770291578
365.354034582,-392.790529363
365.844557152,-392.810889442
366.352294951,-392.831869507
366.85144441,-392.852068823
367.531326003,-392.879442817
368.030483764,-392.899435937
369.028813072,-392.939076477
369.510767653,-392.958150177
369.992728695,-392.977059928
370.474694624,-392.995844739
370.965274632,-393.014770392
371.455856884,-393.033637796
371.937823421,-393.05240697
372.936179273,-393.091373263
373.435366536,-393.110615704
373.943158193,-393.130249044
374.442348959,-393.149400388
374.950172437,-393.168192696
376.447891914,-393.221672813
376.93853631,-393.238848429
377.429195541,-393.255594882
377.919875746,-393.271715081
378.909858337,-393.303816864
379.409160728,-393.319795543
379.908480403,-393.33522463
380.407810397,-393.350316099
380.889927703,-393.364701082
381.397879447,-393.3796296
381.948879745,-393.395762031
382.465438178,-393.411033902
382.964766595,-393.426177424
383.481300502,-393.442257476
383.989217078,-393.458338107
384.454086555,-393.473160513
384.961997985,-393.489402874
385.469903396,-393.505832364
385.969201344,-393.521949268
386.468495059,-393.538196753
386.950556107,-393.55435754
387.449828401,-393.571250472
387.966314166,-393.588808938
388.990663462,-393.624046614
389.51573756,-393.642469873
390.014967142,-393.660581187
390.514179713,-393.679155466
391.004785191,-393.697408938
391.504000098,-393.715920323
392.003205434,-393.734688059
392.493795728,-393.753345179
392.99298329,-393.77257986
393.483555539,-393.791705606
393.9913444,-393.811411121
394.481919403,-393.830466073
394.96387519,-393.849509295
395.463032787,-393.869506492
395.953567746,-393.889565882
396.444087362,-393.909997021
396.934593035,-393.930760197
397.44227659,-393.953014261
397.941314748,-393.97579828
398.431711761,-393.998986538
398.922082862,-394.022716436
399.429643984,-394.047607043
399.911381176,-394.07155077
400.401721181,-394.095914764
400.892083077,-394.119834133
401.38246481,-394.143343305
401.890070282,-394.167312445
402.389084714,-394.19061032
402.888100667,-394.213875619
403.37849759,-394.237065763
403.868867766,-394.260814773
404.376435049,-394.285579436
405.339956099,-394.332518591
405.847529136,-394.357165048
406.355100467,-394.381846581
406.879877051,-394.407376199
407.378870932,-394.431110177
407.895084206,-394.455393946
408.38547198,-394.478776762
408.875864306,-394.502063906
409.383488777,-394.525627244
409.891132181,-394.548779125
410.390182961,-394.571285007
410.880642027,-394.59312142
411.379718039,-394.615060645
411.896017327,-394.637441209
412.395123784,-394.658676551
412.911455213,-394.68030292
413.419195414,-394.701224771
413.918352551,-394.721233457
414.417528938,-394.740755982
414.942523374,-394.761324574
415.450295272,-394.781462475
415.958058721,-394.801812268
416.474420033,-394.822712989
416.982169773,-394.843402034
417.472700322,-394.863568985
417.980431101,-394.884718235
418.488158734,-394.905942892
418.995896029,-394.926935127
420.011376684,-394.968772663
421.07845928,-395.013523425
421.655045626,-395.037281722
422.274773202,-395.059921246
422.9118768,-395.078246877
423.514687689,-395.089441593
424.126203927,-395.093217541
424.746332904,-395.089361598
425.37498843,-395.078232118
426.003484496,-395.060222938
426.597326554,-395.036852228
427.190842242,-395.006295595
427.783863044,-394.967296778
428.384846237,-394.919073443
428.985111112,-394.862607793
429.584569977,-394.798145733
430.183142608,-394.725916273
430.772172985,-394.646936563
431.343008556,-394.562301921
431.904035815,-394.470660849
432.480586179,-394.367603009
433.072494152,-394.252924152
433.645926575,-394.13373314
434.234553429,-394.003254349
434.796116899,-393.870353105
435.347319721,-393.731338279
435.913121827,-393.580013406
436.46864202,-393.423764929
437.006269246,-393.267597042
437.559671124,-393.104004153
438.120983931,-392.936794187
438.674231543,-392.772680349
439.211384819,-392.614889978
439.765293424,-392.453021117
440.344092737,-392.284208665
440.889870096,-392.12522204
441.394298722,-391.978273118
441.915237301,-391.826407747
442.452567955,-391.669222472
442.98145277,-391.513844109
443.493667242,-391.362836463
444.005740413,-391.211350352
444.526010316,-391.057209758
445.029848022,-390.90824738
445.550325894,-390.754810492
446.070897224,-390.60169098
446.574976711,-390.453548836
447.087260029,-390.30277491
447.616000647,-390.14690656
448.697951444,-389.826796396
449.267649027,-389.657565065
449.837260281,-389.488043388
450.414799336,-389.314968466
450.999415118,-389.13555064
451.549031995,-388.959659879
452.096124371,-388.776067387
452.640584621,-388.58481021
453.190361771,-388.382878722
453.744979329,-388.169351337
454.296066532,-387.946871058
454.843634217,-387.715864111
455.379629771,-387.479770894
455.903731539,-387.238247379
456.416043203,-386.991901218
456.932190765,-386.733816027
457.444193168,-386.467602183
457.95965894,-386.189526153
458.478492463,-385.899687655
458.993163801,-385.602521044
459.511236701,-385.294127207
460.061864119,-384.956340546
460.600464923,-384.615538554
461.119746923,-384.276538523
461.627014894,-383.935004376
462.136582161,-383.581569776
462.606212211,-383.246213416
463.071442425,-382.904779499
463.526091785,-382.56354112
463.971677014,-382.224593858
464.444284347,-381.864264997
464.883289236,-381.530893895
465.336839805,-381.188196429
465.777288212,-380.856734841
466.211210257,-380.53092546
466.638582406,-380.210737983
467.080049596,-379.880634509
467.514586232,-379.555645269
467.942219234,-379.235806263
468.363075162,-378.921286769
468.77703146,-378.611922859
469.197903,-378.297424256
469.618925904,-377.983128314
470.033258793,-377.674268958
470.440935184,-377.370891643
470.855753156,-377.062684091
471.277621221,-376.749523494
471.941520086,-376.256647383
472.418705105,-375.902403065
472.909754,-375.537934478
473.394013036,-375.17876951
473.85763267,-374.835151835
474.306167727,-374.500117888
474.772058942,-374.145186041
475.233401946,-373.784362159
475.709873247,-373.40103271
476.174359367,-373.016638467
476.620364437,-372.637019292
477.035423782,-372.274269621
477.458699936,-371.894813472
477.883151988,-371.503844513
478.314350871,-371.094867615
478.75775467,-370.66131498
479.182326596,-370.233243761
479.612777728,-369.786828439
480.038029205,-369.335457197
480.470476217,-368.867241002
480.892830825,-368.401463994
481.33314334,-367.90551289
481.772883169,-367.39760526
482.417615902,-366.634354002
482.855596403,-366.102417159
483.281009827,-365.571369388
483.683631686,-365.055241546
484.080126596,-364.534392146
484.475996748,-364.002293065
484.860691541,-363.472668455
485.248998183,-362.92443563
485.630522563,-362.371461467
486.00015175,-361.82081015
486.348813331,-361.287263595
486.700512806,-360.735176835
487.032212538,-360.201035541
487.357905195,-359.663210357
487.673149152,-359.129172845
487.968868962,-358.613668845
488.261752812,-358.086672318
488.547359656,-357.555696783
488.82985519,-357.013329157
489.109169621,-356.459652117
489.373550608,-355.917795141
489.633797578,-355.364407499
489.963551096,-354.634415506
490.193381808,-354.105081854
490.422783884,-353.556839875
490.650996505,-352.989490453
490.864973569,-352.43504623
491.074419878,-351.869680391
491.281860138,-351.285263284
491.481302586,-350.69806866
491.678036181,-350.091823893
491.858775785,-349.507615401
492.029079258,-348.929253044
492.195722232,-348.331921531
492.355507317,-347.723809402
492.506516062,-347.113458688
492.641330166,-346.534649793
492.771431745,-345.937121595
492.89428193,-345.329270751
493.003163893,-344.745028252
493.1034764,-344.159253568
493.19704755,-343.563644024
493.283842437,-342.958306915
493.361139581,-342.360367587
493.430906047,-341.752832396
493.491475976,-341.152967768
493.546393976,-340.526616709
493.59107466,-339.925359755
493.626947542,-339.332141653
493.6541459,-338.755707337
493.673832466,-338.178967612
493.685303783,-337.619235665
493.688987744,-337.042171804
493.684720964,-336.490951904
493.673232858,-335.948450183
493.654897006,-335.397518808
493.631349416,-334.838164758
493.606286368,-334.296120537
493.581235118,-333.754075771
493.55885922,-333.23777628
493.538308184,-332.721400932
493.519170574,-332.204971269
493.500646749,-331.67990071
493.483259805,-331.180645375
493.465096047,-330.664180543
493.447829425,-330.173539341
493.430258081,-329.665672151
493.413375891,-329.166399494
493.396733311,-328.667118792
493.37964343,-328.159235172
493.362133944,-327.642747745
493.345554046,-327.134847221
493.330048376,-326.635529918
493.314311109,-326.110368454
493.29914428,-325.585190207
493.284470842,-325.068614428
493.270054883,-324.569264475
493.254685437,-324.061325882
493.23805309,-323.544809464
493.220486953,-323.019705993
493.202958947,-322.503219193
493.185687488,-321.986723752
493.169476882,-321.487428838
493.153793248,-320.996734484
493.137255172,-320.480215039
493.121082128,-319.972301397
493.104812558,-319.447156155
493.088450917,-318.913396592
493.072971145,-318.405461349
493.057356597,-317.89753023
493.041089899,-317.389619579
493.024178059,-316.88173
493.007223663,-316.382459789
492.989994209,-315.874580885
492.972883878,-315.358080081
492.956713564,-314.850166352
492.941095838,-314.350852541
492.92548898,-313.85153839
492.909708642,-313.343612396
492.89452233,-312.844285278
492.879847891,-312.344942854
492.864961888,-311.828373158
492.850831616,-311.337631616
492.835926477,-310.829679186
492.821501305,-310.338946224
492.807561209,-309.848199244
492.794049993,-309.357440268
492.779986246,-308.832231324
492.766259756,-308.315629516
492.752930479,-307.824865565
492.739351068,-307.334108472
492.725507942,-306.826125989
492.712107207,-306.318131643
492.699047429,-305.818744382
492.686093089,-305.319354374
492.673338304,-304.828575156
492.659758368,-304.320585569
492.646721856,-303.838429916
492.633152074,-303.339056252
492.619827294,-302.856908479
492.606585158,-302.383374805
492.592460007,-301.884016542
492.578011612,-301.376050914
492.563895233,-300.876692403
492.550239305,-300.394553895
492.536401663,-299.895187581
492.523018405,-299.387192776
492.509896081,-298.870575268
492.497552273,-298.371169796
492.485755801,-297.88898221
492.473808558,-297.406798336
492.461627334,-296.924620317
492.448588749,-296.425232501
492.435286489,-295.934467817
492.421164599,-295.435109462
492.405689756,-294.918557069
492.390443278,-294.427848939
492.374392095,-293.919931431
492.35817397,-293.40340184
492.342713964,-292.904083123
492.326844671,-292.404777244
492.309377671,-291.879670465
492.291704843,-291.371806796
492.273497837,-290.863961997
492.254608897,-290.338904446
492.23637126,-289.831060746
492.218468087,-289.331823656
492.199814697,-288.806757684
492.181987923,-288.298899396
492.164432993,-287.799649938
492.14698155,-287.317633891
492.128431299,-286.818420426
492.109353573,-286.31060759
492.088611681,-285.777000293
492.068503031,-285.277847173
492.048428882,-284.787312818
492.028060519,-284.296790592
492.007609193,-283.806271816
491.986329593,-283.298546484
491.965091284,-282.790819423
491.944536332,-282.291684482
491.924637863,-281.801142969
491.904668725,-281.301984248
491.884626894,-280.794208549
491.864826428,-280.286423382
491.845873412,-279.795844429
491.826779427,-279.296651467
491.807204672,-278.780238189
491.788607346,-278.289645624
491.768785325,-277.76462247
491.75053304,-277.282636082
491.731901869,-276.800664189
491.712901477,-276.31008707
491.693780548,-275.80227586
491.675775255,-275.303042443
491.658809878,-274.821009041
491.64140195,-274.321754438
491.624450924,-273.822484112
491.60792784,-273.323199441
491.592146975,-272.841125807
491.57613845,-272.350441945
491.559609528,-271.842539761
491.543396787,-271.343244916
491.526891525,-270.835341961
491.510795832,-270.336043329
491.495173628,-269.853964527
491.479725478,-269.389115424
491.462953204,-268.898457075
491.445924996,-268.399189376
491.430340345,-267.917109357
491.415973469,-267.443608474
491.388520456,-266.531036007
491.373605297,-266.040317694
491.358675729,-265.540982833
491.343905514,-265.033026461
491.330449046,-264.550882344
491.317134702,-264.06011799
491.303836912,-263.57796947
491.290082797,-263.095833754
491.275505929,-262.596488472
491.26069267,-262.088533355
491.246462683,-261.597794694
491.231639317,-261.098456669
491.21650578,-260.59912795
491.201279067,-260.091185057
491.18637525,-259.583232588
491.170476123,-259.04084222
491.141468733,-258.067997788
491.126132253,-257.551441269
491.111510033,-257.043480617
491.097571283,-256.544117114
491.083825284,-256.036131994
491.070354883,-255.528139492
491.043282337,-254.529390345
491.028471654,-254.012818484
491.013192017,-253.50487718
490.997282843,-252.988337982
490.981611868,-252.480408602
490.954068312,-251.576455892
490.936189841,-250.982423115
490.921205177,-250.474473024
490.906689252,-249.966509321
490.892597859,-249.458533665
490.878751028,-248.950551284
490.865141369,-248.451178706
490.85156622,-247.951805186
490.838183446,-247.452426476
490.824935527,-246.944428123
490.812193759,-246.445032646
490.799308531,-245.937024963
490.78629006,-245.429020678
490.77292888,-244.92102529
490.7468804,-243.939481009
490.734135161,-243.448701542
490.721715629,-242.949297948
490.709634553,-242.441270505
490.698468405,-241.959067911
490.681388438,-241.19269508
490.671045685,-240.701859105
490.660480661,-240.193797875
490.650207782,-239.694345511
490.621041628,-238.230414301
490.6113143,-237.739565746
490.601153524,-237.231496268
490.591011845,-236.732041223
490.580880299,-236.241200846
490.570345429,-235.74175394
490.559586444,-235.23369678
490.549296797,-234.734244762
490.539649497,-234.260624212
490.527838404,-233.675054628
490.517802112,-233.158367955
490.508439484,-232.667512309
490.499065052,-232.176656885
490.489926939,-231.685797008
490.472469576,-230.721291259
490.463542241,-230.221813034
490.454670812,-229.730948263
490.445568686,-229.240087717
490.436027474,-228.749235508
490.425655469,-228.249785195
490.41482144,-227.750344689
490.403211447,-227.225075774
490.391979201,-226.717028855
490.38071616,-226.200367469
490.3694485,-225.675091099
490.358578821,-225.175651368
490.346957372,-224.658997918
490.33527379,-224.142345871
490.323994614,-223.634299992
490.312897187,-223.126250111
490.301239808,-222.583752
490.290792311,-222.084303258
490.28020332,-221.55901277
490.270091281,-221.05094232
490.259394397,-220.525654017
490.248092673,-219.991763349
490.236598016,-219.466491898
490.225729881,-218.967052133
490.214894133,-218.458996604
490.204224732,-217.933707741
490.194508455,-217.417014952
490.18497702,-216.90031872
490.175624812,-216.392233716
490.166031493,-215.849695181
490.157319731,-215.33298448
490.148853675,-214.807655486
490.14109477,-214.290929597
490.133996202,-213.765580345
490.127811439,-213.266060634
490.121607457,-212.723472756
490.116116521,-212.198104243
490.110460751,-211.664123921
490.104276588,-211.147376785
490.097600498,-210.639249571
490.090701895,-210.131125331
490.083219845,-209.605781401
490.075218119,-209.080445131
490.067193385,-208.572337428
490.059461995,-208.072839259
490.052056877,-207.564722149
490.044975464,-207.04798653
490.038279211,-206.539859583
490.031789713,-206.040343736
490.025403614,-205.51498534
490.019596987,-204.989620222
490.014230538,-204.498704622
490.008752037,-203.990563085
490.003408759,-203.48242011
489.998027313,-202.982891097
489.992232787,-202.474753065
489.985678933,-201.958010488
489.979103607,-201.467109593
489.972576363,-200.967594236
489.966356738,-200.468074958
489.960481441,-199.977165184
489.954344588,-199.47764488
489.947581429,-198.969518817
489.940699665,-198.47000822
489.934603001,-197.99632866
489.928731626,-197.496805165
489.92289269,-196.988667643
489.912475247,-196.075741769
489.906502105,-195.541764901
489.898798595,-194.990582319
489.886128042,-194.405030701
489.865664934,-193.819699595
489.836197607,-193.252001305
489.796341234,-192.659037521
489.748755781,-192.075285119
489.691390149,-191.483758481
489.621260088,-190.858927777
489.544204418,-190.252274012
489.457885413,-189.64686886
489.362437623,-189.042835676
489.264330713,-188.474160631
489.159775469,-187.915396037
489.040262653,-187.324445128
488.912229885,-186.735281401
488.774073701,-186.139563987
488.624674988,-185.528817182
488.469193443,-184.919590521
488.30958937,-184.320339858
488.140825218,-183.714658179
487.967914782,-183.119110701
487.783985298,-182.508859303
487.595885648,-181.908900841
487.400883141,-181.311150345
487.202179989,-180.723705135
487.000216795,-180.146490065
486.790729973,-179.562803431
486.591356823,-179.012093354
486.392536538,-178.461183439
486.197958907,-177.917900992
486.010789999,-177.390265473
485.818742091,-176.846083635
485.626647023,-176.301918442
485.440302465,-175.773991223
485.254378214,-175.245915835
485.06574038,-174.709664549
484.89137002,-174.214046551
484.719876988,-173.726546821
484.540078438,-173.214577512
484.369633677,-172.726710288
484.202287758,-172.24688409
484.037519811,-171.775280742
483.867016011,-171.287434149
483.691063769,-170.783243923
483.515498303,-170.278918887
483.351170485,-169.807161998
483.18335092,-169.327501255
483.011796484,-168.840023132
482.842215981,-168.360982123
482.671863341,-167.882215153
482.49831353,-167.395443842
482.321846473,-166.900568502
482.156997815,-166.438127322
481.983458231,-165.951352367
481.812709553,-165.472726496
481.647773153,-165.010316603
481.476981718,-164.531705987
481.297636748,-164.028712594
481.13010982,-163.558082245
480.965619099,-163.095513625
480.7980336,-162.624904132
480.627058177,-162.146359213
480.449995541,-161.651696654
480.28141341,-161.181443254
480.106767206,-160.695064238
479.938020272,-160.224869951
479.772511836,-159.762664496
479.598878981,-159.275922803
479.414268763,-158.756518671
479.244128936,-158.277676032
479.059285138,-157.75835498
478.862410261,-157.206746856
478.66337805,-156.655913469
478.459349959,-156.106910937
478.251495457,-155.568568319
478.03304686,-155.025142654
477.807303747,-154.484706454
477.574623813,-153.94722037
477.338773898,-153.420541068
477.088907351,-152.88131821
476.836359502,-152.352876327
476.578178077,-151.827163864
476.314262408,-151.304306559
476.048319614,-150.792163319
475.763811599,-150.260598195
475.468390239,-149.725161375
475.174833531,-149.208422528
474.879089865,-148.702886252
474.577011462,-148.201109531
474.264384518,-147.695680037
473.959212726,-147.21607619
473.628621439,-146.711878124
473.021831169,-145.812119297
472.693311398,-145.337681704
472.348928095,-144.853331912
471.993987651,-144.365968014
471.623551648,-143.868623077
471.236663668,-143.362110972
470.848708213,-142.867315861
470.444811109,-142.363175493
470.041372505,-141.869744526
469.632291142,-141.380981536
469.217539717,-140.897020712
468.802688506,-140.424548374
468.382009886,-139.957257104
467.961948472,-139.501051859
467.537195179,-139.049211779
467.101422915,-138.595963318
466.672275703,-138.160304003
466.237828375,-137.729929878
465.804534595,-137.310689149
465.366580257,-136.896319403
464.924101413,-136.486784592
464.464429111,-136.070520021
463.993909274,-135.653455618
463.512581408,-135.235651467
463.072760082,-134.862056132
462.615740269,-134.48215158
462.154726219,-134.10710408
461.689945971,-133.736734129
461.215046592,-133.36528175
460.750267805,-133.008894434
460.281849274,-132.657304729
459.816804263,-132.315618604
459.341321504,-131.973642895
458.862094617,-131.636934069
458.350791393,-131.28601552
457.843270233,-130.944857725
457.346820203,-130.618159168
456.818084183,-130.277909469
456.300588058,-129.952081098
455.772776961,-129.62651964
455.227344488,-129.296761791
454.693768304,-128.980737624
454.156985249,-128.670191706
453.61682392,-128.365559872
453.058619024,-128.057917029
452.490376588,-127.750685982
451.942655743,-127.45986526
451.384992666,-127.169445686
450.794504373,-126.8675083
450.209507008,-126.57379008
449.637840548,-126.291949198
449.064558453,-126.013409315
448.512928831,-125.749456429
447.967056448,-125.49346887
447.419155469,-125.241852483
446.870067626,-124.992836763
446.344356534,-124.75483651
445.81113975,-124.512532777
445.294060473,-124.27635764
444.785116045,-124.043104533
444.284167297,-123.813078589
443.775474474,-123.57927727
443.2902534,-123.356280675
442.804879275,-123.133617401
442.334935006,-122.918633147
441.857068336,-122.700262661
441.37936195,-122.481541755
440.90968686,-122.265970064
440.440266332,-122.049844609
439.979008986,-121.836585387
439.517963315,-121.622868927
439.057033006,-121.408903776
438.596179926,-121.194772338
438.143201346,-120.984133783
437.682481287,-120.76971629
437.214075447,-120.551400429
436.769191389,-120.343782753
436.324484812,-120.135785192
435.872398172,-119.923239044
435.413021141,-119.705959092
434.961751404,-119.491683989
434.518311477,-119.280999495
434.067070706,-119.066663401
433.623530925,-118.8561892
433.179863701,-118.645983779
432.72840084,-118.432115879
432.269220687,-118.214420166
431.81794073,-118.00016659
431.366761354,-117.785701286
430.907741491,-117.567667804
430.456304519,-117.35374526
430.004620948,-117.140343883
429.544891225,-116.923811168
429.108477111,-116.718417044
428.648851441,-116.501663546
428.127196939,-116.254898778
427.636861622,-116.022495311
427.138587647,-115.786731387
426.608941189,-115.536719647
426.063574402,-115.279656701
425.541042251,-115.034755866
425.01685353,-114.793421125
424.497730962,-114.561771752
423.96744664,-114.334143086
423.42589685,-114.111084652
422.865237715,-113.889346915
422.309656865,-113.678338626
421.743024165,-113.47234427
421.165272221,-113.271922066
420.592971067,-113.082244247
420.010045866,-112.89740762
419.441307205,-112.724981069
418.862154402,-112.557385369
418.289189087,-112.399571149
417.681027554,-112.239974204
417.079321946,-112.089890301
416.484185739,-111.949251535
415.895878529,-111.817339008
415.289274812,-111.688471834
414.689687114,-111.568218097
414.10572533,-111.45784051
413.537565104,-111.356794826
412.951291566,-111.259440216
412.389400548,-111.173253468
411.860617352,-111.09871955
411.322559917,-111.028475045
410.775510275,-110.960664479
410.228431198,-110.893091807
409.681605081,-110.823501708
409.160637149,-110.755423532
408.63983598,-110.686081144
408.127705176,-110.616886607
407.607121535,-110.545929598
407.086585281,-110.474625776
406.540486916,-110.399538108
406.037028018,-110.330494842
405.524963518,-110.260811317
405.004400625,-110.189702255
404.509527812,-110.1214447
404.006111078,-110.052094664
403.502596802,-109.983456412
403.007563472,-109.916372915
402.512561468,-109.849058655
402.017647493,-109.781100194
401.497221044,-109.708999309
400.993853632,-109.639292174
400.490444504,-109.569886967
399.987007354,-109.5006853
399.474992042,-109.430641268
398.945880444,-109.358475549
398.459487112,-109.291778838
397.956082356,-109.222341911
397.444145991,-109.151723198
396.949247962,-109.083648706
396.445771345,-109.014734775
395.933693848,-108.945146821
395.438617976,-108.878377998
394.952021881,-108.813177036
394.45687355,-108.7469477
393.94467715,-108.678240404
393.449590375,-108.611552474
392.945960191,-108.543769936
392.442256012,-108.476539476
391.938456984,-108.410023512
391.426026831,-108.343081859
390.930659644,-108.278509843
390.452409319,-108.215894748
389.97412276,-108.153557019
389.478701586,-108.089400531
389.008919524,-108.028455403
388.53917611,-107.967213088
388.043849899,-107.902327503
387.565654597,-107.839293559
387.096048118,-107.777009942
386.626448608,-107.714673792
386.131245957,-107.64885184
385.636097679,-107.582622099
385.140991197,-107.516080636
384.6629976,-107.451534952
384.193552998,-107.388042752
383.71554753,-107.323585027
382.665662837,-107.181858722
382.179154434,-107.11600663
381.70121118,-107.051089218
381.22333093,-106.985709627
380.728442165,-106.917567822
380.22505108,-106.848031862
379.252483341,-106.713051513
378.766279405,-106.644987884
378.288691976,-106.57750254
377.79413698,-106.506979132
377.316695713,-106.438467376
376.830725008,-106.368757984
376.344731573,-106.29920723
375.858746242,-106.229599883
375.372815406,-106.159613117
374.89548665,-106.090321822
374.401142188,-106.018337462
373.923791711,-105.949195969
373.429341757,-105.877939828
372.934849369,-105.806978756
372.4488755,-105.73729143
371.954461383,-105.665787052
371.460160932,-105.593501096
370.974465819,-105.521896754
370.335438592,-105.427373825
369.866807858,-105.358129828
369.372609344,-105.285150204
368.886962018,-105.213222475
368.418345545,-105.143882038
367.932624712,-105.07245237
367.455420825,-105.002306279
366.961240858,-104.929201178
366.458560354,-104.854701873
365.98139368,-104.784303087
365.487130278,-104.711764238
364.490027737,-104.56580398
363.995702645,-104.493686723
363.509885934,-104.422912095
363.032576963,-104.353484636
362.572289955,-104.286707361
362.077953416,-104.214668609
361.575094535,-104.141383009
361.106236832,-104.073692918
360.628775424,-104.005321657
360.134222778,-103.934781768
359.648216322,-103.865322071
359.187857966,-103.799038459
358.701970113,-103.728753891
358.207542661,-103.657341779
357.738631738,-103.590021346
357.244053004,-103.519664604
356.757958213,-103.450825814
356.306004637,-103.386611264
355.828515964,-103.318430669
354.950367774,-103.192399082
354.379172395,-103.110227854
353.782181938,-103.025914848
353.184613463,-102.945801136
352.594808557,-102.87283025
352.029748546,-102.810726655
351.480916167,-102.759300941
350.922751425,-102.715900895
350.355406616,-102.680270291
349.761840495,-102.650709511
349.176571177,-102.628549521
348.591078313,-102.613405284
348.022671583,-102.605438993
347.445596941,-102.604376265
346.868552556,-102.61038026
346.291620581,-102.623255361
345.706287998,-102.643676134
345.129902193,-102.671883849
344.519597836,-102.710548572
343.88414115,-102.759860074
343.258059547,-102.817769152
342.624316352,-102.885639504
341.991566966,-102.962223055
341.376986213,-103.045080244
340.712348634,-103.143050473
340.108484362,-103.239561143
339.497421571,-103.34528286
338.904667916,-103.455507145
338.338698342,-103.568177965
337.774300952,-103.688477002
337.211663259,-103.816754423
336.642546571,-103.955092545
336.075346537,-104.101090361
335.493332963,-104.258464084
334.929841352,-104.418177716
334.360321082,-104.588004817
333.776931201,-104.771369515
333.196512579,-104.96393273
332.611193652,-105.168814572
332.053529138,-105.374252816
331.523370695,-105.579391049
331.012467201,-105.786367383
330.473170893,-106.014820297
329.937808088,-106.25234484
329.406769938,-106.499386783
328.88004244,-106.75549103
328.380702469,-107.008653104
327.870789665,-107.278847856
327.350808908,-107.566623101
326.828547351,-107.867869106
326.304425328,-108.182928579
325.800505944,-108.497983869
325.294020424,-108.825059865
324.804777411,-109.147042029
324.316296326,-109.470178953
323.827408382,-109.79269999
323.337540456,-110.113730601
322.846706846,-110.433282802
322.362953306,-110.747923522
321.886572793,-111.058102953
321.424394272,-111.358523657
320.961987292,-111.658592597
320.485027454,-111.967880462
320.008114734,-112.27724098
319.553051647,-112.57280431
319.097943767,-112.868298659
318.649970909,-113.158965638
318.202094289,-113.449780885
317.747087179,-113.745430377
317.292139561,-114.041171412
316.858930867,-114.322944498
316.440331322,-114.595584583
315.985821051,-114.891997316
315.545757101,-115.179026834
315.105725479,-115.466105913
314.658667359,-115.75817784
314.211814415,-116.050563579
313.779530304,-116.333753076
313.340095435,-116.621744778
312.89322697,-116.9141068
312.446352146,-117.206459094
311.992660095,-117.504122692
311.531943414,-117.806780457
311.100034417,-118.090541734
310.660915369,-118.379014762
310.236030862,-118.657781674
309.825312371,-118.926737519
309.407337625,-119.200334495
308.967645413,-119.487933146
308.542007656,-119.765548589
308.116140997,-120.042812763
307.704748439,-120.310736425
307.293241659,-120.57848462
306.859836074,-120.85995477
306.433797158,-121.136954185
306.015105185,-121.409452305
305.603599628,-121.67720238
305.185028585,-121.949886221
304.752244647,-122.232311268
304.333812953,-122.505208892
303.922322933,-122.772982841
303.510697505,-123.040548593
303.098913911,-123.307870864
302.694171293,-123.570220705
302.275005433,-123.841989312
301.86303955,-124.109030574
301.458022806,-124.370957017
301.052777712,-124.632530027
300.625652586,-124.907851587
300.220180149,-125.169072045
299.814517033,-125.429996289
299.408494382,-125.690360708
299.002291207,-125.950443401
298.596001368,-126.210390689
298.189699918,-126.470319825
297.77621613,-126.735004699
297.355495413,-127.00435999
296.93481532,-127.273778726
296.514235959,-127.543354679
296.086540861,-127.817789987
295.543185739,-128.167154545
295.079854321,-128.465794094
294.59566728,-128.779767311
294.121234353,-129.092917547
293.636734655,-129.421993955
293.150001698,-129.763000713
292.66810282,-130.110805329
292.197584421,-130.459579865
291.745095948,-130.803678477
291.276927423,-131.16975608
290.820645094,-131.53695858
290.362887406,-131.915973724
289.903748157,-132.306738922
289.456196341,-132.697752926
289.020068293,-133.088679474
288.576294507,-133.496810722
288.137989087,-133.910809089
287.705396314,-134.330773111
287.290665299,-134.74433015
286.875489776,-135.169564047
286.466114825,-135.600385041
286.044771202,-136.055406323
285.224785468,-136.962869198
284.826172131,-137.415211653
284.438939,-137.866038761
284.063104048,-138.315237302
283.693412311,-138.769505132
283.318988203,-139.242065048
282.955092034,-139.711931156
282.601030254,-140.178483935
282.246484321,-140.655444899
281.901544929,-141.128782049
281.556169112,-141.612424607
281.201139443,-142.120881834
280.866123335,-142.611757365
280.526693673,-143.120435919
280.19249176,-143.632564271
279.858567702,-144.155124832
279.520974285,-144.695742542
279.185136875,-145.247561008
278.850629357,-145.810230566
278.525354492,-146.368340452
278.209199165,-146.921768524
277.898652194,-147.478362993
277.594446428,-148.038448412
277.305054832,-148.586925687
277.017956126,-149.146305672
276.717441891,-149.74716545
276.434790057,-150.328025437
276.1627796,-150.904434261
275.901484078,-151.476322613
275.647069023,-152.051304885
275.399128022,-152.629108396
275.157359035,-153.209521517
274.928259068,-153.776513204
274.692898812,-154.378091072
274.458142431,-154.998358797
274.230239086,-155.621177131
274.018250876,-156.222257676
273.813381995,-156.825801845
273.615520416,-157.431679409
273.424695497,-158.039809882
273.238763238,-158.65845322
273.070025559,-159.246240564
272.914433362,-159.810884087
272.763569167,-160.376809203
272.614806888,-160.952191132
272.469881438,-161.52855143
272.32690485,-162.114268071
272.186827787,-162.709536738
272.057597783,-163.280790487
271.931718268,-163.861607951
271.806115386,-164.468895967
271.683057194,-165.094270659
271.56807566,-165.712421839
271.461503601,-166.323336902
271.362036306,-166.926721208
271.266428018,-167.522007145
271.171749853,-168.10871885
271.076942797,-168.686683262
270.980702395,-169.26441073
270.883534614,-169.841982944
270.790205762,-170.393998494
270.695096776,-170.954448273
270.601371304,-171.506396621
270.509142331,-172.049862719
270.41574856,-172.601867289
270.325806771,-173.136984629
270.239046096,-173.655168777
270.151125134,-174.18189155
270.063370483,-174.708642054
269.977076934,-175.226904198
269.888128816,-175.762187604
269.799029264,-176.297445826
269.711194969,-176.824183058
269.624996392,-177.342461004
269.537854366,-177.869313205
269.452415318,-178.387716901
269.365271278,-178.914568771
269.279063989,-179.432845266
269.193934215,-179.942569474
269.107463762,-180.460802129
269.019823323,-180.98757165
268.934574641,-181.497275982
268.849900899,-181.998343037
268.766122056,-182.490825829
268.679342057,-183.000271681
268.591081514,-183.51820247
268.502657837,-184.036105432
268.41725474,-184.537048687
268.332328097,-185.038072937
268.249164154,-185.530659939
268.1647414,-186.031769342
268.079152949,-186.541416733
267.997621184,-187.025544295
267.915551042,-187.509580881
267.833334356,-187.993592597
267.749816486,-188.486119713
267.665205854,-188.987197427
267.578048096,-189.505314932
267.495206688,-189.997956279
267.413637392,-190.482077519
267.330542076,-190.974676101
267.245916705,-191.475751328
267.163794622,-191.959779104
267.08006238,-192.45226982
266.997892617,-192.936289504
266.915806195,-193.420323331
266.832267436,-193.912846904
266.74552883,-194.422299806
266.660073489,-194.923234153
266.57649204,-195.415750485
266.49343771,-195.908355978
266.406479726,-196.42650705
266.322742322,-196.927731434
266.240475174,-197.420469002
266.156678445,-197.921683471
266.07301318,-198.4229199
265.989338537,-198.924154765
265.907051066,-199.416888938
265.823316332,-199.918113768
265.742347405,-200.402335781
265.658743945,-200.903582523
265.572747922,-201.421894117
265.489861421,-201.923259915
265.407088814,-202.424644529
265.246274385,-203.402005656
265.161197475,-203.920468908
265.078788782,-204.421913462
264.911930204,-205.433195516
264.831686606,-205.917538256
264.751226107,-206.401845011
264.665187128,-206.920149478
264.58364582,-207.413007681
264.503691441,-207.897398249
264.422419223,-208.390300899
264.33972719,-208.891698806
264.255258871,-209.401533043
264.088358104,-210.404077542
264.002105605,-210.922346517
263.921561332,-211.406639347
263.837806472,-211.907860814
263.752143811,-212.417495737
263.669103915,-212.910103663
263.580011254,-213.436629515
263.493222021,-213.946073794
263.407073609,-214.446889415
263.324652175,-214.922126968
263.242179756,-215.397355675
263.152629721,-215.91506507
263.06605456,-216.415807097
262.979653568,-216.916579203
262.896385901,-217.40041122
262.811199366,-217.892652471
262.726870482,-218.376300653
262.640617812,-218.868356211
262.553882565,-219.360326934
262.468173744,-219.843732481
262.297426716,-220.8019147
262.21241262,-221.27669531
262.125760674,-221.75993269
262.040701984,-222.234705313
261.955765649,-222.709499844
261.869598042,-223.192823822
261.780318959,-223.69309083
261.69236739,-224.184845561
261.604541801,-224.67662281
261.517131371,-225.168474018
261.434868875,-225.634995589
261.348534653,-226.127036845
261.262021408,-226.619046656
261.173693833,-227.119482539
261.088606104,-227.602997797
261.004267774,-228.086644332
260.920565272,-228.570401312
260.834012058,-229.071147133
260.74711302,-229.571833054
260.661258238,-230.063958192
260.574904278,-230.555995984
260.404856177,-231.5230489
260.236492594,-232.48165279
260.154745057,-232.94826487
259.985605652,-233.915477135
259.899349935,-234.407532158
259.814324216,-234.891058323
259.642542359,-235.866551557
259.556027588,-236.358561097
259.466714353,-236.867568948
259.384825181,-237.334156194
259.295328886,-237.843131889
259.210012603,-238.326606869
259.124008084,-238.809959895
259.03730517,-239.293188132
258.948787371,-239.784841257
258.772874139,-240.759597939
258.684133724,-241.251210929
258.597108331,-241.734381197
258.50969982,-242.217482303
258.329830704,-243.20902906
258.241022714,-243.700629849
258.153867452,-244.183776706
258.06829469,-244.658456944
257.894119187,-245.624775004
257.810215125,-246.091004136
257.722054918,-246.582721507
257.639947982,-247.040522538
257.556224238,-247.506784085
257.468233931,-247.998531887
257.380658005,-248.490353656
257.29480737,-248.973734036
257.213769455,-249.431725512
257.128839139,-249.915268443
257.047148031,-250.381890407
256.966508991,-250.83995228
256.883799403,-251.306394793
256.797727676,-251.789735855
256.716310341,-252.247660034
256.63352542,-252.714089183
256.550441165,-253.180465104
256.46856039,-253.638306642
256.385015003,-254.10460018
256.302819954,-254.562385401
256.220341605,-255.020119663
256.139332143,-255.469366825
256.056940123,-255.927116636
255.971768959,-256.401869095
255.888544387,-256.868219997
255.807383177,-257.32618964
255.645429698,-258.242194229
255.564166726,-258.700145823
255.47990761,-259.175061003
255.393038706,-259.667008142
255.308096359,-260.15054896
255.228092547,-260.608722207
255.145548517,-261.083938481
254.978178423,-262.051458483
254.899276348,-262.509822744
254.817694259,-262.985205103
254.656334793,-263.927540489
254.574991198,-264.402963715
254.491976113,-264.886839133
254.358122523,-265.667854301
254.275673902,-266.151826561
254.192180259,-266.644357785
254.110174763,-267.128405328
254.025130244,-267.629409585
253.945992502,-268.09647137
253.862950944,-268.58907902
253.777697141,-269.098782494
253.69582751,-269.591586267
253.61258595,-270.092893237
253.532109741,-270.577197382
253.451338256,-271.061452368
253.369989064,-271.545610642
253.284046833,-272.055198494
253.202596714,-272.539339798
253.122998878,-273.015058424
253.043698013,-273.490826641
252.962055472,-273.983668087
252.882424009,-274.468111845
252.801408111,-274.96105669
252.721430798,-275.445443471
252.643930492,-275.912779749
252.563322617,-276.397061996
252.479726977,-276.898310043
252.395930593,-277.39952457
252.313325558,-277.892205606
252.232114984,-278.376387148
252.149280095,-278.869029591
252.062954396,-279.378552623
251.981775756,-279.854004042
251.900386374,-280.329419432
251.817765872,-280.813362381
251.735363215,-281.297342472
251.650223588,-281.798330573
251.566574952,-282.290835498
251.482761414,-282.783312387
251.401439183,-283.258739268
251.318235244,-283.742582248
251.234707497,-284.226369433
251.149353329,-284.718581644
250.983554323,-285.668890431
250.900094502,-286.143946725
250.814842873,-286.62743311
250.729283178,-287.110865075
250.644844303,-287.585748325
250.563082476,-288.043611117
250.478026141,-288.518384164
250.391456661,-289.001636323
250.308150988,-289.467972747
250.222116981,-289.951320525
250.139468366,-290.417773846
250.058732857,-290.875818724
249.976814855,-291.342400912
249.890659103,-291.834473449
249.783909338,-292.445357483
249.702813917,-292.912083341
249.619509646,-293.395909058
249.535363293,-293.888329188
249.454482142,-294.363831308
249.370633972,-294.8563023
249.286153179,-295.348665165
249.201181988,-295.840943635
249.120675545,-296.307771448
249.036155084,-296.800127505
248.953723554,-297.284102678
248.870296948,-297.776645262
248.787491531,-298.269292657
248.705548999,-298.762084314
248.622718683,-299.263459397
248.54124993,-299.756329601
248.458175752,-300.257664334
248.349893551,-300.911971276
248.267155112,-301.413361529
248.106484904,-302.390746376
248.024343388,-302.892234766
247.940842936,-303.402228414
247.864064372,-303.86968381
247.784224383,-304.354093245
247.624471537,-305.322900101
247.543460066,-305.815845673
247.461433803,-306.317352929
247.381195939,-306.810425013
247.300738016,-307.303461237
247.220982724,-307.787884624
247.135244039,-308.306238851
247.053530648,-308.799068553
246.97163644,-309.291868242
246.86653025,-309.920509247
246.782023528,-310.421604497
246.697231952,-310.922651623
246.528563604,-311.916165016
246.446012485,-312.400119806
246.36317,-312.884024803
246.277162032,-313.384864563
246.188303185,-313.90269304
246.102668109,-314.403596689
245.973786052,-315.159247707
245.887976184,-315.660121446
245.801389837,-316.160861538
245.715831126,-316.653038236
245.628423976,-317.153635702
245.545397219,-317.628767878
245.459647031,-318.120911252
245.373747844,-318.61302864
245.285924833,-319.113553317
245.196310731,-319.622508284
245.107906462,-320.122930625
245.025193477,-320.589372537
244.939415718,-321.072765856
244.853464296,-321.556128327
244.765741134,-322.047923855
244.670656933,-322.582151419
244.504954215,-323.514986124
244.419058151,-323.998358435
244.244945844,-324.98218651
244.158547658,-325.474216539
244.071157302,-325.974816939
243.986973626,-326.458490417
243.898493549,-326.967643756
243.810012498,-327.476796923
243.724336315,-327.968953186
243.639905197,-328.452583531
243.550730836,-328.961615728
243.46301653,-329.462159469
243.295408952,-330.420895831
