270,-390
270.0,-390.0,0.0
270.193153494,-390.0,0.0
270.351188171,-390.0,0.0
270.544341665,-390.0,0.0
270.790173384,-390.0,0.0
271.036005104,-390.0,0.0
271.264277415,-390.0,0.0
271.510109134,-390.0,0.0
271.808619079,-390.0,0.0
272.107129025,-390.0,0.0
272.423198378,-390.0,0.0
272.756827141,-390.0,0.0
273.108015311,-390.0,0.0
273.459203482,-390.0,0.0
273.84551047,-390.0,0.0
274.231817458,-390.0,0.0
274.618124446,-390.0,0.0
275.478535464,-390.0,0.0
275.917520677,-390.0,0.0
276.338946482,-390.0,0.0
276.760372287,-390.0,0.0
277.216916909,-390.0,0.0
277.673461531,-390.0,0.0
278.130006153,-390.0,0.0
278.586550775,-390.0,0.0
279.078214214,-390.0,0.0
279.534758836,-390.0,0.0
280.026422275,-390.0,0.0
280.781476843,-390.0,0.0
281.273140282,-390.0,0.0
281.764803721,-390.0,0.0
282.25646716,-390.0,0.0
282.765690007,-390.0,0.0
283.310031672,-390.0,0.0
283.801695111,-390.0,0.0
284.381155593,-390.0,0.0
284.890378441,-390.0,0.0
285.873705319,-390.0,0.0
286.382928166,-390.0,0.0
286.909710423,-390.0,0.0
287.383814453,-390.0,0.0
287.893037301,-390.0,0.0
288.38470074,-390.0,0.0
288.876364179,-390.0,0.0
289.368027618,-390.0,0.0
289.842131648,-390.0,0.0
290.351354496,-390.0,0.0
290.860577344,-390.0,0.0
291.352240783,-390.0,0.0
291.826344813,-390.0,0.0
292.809671691,-390.0,0.0
293.79299857,-390.0,0.0
294.302221417,-390.0,0.0
294.811444265,-390.0,0.0
295.320667112,-390.0,0.0
295.82988996,-390.0,0.0
296.321553399,-390.0,0.0
296.813216838,-390.0,0.0
297.287320869,-390.0,0.0
297.796543716,-390.0,0.0
298.288207155,-390.0,0.0
298.797430003,-390.0,0.0
299.306652851,-390.0,0.0
299.815875698,-390.0,0.0
300.325098546,-390.0,0.0
300.851880802,-390.0,0.0
301.36110365,-390.0,0.0
301.83520768,-390.0,0.0
302.326871119,-390.0,0.0
302.818534558,-390.0,0.0
303.310197997,-390.0,0.0
304.328643693,-390.0,0.0
304.83786654,-390.0,0.0
305.329529979,-390.0,0.0
306.330416266,-390.0,0.0
306.839639114,-390.0,0.0
307.313743144,-390.0,0.0
307.805406583,-390.0,0.0
308.297070022,-390.0,0.0
308.788733462,-390.0,0.0
309.2803969,-390.0,0.0
309.789619748,-390.0,0.0
310.281283187,-390.0,0.0
310.772946626,-390.0,0.0
311.282169474,-390.0,0.0
311.773832913,-390.0,0.0
312.283055761,-390.0,0.0
312.7747192,-390.0,0.0
313.283942047,-390.0,0.0
313.793164895,-390.0,0.0
314.302387742,-390.0,0.0
314.81161059,-390.0,0.0
315.303274029,-390.0,0.0
315.794937468,-390.0,0.0
316.286600908,-390.0,0.0
316.795823755,-390.0,0.0
317.305046603,-390.0,0.0
317.81426945,-390.0,0.0
318.323492298,-390.0,0.0
318.832715146,-390.0,0.0
319.289259767,-390.0,0.0
319.798482615,-390.0,0.0
320.307705463,-390.0,0.0
320.799368902,-390.0,0.0
321.308591749,-390.0,0.0
321.817814597,-390.0,0.0
322.309478036,-390.0,0.0
322.801141475,-390.0,0.0
323.292804914,-390.0,0.0
323.802027762,-390.0,0.0
324.311250609,-390.0,0.0
324.820473457,-390.0,0.0
325.347255713,-390.0,0.0
325.856478561,-390.0,0.0
326.330582591,-390.0,0.0
326.822246031,-390.0,0.0
327.313909469,-390.0,0.0
327.805572909,-390.0,0.0
328.314795756,-390.0,0.0
328.824018604,-390.0,0.0
329.35080086,-390.0,0.0
329.842464299,-390.0,0.0
330.351687147,-390.0,0.0
330.878469403,-390.0,0.0
331.896915098,-390.0,0.0
332.388578537,-390.0,0.0
332.880241976,-390.0,0.0
333.371905415,-390.0,0.0
334.390351111,-390.0,0.0
334.899573958,-390.0,0.0
335.795103794,-390.0,0.0
336.357004867,-390.0,0.0
336.848668306,-390.0,0.0
337.375450562,-390.0,0.0
337.88467341,-390.0,0.0
338.376336849,-390.0,0.0
338.850440879,-390.0,0.0
339.359663727,-390.0,0.0
339.886445983,-390.0,0.0
340.395668831,-390.0,0.0
340.904891678,-390.0,0.0
341.414114526,-390.0,0.0
341.905777965,-390.0,0.0
342.397441404,-390.0,0.0
342.92422366,-390.0,0.0
343.415887099,-390.0,0.0
343.907550538,-390.0,0.0
344.925996234,-390.0,0.0
345.417659673,-390.0,0.0
345.944441929,-390.0,0.0
346.436105368,-390.0,0.0
346.927768807,-390.0,0.0
347.436991655,-390.0,0.0
347.928655094,-390.0,0.0
348.437877941,-390.0,0.0
348.947100789,-390.0,0.0
349.438764228,-390.0,0.0
349.947987076,-390.0,0.0
350.457209923,-390.0,0.0
350.966432771,-390.0,0.0
351.440536801,-390.0,0.0
351.949759649,-390.0,0.0
352.441423088,-390.0,0.0
352.933086527,-390.0,0.0
353.933972814,-390.0,0.0
354.425636253,-390.0,0.0
354.952418509,-390.0,0.0
355.461641357,-390.0,0.0
356.005983021,-390.0,0.0
356.515205869,-390.0,0.0
357.024428716,-390.0,0.0
357.533651564,-390.0,0.0
358.077993229,-390.0,0.0
358.622334894,-390.0,0.0
359.14911715,-390.0,0.0
359.658339997,-390.0,0.0
360.167562845,-390.0,0.0
360.694345101,-390.0,0.0
361.203567949,-390.0,0.0
362.204454236,-390.0,0.0
362.731236492,-390.0,0.0
363.258018748,-390.0,0.0
363.767241595,-390.0,0.0
364.294023851,-390.0,0.0
364.820806108,-390.0,0.0
365.347588364,-390.0,0.0
365.87437062,-390.0,0.0
366.383593468,-390.0,0.0
366.927935132,-390.0,0.0
367.419598571,-390.0,0.0
367.928821419,-390.0,0.0
368.438044267,-390.0,0.0
368.947267114,-390.0,0.0
369.632084047,-390.0,0.0
370.141306895,-390.0,0.0
371.177311999,-390.0,0.0
371.668975438,-390.0,0.0
372.160638877,-390.0,0.0
372.652302316,-390.0,0.0
373.161525164,-390.0,0.0
373.670748011,-390.0,0.0
374.179970859,-390.0,0.0
375.198416554,-390.0,0.0
375.690079993,-390.0,0.0
376.216862249,-390.0,0.0
376.726085097,-390.0,0.0
377.235307944,-390.0,0.0
378.745417079,-390.0,0.0
379.254639926,-390.0,0.0
379.746303365,-390.0,0.0
380.237966805,-390.0,0.0
381.238853091,-390.0,0.0
381.73051653,-390.0,0.0
382.239739378,-390.0,0.0
382.748962226,-390.0,0.0
383.223066256,-390.0,0.0
383.732289104,-390.0,0.0
384.311749585,-390.0,0.0
384.838531841,-390.0,0.0
385.347754689,-390.0,0.0
385.874536945,-390.0,0.0
386.383759793,-390.0,0.0
386.857863824,-390.0,0.0
387.367086671,-390.0,0.0
387.893868927,-390.0,0.0
388.403091775,-390.0,0.0
388.912314622,-390.0,0.0
389.403978062,-390.0,0.0
389.913200909,-390.0,0.0
390.439983165,-390.0,0.0
391.475988269,-390.0,0.0
392.020329934,-390.0,0.0
392.54711219,-390.0,0.0
393.073894446,-390.0,0.0
393.565557885,-390.0,0.0
394.057221324,-390.0,0.0
394.566444172,-390.0,0.0
395.058107611,-390.0,0.0
395.584889867,-390.0,0.0
396.076553306,-390.0,0.0
396.603335562,-390.0,0.0
397.094999001,-390.0,0.0
397.586662441,-390.0,0.0
398.095885288,-390.0,0.0
398.605108136,-390.0,0.0
399.131890392,-390.0,0.0
399.641113239,-390.0,0.0
400.185454904,-390.0,0.0
400.71223716,-390.0,0.0
401.221460008,-390.0,0.0
401.730682856,-390.0,0.0
402.257465112,-390.0,0.0
402.731569142,-390.0,0.0
403.223232581,-390.0,0.0
403.71489602,-390.0,0.0
404.224118868,-390.0,0.0
404.733341715,-390.0,0.0
405.260123972,-390.0,0.0
405.76934682,-390.0,0.0
406.278569667,-390.0,0.0
406.787792515,-390.0,0.0
407.314574771,-390.0,0.0
408.315461058,-390.0,0.0
408.824683905,-390.0,0.0
409.333906753,-390.0,0.0
409.878248418,-390.0,0.0
410.387471265,-390.0,0.0
410.914253521,-390.0,0.0
411.423476369,-390.0,0.0
411.915139808,-390.0,0.0
412.441922064,-390.0,0.0
412.951144911,-390.0,0.0
413.460367759,-390.0,0.0
413.952031198,-390.0,0.0
414.461254046,-390.0,0.0
414.970476894,-390.0,0.0
415.479699741,-390.0,0.0
416.006481997,-390.0,0.0
416.498145437,-390.0,0.0
416.989808875,-390.0,0.0
417.499031723,-390.0,0.0
418.043373388,-390.0,0.0
418.570155644,-390.0,0.0
419.079378492,-390.0,0.0
419.606160748,-390.0,0.0
420.115383595,-390.0,0.0
420.624606443,-390.0,0.0
421.13382929,-390.0,0.0
421.643052138,-390.0,0.0
422.152274986,-390.0,0.0
423.205839498,-390.0,0.0
424.273787804,-389.987577765,0.666426949696
424.850711483,-389.974336142,1.3148288994
425.470504478,-389.953564524,1.91948084912
426.107246132,-389.925335287,2.53848279884
426.709157966,-389.890572775,3.30535974849
427.319068539,-389.846126614,4.1679616981
427.936892464,-389.792569041,4.95443864774
428.562494643,-389.72969178,5.73934059738
429.187230719,-389.658723686,6.48084254704
429.776796119,-389.58384232,7.2384444967
430.365269522,-389.500814415,8.03087144633
430.952433572,-389.408983271,8.88892339594
431.546652491,-389.306953056,9.74295034555
432.139345167,-389.196401347,10.5656522952
432.73041012,-389.077453837,11.3783792448
433.319935687,-388.951097614,12.0974811945
433.899081424,-388.817737971,12.9674331441
434.459607375,-388.680526712,13.7549600937
435.009754762,-388.537392071,14.5836120433
435.576573281,-388.389920016,14.5836120433
436.160062933,-388.238110548,14.5836120433
436.726881453,-388.090638494,14.5836120433
437.310371105,-387.938829026,14.5836120433
437.868854057,-387.793525678,14.5836120433
438.419001444,-387.650391037,14.5836120433
438.985819963,-387.502918983,14.5836120433
439.529617274,-387.354046542,14.5836120433
440.090408251,-387.217934596,14.5836120433
440.68518656,-387.08182265,14.5836120433
441.296958535,-386.945710705,14.5836120433
441.855441488,-386.800407357,14.5836120433
442.416232465,-386.664295411,14.5836120433
442.977023442,-386.519676469,14.5836120433
443.571801751,-386.370804028,14.5836120433
444.115599062,-386.226185086,14.5836120433
444.608415375,-386.09007314,14.5836120433
445.13521902,-385.953961194,14.5836120433
445.679016331,-385.81359575,14.5836120433
446.222813642,-385.677483804,14.5836120433
446.749617288,-385.545625357,14.5836120433
447.276420933,-385.41376691,14.5836120433
447.820218244,-385.281908462,14.5836120433
448.347021889,-385.154303513,14.5836120433
448.873825534,-385.018191567,14.5836120433
449.400629179,-384.882079621,14.5836120433
449.893445492,-384.745967676,14.5836120433
450.420249137,-384.614109228,14.5836120433
450.95133891,-384.466443265,15.5382345518
452.032774449,-384.144596685,16.5735583103
452.599060616,-383.964278752,17.6626158187
453.16204169,-383.773892594,18.6842545771
453.729807111,-383.571041132,19.6608133356
454.301434906,-383.353767038,20.811654594
454.836921354,-383.138661167,21.8854171024
455.36839972,-382.913834527,22.9293946109
455.895697676,-382.679371018,23.9723658693
456.426765305,-382.432392448,24.9412771278
456.961298713,-382.172645234,25.9166283862
457.491701862,-381.904564874,26.8132908947
458.018021405,-381.628553427,27.6733259033
458.532383049,-381.348440343,28.5720009118
459.034602884,-381.064201871,29.5083096703
459.524674313,-380.776139958,30.4468321788
460.017320838,-380.475614297,31.3841471872
460.50523548,-380.167465673,32.2749734458
460.995358228,-379.846824234,33.1929684543
461.492688663,-379.521467479,33.1929684543
461.990019098,-379.196110724,33.1929684543
462.494557221,-378.866038654,33.1929684543
463.035133781,-378.512390008,33.1929684543
463.568502654,-378.163456677,33.1929684543
464.087456151,-377.823953976,33.1929684543
464.599201962,-377.489166591,33.1929684543
465.098807016,-377.137735825,33.1929684543
465.613106336,-376.841794127,33.1929684543
466.096021396,-376.525868002,33.1929684543
466.610320716,-376.239174482,33.1929684543
467.10992577,-375.952480962,33.1929684543
467.624225091,-375.638042908,33.1929684543
468.094441612,-375.34210121,33.1929684543
468.5793524,-375.036911334,33.1929684543
469.049568921,-374.740969636,33.1929684543
469.519785442,-374.454276116,33.1929684543
469.960613431,-374.158334418,33.1929684543
470.430829953,-373.86239272,33.1929684543
470.886352207,-373.566451022,33.1929684543
471.356568729,-373.289005681,33.1929684543
471.812090984,-373.011560339,33.1929684543
472.267613239,-372.743363175,33.1929684543
472.708441228,-372.456669655,33.1929684543
473.163963483,-372.179224313,33.1929684543
473.604791472,-371.901778971,33.1929684543
474.04561946,-371.633581807,33.1929684543
474.486447449,-371.356136465,33.1929684543
474.897886905,-371.050946589,33.1929684543
475.582406511,-370.587134697,34.120500358
476.069238788,-370.246269747,34.9985247617
476.56509074,-369.888363042,35.8218091655
477.04844738,-369.527984564,36.7072798192
477.505112493,-369.175176903,37.6887467229
477.942310108,-368.825477477,38.6551198766
478.393101756,-368.45155485,39.6750255303
478.838264328,-368.070948064,40.5299061841
479.298259398,-367.667995334,41.2181518379
479.747352606,-367.265724804,41.8520599917
480.179568659,-366.870477383,42.4418943956
480.581054126,-366.492759229,43.2529025494
480.989283875,-366.097160766,44.0997332031
481.398240671,-365.690011395,44.8731076069
481.812747895,-365.264126033,45.7756845107
482.238372093,-364.813106234,46.6593439144
482.645730292,-364.36862273,47.4955083182
483.058805936,-363.906082646,48.233261472
483.465384906,-363.437821653,49.0330585152
483.876471802,-362.950744259,49.8360755584
484.274821341,-362.464278145,50.6871913516
484.687220415,-361.94488464,51.5503821447
485.097624068,-361.412991681,52.3465566879
485.697358235,-360.613897376,53.1111349812
486.103418934,-360.057212157,53.8920145244
486.497397089,-359.502442359,54.6189590676
486.869054183,-358.963588653,55.4052723608
487.232356231,-358.419066906,56.288990654
487.591388679,-357.861448479,57.2238264471
487.93729403,-357.305713111,58.1007022403
488.283386308,-356.729899415,58.9920680335
488.620321793,-356.148680216,59.8989300766
488.943481309,-355.56953383,60.8387971197
489.243890027,-355.007402683,61.8794904128
489.542509659,-354.42489206,62.858399956
489.820642376,-353.86100038,63.7457407491
490.089645843,-353.292696966,64.6697090423
490.346024035,-352.728033315,65.5801935854
490.582933002,-352.182993205,66.5071806286
490.814272954,-351.626227442,67.4367839217
491.036540999,-351.065778332,68.3672594189
491.253205492,-350.493919201,69.2494349162
491.463292936,-349.91044848,70.1978216634
491.658494168,-349.340007626,71.1093796606
491.84634064,-348.758045367,72.1108964078
492.07880537,-347.991503887,73.129318155
492.237506307,-347.436679334,74.0374549022
492.391686541,-346.862725473,74.9637041494
492.539940749,-346.269440501,75.9698496466
492.67399011,-345.690454017,76.9643226438
492.799373688,-345.100720817,77.997033141
492.918521429,-344.49213341,78.9228798882
493.028027807,-343.881737498,79.8292053854
493.130068589,-343.252591646,80.7874533827
493.218220841,-342.647450714,81.7118913799
493.295479794,-342.049506449,82.6377381271
493.365725137,-341.433356785,83.4959648744
493.426906302,-340.80758646,84.4159753716
493.477990063,-340.180911038,85.3398096188
493.517478313,-339.587922625,86.1901876161
493.548911398,-338.977203108,87.0536468633
493.570875956,-338.357451242,87.9702361105
493.581956237,-337.763252784,88.9317041077
493.583371168,-337.168952711,89.863588355
493.584806606,-336.566039592,89.863588355
493.586262549,-335.954513429,89.863588355
493.587697987,-335.351600311,89.863588355
493.589153931,-334.740074148,89.863588355
493.590589368,-334.13716103,89.863588355
493.592086325,-333.508408778,89.863588355
493.593521762,-332.90549566,89.863588355
493.594859553,-332.280461341,89.863588355
493.596280956,-331.7229983,89.863588355
493.597654875,-331.145924315,89.863588355
493.598987781,-330.58607642,89.863588355
493.6003617,-330.009002435,89.863588355
493.601741296,-329.485325033,89.863588355
493.603079087,-328.961647631,89.863588355
493.604416878,-328.42107741,89.863588355
493.605754669,-327.863614369,89.863588355
493.607050654,-327.323044148,89.863588355
493.608346638,-326.782473926,89.863588355
493.609600817,-326.275689343,89.863588355
493.610854996,-325.768904761,89.863588355
493.612109175,-325.262120178,89.863588355
493.61340516,-324.755335596,89.863588355
493.614659339,-324.282336652,89.863588355
493.615997129,-323.809337708,89.863588355
493.617209502,-323.336338764,89.863588355
493.618463681,-322.846447001,89.863588355
493.61971786,-322.373448058,89.863588355
493.620888427,-321.866663475,89.863588355
493.6221008,-321.359878892,89.863588355
493.623271367,-320.819308671,89.863588355
493.624525546,-320.329416908,89.863588355
493.625737919,-319.839525145,89.863588355
493.627033903,-319.332740562,89.863588355
493.628329888,-318.825955979,89.863588355
493.629584067,-318.319171397,89.863588355
493.630838246,-317.846172453,89.863588355
493.632050619,-317.33938787,89.863588355
493.633304798,-316.832603288,89.863588355
493.634600782,-316.325818705,89.863588355
493.635896767,-315.835926942,89.863588355
493.637192752,-315.346035179,89.863588355
493.638363319,-314.839250596,89.863588355
493.63949208,-314.332466014,89.863588355
493.640704453,-313.808788612,89.863588355
493.641916826,-313.302004029,89.863588355
493.643171005,-312.778326627,89.863588355
493.644508795,-312.271542044,89.863588355
493.645762974,-311.781650281,89.863588355
493.646975347,-311.274865699,89.863588355
493.648229526,-310.784973936,89.863588355
493.649483705,-310.295082172,89.863588355
493.650696078,-309.805190409,89.863588355
493.651908451,-309.298405826,89.863588355
493.653204436,-308.808514063,89.863588355
493.654416808,-308.301729481,89.863588355
493.655629181,-307.811837718,89.863588355
493.656841554,-307.321945955,89.863588355
493.658095733,-306.832054191,89.863588355
493.659308106,-306.342162428,89.863588355
493.660520479,-305.852270665,89.863588355
493.661816464,-305.362378902,89.863588355
493.663028837,-304.889379958,89.863588355
493.664283015,-304.399488195,89.863588355
493.665453582,-303.909596432,89.863588355
493.666665955,-303.436597488,89.863588355
493.667878328,-302.963598544,89.863588355
493.669132507,-302.439921142,89.863588355
493.670386686,-301.933136559,89.863588355
493.671599059,-301.460137616,89.863588355
493.672769626,-300.970245853,89.863588355
493.673981999,-300.46346127,89.863588355
493.675194372,-299.956676688,89.863588355
493.676364939,-299.449892105,89.863588355
493.677577311,-298.960000342,89.863588355
493.678747878,-298.470108578,89.863588355
493.679960251,-297.963323996,89.863588355
493.681130818,-297.490325052,89.863588355
493.682343191,-297.000433289,89.863588355
493.683513758,-296.527434345,89.863588355
493.684684325,-296.071328221,89.863588355
493.685938504,-295.598329277,89.863588355
493.687192683,-295.108437514,89.863588355
493.688405056,-294.618545751,89.863588355
493.689575623,-294.145546806,89.863588355
493.690787995,-293.655655042,89.863588355
493.692000368,-293.148870462,89.863588355
493.693254547,-292.642085878,89.863588355
493.69446692,-292.152194115,89.863588355
493.695595681,-291.662302351,89.863588355
493.696766248,-291.189303408,89.863588355
493.697936815,-290.716304465,89.863588355
493.699149188,-290.226412702,89.863588355
493.700319755,-289.736520938,89.863588355
493.701532128,-289.246629175,89.863588355
493.702786307,-288.739844591,89.863588355
493.703956873,-288.249952831,89.863588355
493.705169246,-287.743168247,89.863588355
493.706381619,-287.219490844,89.863588355
493.707593992,-286.729599083,89.863588355
493.708806365,-286.23970732,89.863588355
493.71010235,-285.732922736,89.863588355
493.711356529,-285.243030973,89.863588355
493.712610708,-284.753139209,89.863588355
493.713864886,-284.229461809,89.863588355
493.715077259,-283.722677225,89.863588355
493.716289632,-283.232785462,89.863588355
493.717543811,-282.709108061,89.863588355
493.718756184,-282.202323478,89.863588355
493.719884945,-281.678646074,89.863588355
493.721013706,-281.188754314,89.863588355
493.722226079,-280.69886255,89.863588355
493.723438452,-280.192077966,89.863588355
493.724734437,-279.668400566,89.863588355
493.725946809,-279.178508802,89.863588355
493.727117376,-278.688617039,89.863588355
493.728329749,-278.215618096,89.863588355
493.729542122,-277.742619149,89.863588355
493.730754495,-277.235834569,89.863588355
493.732008674,-276.745942806,89.863588355
493.733221047,-276.256051042,89.863588355
493.734391614,-275.766159279,89.863588355
493.735603987,-275.276267515,89.863588355
493.736858166,-274.786375752,89.863588355
493.738112344,-274.296483988,89.863588355
493.739241105,-273.789699405,89.863588355
493.740453478,-273.299807645,89.863588355
493.741707657,-272.793023061,89.863588355
493.74292003,-272.320024118,89.863588355
493.744216015,-271.813239534,89.863588355
493.745428388,-271.357133411,89.863588355
493.746598955,-270.884134465,89.863588355
493.747811328,-270.411135522,89.863588355
493.749065506,-269.921243758,89.863588355
493.750319685,-269.448244815,89.863588355
493.751490252,-268.975245872,89.863588355
493.752702625,-268.485354108,89.863588355
493.753873192,-267.978569525,89.863588355
493.755085565,-267.488677761,89.863588355
493.756256132,-267.015678818,89.863588355
493.757426699,-266.525787055,89.863588355
493.758639072,-266.019002474,89.863588355
493.759851445,-265.529110711,89.863588355
493.761063818,-265.022326127,89.863588355
493.76227619,-264.532434364,89.863588355
493.763404951,-264.0425426,89.863588355
493.764533712,-263.586436477,89.863588355
493.765746085,-263.113437534,89.863588355
493.767000264,-262.640438591,89.863588355
493.768170831,-262.167439644,89.863588355
493.769341398,-261.711333521,89.863588355
493.771557114,-260.816014092,89.863588355
493.772769487,-260.343015149,89.863588355
493.774023666,-259.870016206,89.863588355
493.775277845,-259.380124443,89.863588355
493.776448412,-258.907125496,89.863588355
493.777618978,-258.417233736,89.863588355
493.778789545,-257.94423479,89.863588355
493.779960112,-257.471235846,89.863588355
493.781172485,-256.981344083,89.863588355
493.782384858,-256.474559502,89.863588355
493.783597231,-256.001560556,89.863588355
493.784809604,-255.511668793,89.863588355
493.786021977,-255.021777032,89.863588355
493.78723435,-254.514992449,89.863588355
493.788488529,-254.025100685,89.863588355
493.789826319,-253.501423285,89.863588355
493.792167453,-252.538532575,89.863588355
493.793463438,-252.048640812,89.863588355
493.794717617,-251.558749051,89.863588355
493.795971796,-251.085750105,89.863588355
493.797225975,-250.595858341,89.863588355
493.798438348,-250.089073761,89.863588355
493.800779481,-249.075504594,89.863588355
493.801991854,-248.551827193,89.863588355
493.803246033,-248.06193543,89.863588355
493.804500212,-247.555150846,89.863588355
493.805712585,-247.048366266,89.863588355
493.807886495,-246.153046837,89.863588355
493.809349704,-245.578690976,89.863588355
493.810603883,-245.088799212,89.863588355
493.811858061,-244.598907449,89.863588355
493.813070434,-244.092122865,89.863588355
493.814324613,-243.602231105,89.863588355
493.815536986,-243.112339341,89.863588355
493.816791165,-242.639340395,89.863588355
493.818003538,-242.149448632,89.863588355
493.819215911,-241.642664051,89.863588355
493.820428284,-241.152772288,89.863588355
493.821640656,-240.645987704,89.863588355
493.822853029,-240.139203124,89.863588355
493.824107208,-239.64931136,89.863588355
493.826490148,-238.686420654,89.863588355
493.827702521,-238.213421707,89.863588355
493.8289567,-237.740422764,89.863588355
493.830210879,-237.250531001,89.863588355
493.831381446,-236.777532057,89.863588355
493.83330452,-236.051140824,89.863588355
493.834516893,-235.578141878,89.863588355
493.835729266,-235.071357297,89.863588355
493.836941639,-234.581465534,89.863588355
493.840495145,-233.145575884,89.863588355
493.841665712,-232.65568412,89.863588355
493.842878085,-232.148899537,89.863588355
493.844048652,-231.642114953,89.863588355
493.845261025,-231.16911601,89.863588355
493.846473398,-230.679224247,89.863588355
493.847685771,-230.172439666,89.863588355
493.848898144,-229.682547903,89.863588355
493.850068711,-229.226441777,89.863588355
493.851448307,-228.635193098,89.863588355
493.852744292,-228.145301335,89.863588355
493.853956665,-227.672302392,89.863588355
493.855169038,-227.199303445,89.863588355
493.856381411,-226.726304502,89.863588355
493.858722545,-225.780306616,89.863588355
493.859934918,-225.290414852,89.863588355
493.861105485,-224.800523089,89.863588355
493.862276052,-224.310631325,89.863588355
493.863404813,-223.803846742,89.863588355
493.864617185,-223.313954982,89.863588355
493.865829558,-222.824063218,89.863588355
493.867083737,-222.300385814,89.863588355
493.868337916,-221.810494051,89.863588355
493.869592095,-221.303709471,89.863588355
493.87088808,-220.796924887,89.863588355
493.872100453,-220.307033123,89.863588355
493.873354631,-219.80024854,89.863588355
493.87460881,-219.293463959,89.863588355
493.875862989,-218.803572196,89.863588355
493.877158974,-218.330573253,89.863588355
493.878496765,-217.806895849,89.863588355
493.879667332,-217.300111265,89.863588355
493.880921511,-216.776433865,89.863588355
493.882133884,-216.269649281,89.863588355
493.883388062,-215.745971881,89.863588355
493.884684047,-215.222294477,89.863588355
493.885980032,-214.715509896,89.863588355
493.887192405,-214.225618133,89.863588355
493.888404778,-213.718833549,89.863588355
493.889700763,-213.212048966,89.863588355
493.890954941,-212.705264385,89.863588355
493.89220912,-212.198479802,89.863588355
493.893463299,-211.708588038,89.863588355
493.89480109,-211.184910638,89.863588355
493.896138881,-210.711911694,89.863588355
493.897476672,-210.222019931,89.863588355
493.898772656,-209.732128168,89.863588355
493.900026835,-209.208450764,89.863588355
493.901197402,-208.701666183,89.863588355
493.902493387,-208.161095959,89.863588355
493.903747566,-207.637418559,89.863588355
493.905043551,-207.113741158,89.863588355
493.906255924,-206.590063754,89.863588355
493.907468296,-206.083279171,89.863588355
493.908680669,-205.57649459,89.863588355
493.909976654,-205.069710007,89.863588355
493.911272639,-204.562925423,89.863588355
493.912526818,-204.073033663,89.863588355
493.913739191,-203.583141899,89.863588355
493.91499337,-203.093250136,89.863588355
493.916289354,-202.603358372,89.863588355
493.917543533,-202.113466609,89.863588355
493.918755906,-201.623574846,89.863588355
493.920010085,-201.099897442,89.863588355
493.921264264,-200.576220041,89.863588355
493.922434831,-200.086328278,89.863588355
493.923647204,-199.579543694,89.863588355
493.924859577,-199.072759114,89.863588355
493.92607195,-198.58286735,89.863588355
493.927284322,-198.076082767,89.863588355
493.928538501,-197.569298183,89.863588355
493.929709068,-197.079406423,89.863588355
493.930879635,-196.572621839,89.863588355
493.932092008,-196.082730076,89.863588355
493.933304381,-195.609731133,89.863588355
493.934516754,-195.119839369,89.863588355
493.935770933,-194.629947606,89.863588355
493.937025112,-194.156948663,89.863588355
493.938195679,-193.700842536,89.863588355
493.939408051,-193.210950773,89.863588355
493.940620424,-192.704166193,89.863588355
493.925475713,-191.791306503,90.950472961
493.906790982,-191.257623212,92.0051575671
493.878683325,-190.707103873,92.9227909233
493.838679297,-190.12278297,93.9164967794
493.787899996,-189.539299719,94.9737976355
493.72947141,-188.973847888,95.8994809916
493.658243509,-188.383829952,96.8835268477
493.578145501,-187.803644162,97.8603277038
493.487063837,-187.216363386,98.81579606
493.380890124,-186.596638626,99.7217569161
493.270192326,-185.995213349,100.429084022
493.152822493,-185.395054461,101.065369879
493.027436666,-184.796518946,101.831663235
492.901520172,-184.233348183,102.603189091
492.77086161,-183.680105008,103.287976197
492.625279367,-183.095030567,103.972964554
492.471502443,-182.512056344,104.77689166
492.307858119,-181.922830663,105.521450016
492.139604096,-181.317007076,105.521450016
491.971350072,-180.711183489,105.521450016
491.805400898,-180.113658854,105.521450016
491.637146875,-179.507835267,105.521450016
491.471197701,-178.910310632,105.521450016
491.300638828,-178.296188091,105.521450016
491.132384805,-177.690364504,105.521450016
490.967923929,-177.071846481,105.521450016
490.789366405,-176.518435615,105.521450016
490.625722081,-175.929209934,105.521450016
490.459772908,-175.3316853,105.521450016
490.290613148,-174.810828016,105.521450016
490.130851154,-174.25741715,105.521450016
489.975788042,-173.704006284,105.521450016
489.825423812,-173.166872212,105.521450016
489.665661817,-172.629738137,105.521450016
489.510598705,-172.076327271,105.521450016
489.355535593,-171.555469987,105.521450016
489.20047248,-171.034612703,105.521450016
489.040710485,-170.513755416,105.521450016
488.895045138,-170.025451714,105.521450016
488.754078672,-169.537148008,105.521450016
488.603714442,-169.032567515,105.521450016
488.458049094,-168.5605406,105.521450016
488.312383746,-168.104790474,105.521450016
488.176116162,-167.632763562,105.521450016
488.030450815,-167.160736648,105.521450016
487.889484349,-166.639879361,105.521450016
487.748517883,-166.119022076,105.521450016
487.616949182,-165.630718374,105.521450016
487.48538048,-165.126137878,105.521450016
487.349112897,-164.621557385,105.521450016
487.208146431,-164.14953047,105.521450016
487.067179966,-163.677503556,105.521450016
486.9262135,-163.18919985,105.521450016
486.780548152,-162.700896145,105.521450016
486.64897945,-162.228869233,105.521450016
486.508012985,-161.740565528,105.521450016
486.367046519,-161.268538613,105.521450016
486.230778935,-160.81278849,105.521450016
486.094511352,-160.324484784,105.521450016
485.953544887,-159.8036275,105.521450016
485.821976184,-159.315323795,105.521450016
485.685708601,-158.859573671,105.521450016
485.5541399,-158.371269966,105.521450016
485.417872316,-157.882966264,105.521450016
485.276905851,-157.378385767,105.521450016
485.135939385,-156.922635644,105.521450016
484.990274037,-156.450608729,105.521450016
484.849307571,-155.994858606,105.521450016
484.71773887,-155.522831691,105.521450016
484.581471286,-155.018251198,105.521450016
484.425673857,-154.489489677,106.417394714
484.27488842,-154.004204621,107.260813163
484.10358252,-153.480261997,108.105439111
483.912862273,-152.926495776,109.00400006
483.715275396,-152.375142289,109.716002258
483.510586383,-151.826385831,110.455776956
483.301726118,-151.28843262,111.218695405
483.081713723,-150.745638195,112.064327603
482.85349086,-150.206244494,112.933707302
482.617068664,-149.670393967,113.8075145
482.376485531,-149.145859863,114.639059198
482.120588822,-148.609472451,115.504615147
481.861266543,-148.08432181,116.280413595
481.59419093,-147.563071526,117.129467044
481.318565306,-147.046291344,118.073309242
481.039170785,-146.541360684,118.95717894
480.739938576,-146.01794271,119.756121139
480.428673815,-145.491558234,120.596923337
480.119938122,-144.983742471,121.298259286
479.807927596,-144.488080617,122.189701956
479.488726138,-143.997018839,123.024794627
479.159579697,-143.502188364,123.630663548
478.838471913,-143.033104722,124.393306219
478.490907901,-142.540453175,125.202840139
477.853205618,-141.662332353,125.98762031
477.50717183,-141.200513246,126.843642981
477.143904863,-140.730160517,127.679943151
476.769567317,-140.257532026,128.380399572
476.377763586,-139.776840176,129.182889743
475.968088454,-139.288574769,129.998058663
475.556872039,-138.812935518,130.845226334
475.127483304,-138.330322116,131.659992755
474.698213798,-137.859191012,132.338110425
474.262667323,-137.393856627,133.106186846
473.82108517,-136.934245893,133.853937017
473.379667478,-136.486493665,134.591825937
472.932827663,-136.04415238,135.289867358
472.486410511,-135.613703144,136.043252529
472.034771955,-135.188735578,136.7427027
471.571236354,-134.763922232,137.49588662
471.115838596,-134.355781018,138.132345541
470.656086787,-133.952550758,138.747270712
470.197926554,-133.560638154,139.456151333
469.735001489,-133.174365357,140.157786955
469.26739037,-132.793778796,140.858013827
468.781716877,-132.408167495,141.551398198
468.283778955,-132.024254147,142.36754507
467.774387703,-131.641164894,143.054891942
467.309329081,-131.299497291,143.696152563
466.826090921,-130.95355588,144.401813185
466.338679026,-130.613520255,145.099021306
465.847662481,-130.278710859,145.711100678
465.346231706,-129.943937104,146.2714588
464.855431879,-129.624333021,146.928215671
464.360553669,-129.311081048,147.666680043
463.868885099,-129.008958079,148.429898165
463.366561206,-128.707790441,149.055260036
462.861392952,-128.411418587,149.600725658
462.32356307,-128.1026892,150.14297128
461.790010469,-127.803878238,150.749415651
461.26888388,-127.518183196,151.267310023
460.7147895,-127.221011437,151.794461895
460.173532033,-126.93639464,152.262647516
459.622912129,-126.651100863,152.609881888
459.054477294,-126.362797792,153.10644376
458.498564043,-126.087960978,153.692763132
457.942650793,-125.813124164,153.692763132
457.386737542,-125.538287351,153.692763132
456.815382257,-125.255816182,153.692763132
456.236305953,-124.969527834,153.692763132
455.680392703,-124.694691021,153.692763132
455.116758434,-124.416037029,153.692763132
454.550090042,-124.10908415,153.692763132
453.951940071,-123.824591239,153.692763132
453.338049314,-123.562558292,153.692763132
452.766694027,-123.280087122,153.692763132
452.184284846,-123.025540833,153.692763132
451.633357243,-122.763507887,153.692763132
451.098170427,-122.493988286,153.692763132
450.562983611,-122.224468685,153.692763132
450.059278374,-121.962435739,153.692763132
449.524091561,-121.70788945,153.692763132
449.020386321,-121.45334316,153.692763132
448.500940294,-121.213770181,153.692763132
447.997235057,-120.974197203,153.692763132
447.47778903,-120.734624223,153.692763132
446.974083793,-120.510024556,153.692763132
446.470378556,-120.285424888,153.692763132
445.998154894,-120.06082522,153.692763132
445.525931236,-119.828738898,153.692763132
445.053707575,-119.596652574,153.692763132
444.581483913,-119.372052907,153.692763132
444.109260255,-119.147453239,153.692763132
443.637036593,-118.930340227,153.692763132
443.164812932,-118.713227215,153.692763132
442.692589271,-118.496114203,153.692763132
442.204624823,-118.286487847,153.692763132
441.748141951,-118.069374835,153.692763132
441.260177503,-117.859748479,153.692763132
440.772213052,-117.642635467,153.692763132
440.31573018,-117.43300911,153.692763132
439.874988098,-117.215896098,153.692763132
439.418505226,-116.998783086,153.692763132
438.946281567,-116.781670074,153.692763132
438.489798695,-116.564557062,153.692763132
438.017575034,-116.362417362,153.692763132
437.545351373,-116.152791006,153.692763132
437.088868501,-115.943164648,153.692763132
436.632385629,-115.733538292,153.692763132
436.17590276,-115.51642528,153.692763132
435.735160674,-115.284338957,153.692763132
435.278677802,-115.067225945,153.692763132
434.82219493,-114.850112933,153.692763132
434.349971272,-114.632999921,153.692763132
433.8934884,-114.415886909,153.692763132
433.421264738,-114.206260553,153.692763132
432.964781866,-113.981660885,153.692763132
432.539780573,-113.764547873,153.692763132
432.114779277,-113.524974894,153.692763132
431.593400132,-113.277628868,154.620000003
431.09939413,-113.053133511,155.561123125
430.593657316,-112.833834952,156.557388746
430.052591994,-112.609603917,157.489656868
429.49211507,-112.387406014,158.374429989
428.952216301,-112.183627734,159.321590611
428.409305973,-111.988014216,160.185634982
427.87155208,-111.803703546,161.081275604
427.323033763,-111.62441627,161.899636225
426.763890477,-111.450088916,162.683784347
426.185685097,-111.279253244,163.539778718
425.613484643,-111.118687928,164.32533559
425.030872612,-110.963544407,165.088754962
424.437814709,-110.814384455,165.882361833
423.851288942,-110.674764212,166.610159955
423.254577911,-110.540964685,167.361705576
422.672888738,-110.419176812,168.174833698
422.080960348,-110.30460339,169.04531807
421.495988645,-110.199709697,169.834094941
420.87710554,-110.088735212,169.834094941
420.266700284,-109.979280924,169.834094941
419.66477288,-109.871346835,169.834094941
419.071323327,-109.764932944,169.834094941
418.460918071,-109.655478657,169.834094941
417.858990666,-109.547544568,169.834094941
417.271343506,-109.443189445,169.834094941
416.666412601,-109.347779048,169.834094941
416.081440897,-109.242885355,169.834094941
415.521902746,-109.142552258,169.834094941
414.951539324,-109.056086586,169.834094941
414.398459642,-108.963657763,169.834094941
413.84537996,-108.868247365,169.834094941
413.292300279,-108.772836967,169.834094941
412.756504334,-108.674444995,169.834094941
412.220708394,-108.584997747,169.834094941
411.684912453,-108.495550499,169.834094941
411.149116509,-108.409084826,169.834094941
410.613320568,-108.319637578,169.834094941
410.094808365,-108.227208755,169.834094941
409.559012424,-108.128816782,169.834094941
409.04050022,-108.04235111,169.834094941
408.504704276,-107.955885437,169.834094941
407.968908336,-107.866438189,169.834094941
407.450396132,-107.782954091,169.834094941
406.94916767,-107.693506843,169.834094941
406.447939208,-107.604059595,169.834094941
405.946710748,-107.517593922,169.834094941
405.445482286,-107.431128249,169.834094941
404.944253824,-107.344662576,169.834094941
404.42574162,-107.252233753,169.834094941
403.907229417,-107.16576808,169.834094941
403.406000955,-107.076320833,169.834094941
402.887488755,-106.98985516,169.834094941
402.386260292,-106.897426337,169.834094941
401.850464348,-106.804997514,169.834094941
401.366519627,-106.718531841,169.834094941
400.865291164,-106.629084593,169.834094941
400.364062702,-106.53665577,169.834094941
399.86283424,-106.450190097,169.834094941
399.34432204,-106.363724424,169.834094941
398.808526096,-106.277258751,169.834094941
398.307297633,-106.190793078,169.834094941
397.823352912,-106.104327406,169.834094941
397.33940819,-106.014880157,169.834094941
396.838179728,-105.922451335,169.834094941
396.319667525,-105.838967237,169.834094941
395.818439066,-105.749519989,169.834094941
395.299926862,-105.663054316,169.834094941
394.7986984,-105.573607068,169.834094941
394.280186197,-105.48415982,169.834094941
393.796241475,-105.394712572,169.834094941
393.312296754,-105.311228474,169.834094941
392.828352032,-105.227744376,169.834094941
392.32712357,-105.141278703,169.834094941
391.843178848,-105.060776181,169.834094941
391.376517864,-104.977292082,169.834094941
390.858005664,-104.893807984,169.834094941
390.37406094,-104.810323886,169.834094941
389.907399959,-104.726839788,169.834094941
389.423455238,-104.646337265,169.834094941
388.904943034,-104.562853167,169.834094941
388.403714572,-104.476387494,169.834094941
387.902486109,-104.389921821,169.834094941
387.418541388,-104.306437723,169.834094941
386.951880407,-104.222953625,169.834094941
386.485219423,-104.136487952,169.834094941
385.413627538,-103.954611881,169.834094941
384.912399076,-103.871127784,169.834094941
384.428454355,-103.787643686,169.834094941
383.944509633,-103.704159588,169.834094941
383.443281171,-103.617693915,169.834094941
382.924768971,-103.531228242,169.834094941
381.922312046,-103.364260045,169.834094941
381.421083584,-103.280775947,169.834094941
380.937138862,-103.197291849,169.834094941
380.418626659,-103.113807752,169.834094941
379.934681937,-103.030323654,169.834094941
379.433453475,-102.946839556,169.834094941
378.932225013,-102.863355457,169.834094941
378.43099655,-102.779871359,169.834094941
377.929768088,-102.696387261,169.834094941
377.445823366,-102.612903163,169.834094941
376.961878645,-102.523455915,169.834094941
376.477933923,-102.439971817,169.834094941
375.976705461,-102.353506144,169.834094941
375.458193258,-102.270022047,169.834094941
374.956964795,-102.186537949,169.834094941
374.438452592,-102.103053851,169.834094941
373.93722413,-102.016588178,169.834094941
373.453279408,-101.930122505,169.834094941
372.796497288,-101.819804232,169.834094941
372.329836304,-101.736320134,169.834094941
371.811324101,-101.652836036,169.834094941
371.327379379,-101.566370363,169.834094941
370.843434658,-101.48586784,169.834094941
370.359489936,-101.399402167,169.834094941
369.875545215,-101.315918069,169.834094941
369.374316752,-101.229452396,169.834094941
368.855804549,-101.142986723,169.834094941
368.389143568,-101.05652105,169.834094941
367.887915106,-100.970055377,169.834094941
366.902741922,-100.791160882,169.834094941
366.40151346,-100.704695209,169.834094941
365.900284997,-100.621211111,169.834094941
365.399056535,-100.540708587,169.834094941
364.949679292,-100.457224489,169.834094941
364.44845083,-100.370758816,169.834094941
363.964506108,-100.278329994,169.834094941
363.497845128,-100.194845896,169.834094941
362.996616665,-100.114343372,169.834094941
362.495388203,-100.027877699,169.834094941
361.99415974,-99.9443936014,169.834094941
361.52749876,-99.8638910786,169.834094941
361.043554035,-99.7774254056,169.834094941
360.559609314,-99.6879781575,169.834094941
360.075664592,-99.6074756347,169.834094941
359.591719871,-99.5180283866,169.834094941
359.090491408,-99.4345442887,169.834094941
358.623830428,-99.3570233403,169.834094941
358.139885703,-99.2735392424,169.834094941
357.263931538,-99.1330668043,170.889330166
356.692669294,-99.0513617189,171.860442891
356.094691418,-98.9743633499,172.662706866
355.495656545,-98.9060734585,173.496365842
354.904285359,-98.8471268875,174.307686067
354.337880897,-98.7987982405,175.123031292
353.788002464,-98.7601292155,175.977419017
353.229024598,-98.7289012261,176.802424242
352.661055572,-98.7052187681,177.612335718
352.066951196,-98.689903098,178.523274693
351.481282517,-98.6850617801,179.526386168
350.895614586,-98.6899929622,180.482405143
350.327349457,-98.7049734441,181.510069118
349.750822686,-98.7301360041,182.499093093
349.174768579,-98.7644570833,183.409629568
348.599372244,-98.8084494672,184.372088543
348.016105321,-98.861656014,185.212187519
347.442211526,-98.9221719914,186.019482744
346.835136014,-98.9958312836,186.918145469
346.203561129,-99.0815633586,187.730270694
345.581890697,-99.1756777,188.608607169
344.953381153,-99.281567146,189.563217394
344.326694811,-99.3977611857,190.503941369
343.718946988,-99.5211200077,191.473846595
343.062664316,-99.6647665614,192.34614557
342.467241045,-99.8041849861,193.178395795
341.865603161,-99.9545401394,194.03137477
341.283054054,-100.109919761,194.934464995
340.728114222,-100.268217121,195.92087272
340.176282089,-100.437029353,197.009515445
339.627865275,-100.61662687,198.13277317
339.07491621,-100.809703466,199.247980895
338.525844016,-101.01354401,200.36721362
337.964429883,-101.233363163,201.382601346
337.423107936,-101.456973962,202.444679071
336.878677289,-101.695280177,203.639783046
336.323825987,-101.952391824,204.862458271
335.774017116,-102.220116633,205.963377246
335.222079397,-102.502852501,207.124268721
334.699334842,-102.785576238,208.406513946
334.205007314,-103.06627174,209.589341671
333.731551758,-103.348586139,210.806985646
333.235039958,-103.659242338,212.033283371
332.738528157,-103.969898536,212.033283371
332.242016359,-104.280554733,212.033283371
331.745504559,-104.591210932,212.033283371
331.270897692,-104.888161709,212.033283371
330.781687535,-105.194249434,212.033283371
330.277874092,-105.509474105,212.033283371
329.766759004,-105.82926725,212.033283371
329.260641292,-106.160793774,212.033283371
328.739637762,-106.46543977,212.033283371
328.188862603,-106.761125589,212.033283371
327.692350804,-107.071781786,212.033283371
327.15646146,-107.35850743,212.033283371
326.63545793,-107.654193249,212.033283371
326.144226034,-107.967799419,212.033283371
325.63810832,-108.272445415,212.033283371
325.146876421,-108.577091409,212.033283371
324.655644523,-108.872777228,212.033283371
324.17929844,-109.159502872,212.033283371
323.71783817,-109.45518869,212.033283371
323.211720459,-109.741914332,212.033283371
322.705602744,-110.028639975,212.033283371
322.244142474,-110.315365617,212.033283371
321.782682207,-110.602091259,212.033283371
321.336107753,-110.888816901,212.033283371
320.874647486,-111.166582368,212.033283371
320.398301403,-111.444347833,212.033283371
319.92195532,-111.7221133,212.033283371
319.490266682,-111.999878766,212.033283371
319.058578044,-112.259723879,212.033283371
318.597117774,-112.546449521,212.033283371
318.135657507,-112.815254812,212.033283371
317.674197237,-113.084060102,212.033283371
317.21273697,-113.361825567,212.033283371
316.766162516,-113.648551209,212.033283371
316.319588065,-113.9173565,212.033283371
315.887899427,-114.204082142,212.033283371
315.426439157,-114.481847609,212.033283371
314.96497889,-114.759613074,212.033283371
314.50351862,-115.046338716,212.033283371
314.027172537,-115.333064358,212.033283371
313.56571227,-115.592909472,212.033283371
313.104252,-115.861714762,212.033283371
312.672563362,-116.130520053,212.033283371
312.240874724,-116.381404989,212.033283371
311.794300272,-116.632289926,212.033283371
311.332840003,-116.901095217,212.033283371
310.901151364,-117.169900505,212.033283371
310.454576913,-117.429745619,212.033283371
310.037774091,-117.689590732,212.033283371
309.635857081,-117.958396023,212.033283371
309.189282627,-118.227201313,212.033283371
308.742708176,-118.487046427,212.033283371
308.311019538,-118.746891538,212.033283371
307.879330899,-118.997776477,212.033283371
307.447642261,-119.257621591,212.033283371
307.001067807,-119.526426879,212.033283371
306.569379169,-119.786271993,212.033283371
306.13769053,-120.03715693,212.033283371
305.706001895,-120.288041868,212.033283371
305.274313257,-120.538926805,212.033283371
304.857510431,-120.789811742,212.033283371
304.425821796,-121.049656855,212.033283371
303.994133158,-121.300541792,212.033283371
303.562444519,-121.542466552,212.033283371
303.145641697,-121.793351491,212.033283371
302.699067243,-122.053196603,212.033283371
302.267378605,-122.295121365,212.033283371
301.850575782,-122.546006301,212.033283371
301.43377296,-122.796891238,212.033283371
301.016970134,-123.047776175,212.033283371
300.585281496,-123.289700937,212.033283371
300.168478674,-123.540585874,212.033283371
299.736790035,-123.79147081,212.033283371
299.305101397,-124.051315924,212.033283371
298.888298575,-124.320121214,212.033283371
298.471495752,-124.588926503,212.033283371
298.04519305,-124.865519782,212.976271961
297.508385481,-125.224863651,213.798711802
297.055104019,-125.538547408,214.684344143
296.586255143,-125.874995032,215.663356484
296.130007944,-126.214094081,216.621036324
295.665902883,-126.571358315,217.588778665
295.200775194,-126.941291839,218.496548506
294.741446145,-127.318401112,219.386004597
294.294601716,-127.697031933,220.276064437
293.866725116,-128.071292921,221.175985528
293.426125012,-128.470123873,222.151375369
292.99818215,-128.869994035,223.05773646
292.570405594,-129.282549241,223.9622863
292.143430008,-129.708222989,224.912519891
291.729399703,-130.134572008,225.839810982
291.327462359,-130.560573899,226.664867073
290.920360657,-131.005292341,227.528563163
290.520244778,-131.45630628,228.422245504
290.127658778,-131.913889627,229.371885691
289.753732769,-132.364678469,230.324544628
289.380516186,-132.827175997,231.097889815
289.01289815,-133.294135908,231.788118752
288.635441447,-133.786173766,232.507126439
287.902344254,-134.765170179,233.173205376
287.546697312,-135.252018761,233.851560563
287.202572022,-135.736551902,234.61685575
286.869571365,-136.218362863,235.349950937
286.542798383,-136.704419095,236.087272374
286.212686027,-137.208930858,236.802456311
285.893143756,-137.710016997,237.474371498
285.584583574,-138.207834085,238.208271685
285.278498503,-138.717251899,239.000333121
284.98274683,-139.22278349,239.671040808
284.68777543,-139.738716095,240.242330996
284.386283221,-140.280636076,240.911026182
284.104278787,-140.803769021,241.672296369
283.821963592,-141.346230538,242.506016556
283.547761509,-141.892837879,243.359660493
283.276841686,-142.450670529,244.09577443
283.005787012,-143.027529427,244.832089617
282.73921907,-143.615944177,245.628176054
282.478265285,-144.216273613,246.506171241
282.229683888,-144.812509868,247.36788486
281.992124018,-145.403950592,248.116495979
281.762424573,-145.998488219,248.875974598
281.540510482,-146.595975424,249.624384468
281.332550563,-147.180207817,250.406604337
281.130055313,-147.775461804,251.212571706
280.92207049,-148.414276011,251.965811575
280.730617169,-149.031233067,252.759905194
280.550725204,-149.642686829,253.605921313
280.381766444,-150.248314251,254.411888682
280.221443716,-150.856284855,255.227314802
280.069695188,-151.466452063,256.033885921
279.92735964,-152.078883469,256.91612704
279.797162819,-152.676390921,257.707403159
279.665469171,-153.308804682,258.236853028
279.536947801,-153.959438885,258.826074147
279.413814581,-154.61111428,259.300180267
279.30110795,-155.238437195,259.814737636
279.194904815,-155.86689381,260.408185005
279.095048523,-156.496390074,260.986337374
279.00241742,-157.126990027,261.643379744
278.915671851,-157.767119382,262.282712113
278.841195755,-158.374095228,263.004758232
278.777474031,-158.956307202,263.753973101
278.721878562,-159.53935127,264.55309797
278.665465512,-160.130969514,264.55309797
278.609052462,-160.722587759,264.55309797
278.551821832,-161.322780181,264.55309797
278.493773621,-161.931546781,264.55309797
278.438178151,-162.514590848,264.55309797
278.381765102,-163.106209093,264.55309797
278.326760834,-163.762056071,264.55309797
278.265089382,-164.38426987,264.55309797
278.20540601,-165.010184824,264.55309797
278.146540219,-165.627525602,264.55309797
278.088492008,-166.236292199,264.55309797
278.028487352,-166.808056231,264.55309797
277.971816289,-167.396636854,264.55309797
277.915145225,-167.968400882,264.55309797
277.860140957,-168.556981505,264.55309797
277.805136689,-169.145562123,264.55309797
277.753466013,-169.717326156,264.55309797
277.700128541,-170.289090188,264.55309797
277.645124273,-170.82722104,264.55309797
277.591786801,-171.365351892,264.55309797
277.53844933,-171.920299334,264.55309797
277.486778654,-172.458430187,264.55309797
277.436774774,-172.979744452,264.55309797
277.385104098,-173.501058715,264.55309797
277.335100218,-174.039189567,264.55309797
277.285096338,-174.560503832,264.55309797
277.233425663,-175.098634685,264.55309797
277.18008819,-175.619948947,264.55309797
277.128417515,-176.141263212,264.55309797
277.078413635,-176.662577475,264.55309797
277.026742959,-177.18389174,264.55309797
276.975072283,-177.688389413,264.55309797
276.923401607,-178.209703678,264.55309797
276.871730932,-178.714201351,264.55309797
276.820060255,-179.201882436,264.55309797
276.766722784,-179.689563522,264.55309797
276.715052108,-180.210877787,264.55309797
276.665048228,-180.71537546,264.55309797
276.616711144,-181.219873135,264.55309797
276.56837406,-181.707554221,264.55309797
276.520036976,-182.228868483,264.55309797
276.470033096,-182.750182749,264.55309797
276.418362421,-183.254680425,264.55309797
276.368358541,-183.742361507,264.55309797
276.318354661,-184.230042593,264.55309797
276.270017577,-184.717723678,264.55309797
276.220013697,-185.205404764,264.55309797
276.170009817,-185.70990244,264.55309797
276.123339529,-186.197583525,264.55309797
276.076669242,-186.685264611,264.55309797
276.029998954,-187.172945697,264.55309797
275.98166187,-187.660626782,264.55309797
275.933324786,-188.165124455,264.55309797
275.88165411,-188.66962213,264.55309797
275.833317026,-189.157303216,264.55309797
275.784979942,-189.628167712,264.55309797
275.736642859,-190.115848797,264.55309797
275.686638979,-190.603529883,264.55309797
275.638301895,-191.074394379,264.55309797
275.588298015,-191.545258875,264.55309797
275.539960931,-192.01612337,264.55309797
275.493290643,-192.503804456,264.55309797
275.444953559,-192.991485542,264.55309797
275.396616476,-193.512799807,264.55309797
275.346612596,-194.000480893,264.55309797
275.298275512,-194.488161978,264.55309797
275.249938428,-194.975843061,264.55309797
275.198267752,-195.480340736,264.55309797
275.149930668,-195.984838412,264.55309797
275.101593584,-196.472519498,264.55309797
275.051589704,-196.960200583,264.55309797
275.00325262,-197.464698256,264.55309797
274.95324874,-197.952379341,264.55309797
274.904911657,-198.440060427,264.55309797
274.856574573,-198.944558103,264.55309797
274.808237489,-199.415422598,264.55309797
274.759900405,-199.919920274,264.55309797
274.709896525,-200.441234536,264.55309797
274.661559441,-200.945732212,264.55309797
274.613222357,-201.450229888,264.55309797
274.518214986,-202.425592056,264.55309797
274.468211106,-202.946906321,264.55309797
274.419874022,-203.451403994,264.55309797
274.319866262,-204.443582755,264.55309797
274.273195974,-204.931263841,264.55309797
274.22485889,-205.402128336,264.55309797
274.174855011,-205.923442602,264.55309797
274.128184723,-206.427940274,264.55309797
274.081514435,-206.91562136,264.55309797
274.033177351,-207.403302446,264.55309797
273.983173471,-207.890983531,264.55309797
273.933169591,-208.395481207,264.55309797
273.836495424,-209.404476555,264.55309797
273.784824748,-209.90897423,264.55309797
273.736487664,-210.379838726,264.55309797
273.68815058,-210.884336402,264.55309797
273.636479904,-211.372017487,264.55309797
273.586476024,-211.842881983,264.55309797
273.534805348,-212.364196245,264.55309797
273.483134673,-212.851877331,264.55309797
273.431463997,-213.322741827,264.55309797
273.384793709,-213.793606323,264.55309797
273.339790217,-214.281287408,264.55309797
273.289786337,-214.802601674,264.55309797
273.239782457,-215.290282759,264.55309797
273.191445373,-215.794780432,264.55309797
273.14310829,-216.265644931,264.55309797
273.09310441,-216.736509427,264.55309797
273.044767326,-217.207373922,264.55309797
272.996430242,-217.695055008,264.55309797
272.946426362,-218.165919504,264.55309797
272.898089278,-218.636783999,264.55309797
272.804748702,-219.595329581,264.55309797
272.758078415,-220.066194077,264.55309797
272.711408127,-220.553875162,264.55309797
272.664737839,-221.024739658,264.55309797
272.618067551,-221.495604157,264.55309797
272.571397263,-221.983285243,264.55309797
272.523060179,-222.487782915,264.55309797
272.473056299,-222.958647411,264.55309797
272.426386011,-223.463145086,264.55309797
272.378048928,-223.950826172,264.55309797
272.33137864,-224.404874078,264.55309797
272.283041556,-224.892555163,264.55309797
272.234704472,-225.380236249,264.55309797
272.186367388,-225.884733925,264.55309797
272.1396971,-226.37241501,264.55309797
272.093026812,-226.860096096,264.55309797
272.046356524,-227.347777182,264.55309797
271.996352644,-227.835458267,264.55309797
271.946348765,-228.323139353,264.55309797
271.898011681,-228.810820439,264.55309797
271.848007801,-229.281684934,264.55309797
271.753000429,-230.240230516,264.55309797
271.659659854,-231.198776097,264.55309797
271.612989566,-231.652824003,264.55309797
271.517982194,-232.611369584,264.55309797
271.46964511,-233.09905067,264.55309797
271.422974822,-233.586731756,264.55309797
271.326300654,-234.545277337,264.55309797
271.277963571,-235.032958423,264.55309797
271.231293282,-235.571089275,264.55309797
271.182956199,-236.008320594,264.55309797
271.132952319,-236.51281827,264.55309797
271.082948439,-236.966866175,264.55309797
271.034611355,-237.437730671,264.55309797
270.986274271,-237.908595167,264.55309797
270.937937187,-238.396276253,264.55309797
270.842929816,-239.371638424,264.55309797
270.792925936,-239.84250292,264.55309797
270.746255648,-240.330184005,264.55309797
270.697918564,-240.801048504,264.55309797
270.601244396,-241.793227262,264.55309797
270.552907313,-242.280908348,264.55309797
270.506237025,-242.768589434,264.55309797
270.459566737,-243.239453929,264.55309797
270.364559365,-244.197999511,264.55309797
270.317889077,-244.65204742,264.55309797
270.269551993,-245.139728505,264.55309797
270.224548501,-245.593776411,264.55309797
270.181211805,-246.081457497,264.55309797
270.132874721,-246.569138583,264.55309797
270.086204434,-247.073636258,264.55309797
270.039534146,-247.561317341,264.55309797
269.994530654,-248.01536525,264.55309797
269.947860366,-248.503046335,264.55309797
269.899523282,-248.940277651,264.55309797
269.85451979,-249.39432556,264.55309797
269.809516299,-249.865190056,264.55309797
269.761179215,-250.336054552,264.55309797
269.716175723,-250.790102461,264.55309797
269.669505435,-251.244150366,264.55309797
269.622835147,-251.698198272,264.55309797
269.576164859,-252.135429591,264.55309797
269.531161367,-252.606294087,264.55309797
269.486157875,-253.060341996,264.55309797
269.439487588,-253.497573312,264.55309797
269.396150892,-253.951621221,264.55309797
269.352814196,-254.422485717,264.55309797
269.307810704,-254.910166802,264.55309797
269.261140416,-255.364214708,264.55309797
269.216136924,-255.818262617,264.55309797
269.124463144,-256.709541842,264.55309797
269.077792856,-257.146773158,264.55309797
269.031122568,-257.617637657,264.55309797
268.984452281,-258.122135329,264.55309797
268.936115197,-258.592999825,264.55309797
268.892778501,-259.063864324,264.55309797
268.846108213,-259.534728819,264.55309797
268.752767637,-260.510090991,264.55309797
268.707764145,-260.964138897,264.55309797
268.661093858,-261.435003392,264.55309797
268.567753282,-262.359915797,264.55309797
268.521082994,-262.830780293,264.55309797
268.47274591,-263.301644789,264.55309797
268.39774009,-264.09202448,264.55309797
268.351069802,-264.579705563,264.55309797
268.302732718,-265.067386648,264.55309797
268.256062431,-265.555067734,264.55309797
268.207725347,-266.05956541,264.55309797
268.162721855,-266.530429905,264.55309797
268.116051567,-267.034927581,264.55309797
268.067714483,-267.556241843,264.55309797
268.019377399,-268.043922929,264.55309797
267.969373519,-268.531604015,264.55309797
267.921036435,-269.00246851,264.55309797
267.872699352,-269.473333006,264.55309797
267.826029064,-269.961014092,264.55309797
267.77769198,-270.482328357,264.55309797
267.732688488,-270.986826033,264.55309797
267.6860182,-271.457690529,264.55309797
267.641014708,-271.945371614,264.55309797
267.592677624,-272.4330527,264.55309797
267.54434054,-272.903917196,264.55309797
267.496003457,-273.391598281,264.55309797
267.449333169,-273.879279367,264.55309797
267.402662881,-274.333327273,264.55309797
267.354325797,-274.804191768,264.55309797
267.305988713,-275.308689444,264.55309797
267.255984833,-275.79637053,264.55309797
267.207647749,-276.284051615,264.55309797
267.159310666,-276.754916111,264.55309797
267.109306786,-277.225780607,264.55309797
267.05763611,-277.713461693,264.55309797
267.010965822,-278.184326188,264.55309797
266.96596233,-278.672007274,264.55309797
266.919292042,-279.15968836,264.55309797
266.872621754,-279.647369445,264.55309797
266.822617875,-280.135050531,264.55309797
266.772613995,-280.605915027,264.55309797
266.722610115,-281.076779522,264.55309797
266.677606623,-281.564460608,264.55309797
266.629269539,-282.035325104,264.55309797
266.580932455,-282.5061896,264.55309797
266.530928575,-282.977054098,264.55309797
266.435921203,-283.9019665,264.55309797
266.389250916,-284.372830996,264.55309797
266.340913832,-284.843695491,264.55309797
266.292576748,-285.31455999,264.55309797
266.244239664,-285.768607896,264.55309797
266.199236172,-286.222655802,264.55309797
266.152565884,-286.693520301,264.55309797
266.107562392,-287.198017973,264.55309797
266.060892104,-287.652065882,264.55309797
266.014221817,-288.139746968,264.55309797
265.967551529,-288.593794874,264.55309797
265.922548037,-289.04784278,264.55309797
265.877544545,-289.518707278,264.55309797
265.829207461,-290.006388364,264.55309797
265.769202805,-290.611785573,264.55309797
265.724199314,-291.082650069,264.55309797
265.677529025,-291.570331154,264.55309797
265.629191942,-292.05801224,264.55309797
265.582521654,-292.528876736,264.55309797
265.532517774,-292.999741231,264.55309797
265.48418069,-293.487422317,264.55309797
265.435843606,-293.975103403,264.55309797
265.390840114,-294.445967899,264.55309797
265.344169826,-294.950465574,264.55309797
265.297499539,-295.43814666,264.55309797
265.249162455,-295.925827745,264.55309797
265.202492167,-296.430325418,264.55309797
265.154155083,-296.918006504,264.55309797
265.104151203,-297.405687589,264.55309797
265.057480915,-297.910185265,264.55309797
265.007477035,-298.39786635,264.55309797
264.944138788,-299.053713326,264.55309797
264.895801704,-299.558211001,264.55309797
264.800794332,-300.533573173,264.55309797
264.752457248,-301.038070845,264.55309797
264.700786572,-301.525751931,264.55309797
264.654116284,-301.97979984,264.55309797
264.607445996,-302.467480925,264.55309797
264.515772217,-303.459659684,264.55309797
264.467435133,-303.947340769,264.55309797
264.417431253,-304.435021855,264.55309797
264.369094169,-304.922702941,264.55309797
264.320757085,-305.410384026,264.55309797
264.272420001,-305.881248522,264.55309797
264.222416121,-306.402562787,264.55309797
264.172412242,-306.873427283,264.55309797
264.124075158,-307.361108369,264.55309797
264.062403706,-307.983322168,264.55309797
264.012399826,-308.471003253,264.55309797
263.962395946,-308.958684339,264.55309797
263.864054982,-309.934046507,264.55309797
263.815717899,-310.404911006,264.55309797
263.769047611,-310.892592088,264.55309797
263.719043731,-311.380273174,264.55309797
263.669039851,-311.90158744,264.55309797
263.620702767,-312.406085112,264.55309797
263.545696947,-313.146015037,264.55309797
263.495693067,-313.633696123,264.55309797
263.445689187,-314.121377208,264.55309797
263.397352104,-314.609058294,264.55309797
263.347348224,-315.096739377,264.55309797
263.300677936,-315.567603876,264.55309797
263.252340852,-316.055284961,264.55309797
263.202336972,-316.526149457,264.55309797
263.153999888,-317.030647129,264.55309797
263.102329212,-317.518328215,264.55309797
263.052325333,-318.006009301,264.55309797
263.005655045,-318.46005721,264.55309797
262.957317961,-318.930921705,264.55309797
262.910647673,-319.418602791,264.55309797
262.860643793,-319.889467287,264.55309797
262.808973117,-320.427598139,264.55309797
262.715632541,-321.335693954,264.55309797
262.668962254,-321.823375039,264.55309797
262.573954882,-322.815553798,264.55309797
262.525617798,-323.303234883,264.55309797
262.477280714,-323.807732559,264.55309797
262.430610426,-324.295413644,264.55309797
262.380606546,-324.79991132,264.55309797
262.328935871,-325.287592406,264.55309797
262.280598787,-325.775273491,264.55309797
262.232261703,-326.246137987,264.55309797
262.182257823,-326.75063566,264.55309797
262.135587535,-327.271949925,264.55309797
262.042246959,-328.230495506,264.55309797
261.993909876,-328.718176592,264.55309797
261.945572792,-329.222674265,264.55309797
261.895568912,-329.693538763,264.55309797
261.848898624,-330.198036436,264.55309797
261.80056154,-330.685717521,264.55309797
261.752224456,-331.156582017,264.55309797
261.703887372,-331.644263103,264.55309797
261.655550288,-332.148760778,264.55309797
261.582211265,-332.871874114,264.55309797
261.485537097,-333.830419695,264.55309797
261.438866809,-334.301284191,264.55309797
261.390529725,-334.822598453,264.55309797
261.340525845,-335.327096129,264.55309797
261.178846634,-336.958305275,264.55309797
261.128842754,-337.445986361,264.55309797
261.08050567,-337.950484037,264.55309797
261.032168586,-338.454981712,264.55309797
260.983831502,-338.976295975,264.55309797
260.933827622,-339.46397706,264.55309797
260.885490538,-339.951658146,264.55309797
260.833819863,-340.439339232,264.55309797
260.783815983,-340.893387137,264.55309797
260.733812103,-341.364251633,264.55309797
260.682141427,-341.868749309,264.55309797
260.632137547,-342.373246984,264.55309797
260.583800463,-342.894561247,264.55309797
260.535463379,-343.382242332,264.55309797
260.487126295,-343.886740008,264.55309797
260.437122416,-344.39123768,264.55309797
260.387118536,-344.895735356,264.55309797
260.338781452,-345.400233032,264.55309797
260.292111164,-345.871097527,264.55309797
260.245440876,-346.358778613,264.55309797
260.197103792,-346.846459699,264.55309797
260.147099912,-347.334140784,264.55309797
260.098762828,-347.82182187,264.55309797
260.052092541,-348.309502956,264.55309797
259.990421089,-348.914900164,264.55309797
259.942084005,-349.419397837,264.55309797
259.890413329,-349.890262336,264.55309797
259.840409449,-350.344310241,264.55309797
259.790405569,-350.815174737,264.55309797
259.74040169,-351.302855823,264.55309797
259.69039781,-351.790536909,264.55309797
259.64039393,-352.295034584,264.55309797
259.59039005,-352.78271567,264.55309797
259.543719762,-353.253580166,264.55309797
259.497049474,-353.758077838,264.55309797
259.447045594,-354.245758924,264.55309797
259.398708511,-354.767073189,264.55309797
259.348704631,-355.271570862,264.55309797
259.303701139,-355.809701717,264.55309797
259.255364055,-356.314199389,264.55309797
259.207026971,-356.818697065,264.55309797
259.157023091,-357.323194741,264.55309797
259.088684455,-357.979041716,264.55309797
259.03701378,-358.483539392,264.55309797
258.9870099,-358.971220477,264.55309797
