270,-390
270.0,-390.0,0.0
270.155701733,-390.000107987,-0.0794749999821
270.28539743,-390.000355951,-0.139611666635
270.457991391,-390.000842219,-0.183238888848
270.656923483,-390.001651202,-0.282759444381
270.872746849,-390.002836242,-0.346432222144
271.088235952,-390.004190184,-0.373549999916
271.329396621,-390.005783334,-0.383451111021
271.622234199,-390.0077739,-0.3954738888
271.915071354,-390.009825914,-0.407496666575
272.208240635,-390.012035303,-0.456074444342
272.535526578,-390.014678935,-0.469511666557
272.880037417,-390.017544628,-0.483656111002
273.232994132,-390.020512502,-0.479876666555
273.620402078,-390.023749289,-0.477511666552
273.999363517,-390.026959142,-0.493070555437
274.378324071,-390.030271903,-0.508629444357
275.197027334,-390.038171748,-0.597054999865
275.619210031,-390.042702484,-0.632659444315
276.032611456,-390.047328685,-0.64963277761
276.454458122,-390.052108385,-0.648682222076
276.919201583,-390.057299448,-0.631222222086
277.36705319,-390.062305459,-0.64960999986
277.80645649,-390.06742681,-0.685921666497
278.262749788,-390.072891475,-0.686385555407
278.728152603,-390.078693174,-0.742035555388
279.175993691,-390.084565346,-0.760423333161
279.649835279,-390.091010516,-0.798149444277
280.407379068,-390.101528087,-0.792712222064
280.889663604,-390.108284489,-0.812514444246
281.388839121,-390.115293887,-0.796468888701
281.871123212,-390.122081911,-0.816271110919
282.362182556,-390.129243052,-0.854704444257
282.887685154,-390.137265548,-0.89455222204
283.369956919,-390.144879172,-0.914354444223
283.938345222,-390.154066356,-0.937692777551
284.429388288,-390.162268137,-0.97612611089
285.393906263,-390.179035297,-1.01573055532
285.893384169,-390.187980315,-1.03623999976
286.401635558,-390.197347109,-1.07538055529
286.88355057,-390.206322723,-1.05862777756
287.366128854,-390.215477535,-1.11498499976
287.848367758,-390.224946531,-1.13478722198
288.330603361,-390.234582196,-1.15458944416
288.812835605,-390.244384528,-1.17439166638
289.294734386,-390.25419291,-1.15763888861
289.794188606,-390.26437499,-1.17814833309
290.285192926,-390.274637473,-1.21658166639
290.758968185,-390.284854873,-1.25430777751
291.232406766,-390.295225793,-1.2554788886
292.196831527,-390.316695364,-1.29508333304
293.152793543,-390.338787274,-1.35261166637
293.643764338,-390.350544796,-1.39104499968
294.126281387,-390.362499248,-1.44740222191
294.608786443,-390.374928308,-1.50375944412
295.108170041,-390.388127358,-1.52426888852
295.598774459,-390.401190285,-1.52614722188
296.080932996,-390.41411962,-1.54594944409
296.554312655,-390.426900248,-1.54712055519
297.045240706,-390.440324457,-1.58555388853
297.518940343,-390.453592632,-1.62327999964
298.009850117,-390.467669386,-1.66171333295
298.500750338,-390.482075434,-1.70014666629
299.000085761,-390.496986092,-1.72065611073
299.482526054,-390.511716156,-1.77701333289
299.982169116,-390.527466479,-1.83407777735
300.48146832,-390.543544311,-1.85458722179
300.954772265,-390.558874717,-1.85575833293
301.445292896,-390.574775843,-1.85763666624
301.935813006,-390.590693048,-1.85951499956
302.409443786,-390.606226069,-1.89724111068
303.382659559,-390.639270001,-1.99203166604
303.873468569,-390.656505904,-2.03046499953
304.347050897,-390.673451997,-2.06819111043
305.311395846,-390.708918608,-2.14435055516
305.793714022,-390.727215815,-2.20070777698
306.266916722,-390.745405127,-2.20187888864
306.765775531,-390.764515777,-2.18583333278
307.256196418,-390.783242461,-2.18771166631
307.729730454,-390.801488222,-2.22543777756
308.211695282,-390.820301156,-2.24523999943
308.719309268,-390.840214598,-2.24782555483
309.201266709,-390.859215853,-2.26762777705
309.683217554,-390.878383678,-2.28742999962
310.190816739,-390.898670899,-2.29001555502
310.681202765,-390.918289295,-2.29189388855
311.180357563,-390.938356171,-2.31240333264
311.662293282,-390.957900625,-2.33220555521
312.178319169,-390.97884771,-2.31686722157
312.669022574,-390.998865937,-2.35530055505
313.168154859,-391.019485193,-2.37580999948
313.675722147,-391.040555373,-2.37839555524
314.174519713,-391.061202813,-2.36234999938
314.66488058,-391.081440292,-2.36422833291
315.155240783,-391.101693848,-2.36610666609
315.654369171,-391.122407241,-2.38661611053
316.153490112,-391.1432993,-2.40712555497
316.652603543,-391.164370021,-2.4276349994
317.143267331,-391.185336869,-2.46606833289
317.633916944,-391.206632844,-2.50450166602
318.089806996,-391.226575169,-2.50496555475
318.580442038,-391.248204234,-2.54339888858
319.079503943,-391.270461995,-2.56390833267
319.569790583,-391.292424365,-2.5657866662
320.068843752,-391.314877128,-2.58629611064
320.567888852,-391.337508529,-2.60680555507
321.041276761,-391.359217469,-2.64453166633
321.523091089,-391.381555232,-2.6643338882
322.013338482,-391.404376921,-2.66621222172
322.520792457,-391.428019411,-2.66879777713
323.019804452,-391.451369376,-2.68930722156
323.510367367,-391.47457688,-2.72774055505
324.009680306,-391.498615392,-2.78480499944
324.508644002,-391.522975662,-2.80531444388
324.990068408,-391.546495455,-2.78856166614
325.480265167,-391.570380036,-2.79043999967
325.962021048,-391.593944704,-2.81024222154
326.443768756,-391.617675873,-2.83004444376
326.934273185,-391.642088288,-2.86847777723
327.424761128,-391.666829723,-2.90691111036
327.923996455,-391.692429524,-2.96397555476
328.405678755,-391.717453209,-2.98377777732
328.88767711,-391.742814532,-3.04013499914
329.395290146,-391.769947846,-3.07927555484
330.384501802,-391.823673095,-3.13821833241
330.866105774,-391.85016151,-3.15802055497
331.347700563,-391.876816373,-3.1778227772
331.83772374,-391.904030719,-3.17970111037
332.809956165,-391.958848189,-3.27449166602
333.30025647,-391.987064708,-3.31292499915
334.185745492,-392.038462782,-3.33106944379
334.752918695,-392.071408736,-3.31785277717
335.234437253,-392.099406949,-3.33765499903
335.741902551,-392.129175769,-3.37679555473
336.232151693,-392.158267694,-3.41522888786
336.713621973,-392.187084223,-3.43503111043
337.169451949,-392.214592996,-3.47204999911
337.659652048,-392.24449992,-3.51048333259
338.158590003,-392.27535731,-3.56754777698
338.640304946,-392.305628173,-3.62390499914
339.130424059,-392.336834202,-3.66233833263
339.62895615,-392.368833368,-3.68284777707
340.127154409,-392.400830594,-3.6668022212
340.62536161,-392.432688298,-3.6507566657
341.132656656,-392.465229783,-3.6898972214
341.630850975,-392.497288305,-3.67385166589
342.120620188,-392.528743874,-3.67572999906
343.126096882,-392.593540939,-3.69882499926
343.615852339,-392.625209979,-3.70070333243
344.123118824,-392.658193678,-3.73984388813
344.612851482,-392.690213333,-3.74172222132
345.102583091,-392.722249044,-3.74360055485
345.609502807,-392.755428943,-3.74618611025
346.099231918,-392.787502808,-3.74806444342
346.606149048,-392.8207222,-3.75064999918
347.104631225,-392.85348973,-3.77115944361
347.602779575,-392.886254805,-3.75511388811
348.101259198,-392.919061171,-3.77562333254
348.599727046,-392.952045969,-3.79613277698
349.098183054,-392.985209195,-3.81664222142
349.587550208,-393.017706954,-3.78196555465
350.077581368,-393.050264944,-3.82039888813
350.575701376,-393.08345811,-3.80435333227
351.056964846,-393.115543857,-3.82415555483
352.036645351,-393.181375211,-3.86446722149
352.517874892,-393.213965874,-3.88426944372
353.033465439,-393.249069004,-3.90548611002
353.531857246,-393.283183511,-3.92599555482
354.056175201,-393.319350111,-3.96584333239
354.562962403,-393.35449603,-3.96842888779
355.069748019,-393.389664819,-3.97101444353
355.576532047,-393.424856477,-3.97359999929
356.092388196,-393.460951143,-4.0313716659
356.616638748,-393.498081987,-4.07121944347
357.123681331,-393.534345326,-4.11035999917
357.630378273,-393.570769397,-4.11294555457
358.12864329,-393.606688279,-4.13345499902
358.644076293,-393.644033428,-4.15467166567
359.150744914,-393.68084936,-4.15725722143
360.14689686,-393.753294098,-4.16172111036
360.662311377,-393.790893525,-4.18293777667
361.169282289,-393.828145454,-4.22207833237
361.667477985,-393.865013327,-4.24258777681
362.157552215,-393.901690868,-4.31757610989
362.664434189,-393.940134014,-4.35671666559
363.162861993,-393.978356863,-4.41378111033
363.661251481,-394.017076109,-4.47084555472
364.15085578,-394.055523358,-4.50927888785
364.674778388,-394.097025661,-4.54912666542
365.164009944,-394.135959195,-4.55100499895
365.653559975,-394.175091385,-4.58943833242
366.159934649,-394.215750877,-4.59202388782
366.657881915,-394.255834694,-4.61253333227
367.335939944,-394.310596753,-4.62219110989
367.833866037,-394.350942742,-4.64270055468
368.829980877,-394.432514274,-4.72027444351
369.31066996,-394.472288994,-4.74007666538
369.791345267,-394.512229844,-4.75987888794
370.272006742,-394.55233682,-4.77968111016
370.761396691,-394.593422562,-4.81811444329
371.250758971,-394.634836571,-4.85654777676
371.731671059,-394.675936142,-4.91290499859
372.727085625,-394.761858087,-4.95392388782
373.224451512,-394.804898794,-4.93787833231
373.730887591,-394.848827244,-4.97701888765
374.228554278,-394.892256053,-4.99752833245
374.734626512,-394.936521144,-5.00011388785
376.227236834,-395.067438402,-5.02508722121
376.716446319,-395.110619888,-5.06352055434
377.205308623,-395.153944049,-5.06539888787
377.694169506,-395.197284236,-5.0672772214
378.680618128,-395.284948833,-5.08966499867
379.177880651,-395.329167741,-5.07361944316
379.675473409,-395.373435553,-5.0941288876
380.17305029,-395.417881479,-5.11463833239
380.653135992,-395.460780874,-5.09788555466
381.159129917,-395.505932315,-5.10047111006
381.708490145,-395.555251978,-5.15965722077
382.22317164,-395.601822363,-5.18087388777
382.720680659,-395.647021562,-5.20138333187
383.235328102,-395.693966755,-5.22259999887
383.741222548,-395.740219473,-5.22518555428
384.204388441,-395.782653987,-5.24428055463
384.710265349,-395.829098131,-5.24686611003
385.216457165,-395.875757065,-5.28600666573
385.713882411,-395.921869074,-5.30651610982
386.211291118,-395.968159136,-5.32702555426
386.69153205,-396.013021934,-5.34682777648
387.188908066,-396.059661947,-5.36733722092
387.703417376,-396.108097588,-5.38855388758
388.723657126,-396.204546813,-5.41235610999
389.246860538,-396.254301515,-5.45220388756
389.744466468,-396.302046667,-5.50926833195
390.242024599,-396.350287391,-5.56633277669
390.730487882,-396.397899952,-5.56821110952
391.22736374,-396.446270508,-5.55216555436
391.724569413,-396.494692725,-5.57267499845
392.213027423,-396.542359354,-5.57455333198
392.710530264,-396.591166984,-5.63161777672
393.198938978,-396.639336088,-5.63349610955
393.70480442,-396.689409699,-5.67263666525
394.193178524,-396.737928449,-5.67451499878
394.673138539,-396.785702986,-5.694317221
395.170222546,-396.835358627,-5.71482666543
395.658876768,-396.884426055,-5.75325999856
396.147813728,-396.934010748,-5.82824833199
396.63636986,-396.98404541,-5.86668166512
397.142342139,-397.036372986,-5.94237722077
397.639521398,-397.088373426,-5.99944166516
398.127925852,-397.139867613,-6.03787499864
398.616295653,-397.191689405,-6.07630833212
399.121758995,-397.245671079,-6.11544888782
399.601022155,-397.296949372,-6.09869610974
400.089021969,-397.349098365,-6.10057444291
400.577020072,-397.401263357,-6.10245277644
401.065331155,-397.453635555,-6.14088610957
401.570419362,-397.507990015,-6.14347166497
402.06741305,-397.561735111,-6.20053610971
402.564038945,-397.615780586,-6.22104555416
403.05224058,-397.669163394,-6.25947888763
403.540406297,-397.72287367,-6.29791222076
404.045657073,-397.778809925,-6.33705277646
405.004686653,-397.885960874,-6.41321222085
405.50951081,-397.942715389,-6.41579777625
406.014332405,-397.999492685,-6.41838333165
406.536581595,-398.058425906,-6.45823110992
407.032959391,-398.114704465,-6.47874055401
407.546432429,-398.173110637,-6.49995722102
408.034368417,-398.228869334,-6.53839055415
408.521953667,-398.284761722,-6.54026888732
409.026963318,-398.342834641,-6.57940944268
409.531620724,-398.401053253,-6.58199499842
410.027875795,-398.458403899,-6.60250444287
410.515398196,-398.514841859,-6.60438277605
411.011630821,-398.572386407,-6.62489222084
411.524641178,-398.631900011,-6.60955388755
412.020868607,-398.689489346,-6.63006333164
412.534185599,-398.749251437,-6.65127999865
413.038457282,-398.807903563,-6.61731055411
413.534364222,-398.865363419,-6.60126499825
414.030599977,-398.922880965,-6.62177444268
414.552636672,-398.983667714,-6.66162222061
415.057522191,-399.042810121,-6.70076277631
415.562055157,-399.102097473,-6.70334833171
416.07529529,-399.162516081,-6.72456499872
416.579803583,-399.222013025,-6.72715055412
417.067514638,-399.279706077,-6.76558388725
417.571980207,-399.33956419,-6.76816944265
418.076443074,-399.399445068,-6.77075499875
418.580903239,-399.459348711,-6.77334055415
419.590400526,-399.579947013,-6.85162166485
420.646959862,-399.702866733,-6.42025444293
421.215889554,-399.76434152,-5.91389888757
421.827725615,-399.82470119,-5.35447888767
422.457280045,-399.88061191,-4.79576610998
423.05300515,-399.927660772,-4.23563888786
423.657274844,-399.96915599,-3.62103277675
424.27039252,-400.004559322,-2.98850277694
424.892305227,-400.033488487,-2.33804888811
425.514179762,-400.055145539,-1.65103999966
426.102155559,-400.068746351,-0.999171666383
426.6899166,-400.075465462,-0.310748333144
427.277382152,-400.074934953,0.414230000037
427.87357431,-400.066949244,1.12057722197
428.469284241,-400.05143297,1.86347944419
429.064402042,-400.028017355,2.642936666
429.659146236,-399.996508117,3.42239388818
430.244985378,-399.957564265,4.18392722132
430.813083517,-399.912204961,4.94616777667
431.371777561,-399.860016465,5.72703944329
431.9464853,-399.798238774,6.54375888729
432.537353871,-399.726194111,7.3597711094
433.110423609,-399.648204237,8.13993555345
433.699056108,-399.559728924,8.95594777592
434.262128908,-399.46751704,9.64507833103
434.818624978,-399.37104874,10.0238449979
435.393230013,-399.268473652,10.219129442
435.960631352,-399.166027242,10.2502699977
436.511745369,-399.066571833,10.2090077753
437.08024655,-398.964592205,10.1304833311
437.657547514,-398.861947332,10.0333277757
438.226718838,-398.761835049,9.91824833117
438.77839993,-398.665574927,9.8769861088
439.346762821,-398.566642623,9.87157166451
439.940773508,-398.463407034,9.84681888673
440.500522172,-398.366184037,9.86003555336
441.0176401,-398.276149503,9.89329777568
441.552033422,-398.182966573,9.88929777584
442.103404127,-398.086866442,9.88459055343
442.646476402,-397.992346162,9.86195944232
443.172613231,-397.900984204,9.84003555308
443.698784982,-397.809823575,9.81811166455
444.233657996,-397.717455785,9.7775566644
444.751618752,-397.628382809,9.73770888683
445.286263146,-397.536651387,9.73370888663
445.820913942,-397.444957289,9.72970888679
446.338235327,-397.356099239,9.76297110912
446.864529214,-397.265646409,9.74104721988
447.4060452,-397.171904786,9.90119110887
448.509218356,-396.972001083,10.6408005531
449.088789495,-396.860843569,11.0733388864
449.666777086,-396.745075762,11.5789872195
450.251602518,-396.622270182,12.139114442
450.843795045,-396.491961343,12.6806105525
451.401518256,-396.363879478,13.1869661082
451.957720924,-396.230773849,13.7298766635
452.512269588,-396.092307728,14.3093422188
453.073540194,-395.946023611,14.9067316634
453.641752663,-395.791685116,15.4854899968
454.207632954,-395.631435262,16.1373583297
454.772026567,-395.464843245,16.7526716627
455.325804248,-395.294606769,17.4231711073
455.869535348,-395.120562733,18.0757466624
456.402889199,-394.943022167,18.7469533288
456.94170473,-394.756337384,19.4726388842
457.477737051,-394.562785547,20.2348794396
458.019397791,-394.359116538,20.978488884
458.566581753,-394.145327465,21.7034672172
459.111016856,-393.92463203,22.4284455504
459.660747835,-393.693753897,23.1347927723
460.247285301,-393.438988583,23.8210944389
460.824223927,-393.180906016,24.3798072166
461.38604213,-392.924713227,24.6467872169
461.940184227,-392.669643174,24.7861783276
462.502483767,-392.409705168,24.8338283275
463.026816754,-392.167489656,24.7553038833
463.551860957,-391.926021127,24.6402244388
464.069366691,-391.689175899,24.5437761056
464.579243151,-391.456759495,24.4659588833
465.120424377,-391.21076044,24.4232822165
465.622378797,-390.982937396,24.4006511054
466.1401135,-390.748202556,24.3773127724
466.642250545,-390.520782311,24.3546816613
467.136816888,-390.297119435,24.3141266611
467.623129635,-390.077321674,24.3287577722
468.125459226,-389.850327044,24.3061266611
468.619839969,-389.627062712,24.3021266613
469.106946405,-389.407403157,24.2436477721
469.586234501,-389.191763965,24.2037999945
470.058000437,-388.97999217,24.1460283279
470.537282581,-388.765153207,24.1427355499
471.016949728,-388.550358495,24.1028877723
471.488716379,-388.33940336,24.0816711053
471.952881598,-388.132140579,24.0425305503
472.424870214,-387.921682535,24.0213138837
472.903873678,-387.707853002,24.0911311056
473.652215442,-387.368916022,24.6420644388
474.186910477,-387.120776826,25.147712772
474.734572986,-386.860511271,25.6892088832
475.272198232,-386.598862896,26.2127811054
475.784468275,-386.343834374,26.7191366607
476.278733084,-386.092092254,27.2627544382
476.792929983,-385.823716985,27.8601438825
477.304300792,-385.549995171,28.4575333268
477.83486697,-385.25851754,29.1086944379
478.354776239,-384.965261026,29.7419316599
478.856501543,-384.674901635,30.3758761042
479.32572985,-384.396568024,30.9746799929
479.806748505,-384.104406109,31.5727766594
480.291437334,-383.802724864,32.2253522149
480.786798545,-383.486298792,32.9137755478
481.299738966,-383.14978784,33.6194155479
481.794974542,-382.816551053,34.2526527699
482.300297918,-382.468118455,34.9217377696
482.80113258,-382.113841531,35.6273777697
483.311508128,-381.743306237,36.3323105472
483.810571175,-381.371643701,37.019319436
484.33213742,-380.97315892,37.7414688803
484.855222086,-380.562838504,38.4815422132
485.6233402,-379.940215051,39.5737283242
486.146643094,-379.50227573,40.2765394354
486.657799991,-379.063584345,40.9979816571
487.144574883,-378.635462982,41.6656522128
487.626327918,-378.201698403,42.3333227681
488.109134563,-377.756549684,43.0189172124
488.580509128,-377.311528655,43.6865877681
489.058668494,-376.849156661,44.3901061011
489.531114626,-376.380948488,45.0936244341
489.991540385,-375.913156238,45.8157738784
490.428702037,-375.458084489,46.484151656
490.871937331,-374.985487769,47.1883772116
491.291697369,-374.526594179,47.9119411
491.705628918,-374.062436351,48.6355049887
492.107830309,-373.599648881,49.3776999887
492.487482814,-373.151340916,50.1026783219
492.86709607,-372.69155549,50.8090255442
493.240655008,-372.22726593,51.551927766
493.613654746,-371.75132119,52.276198877
493.985657745,-371.263928156,53.0183938766
494.341391721,-370.785428209,53.7247410989
494.696078473,-370.295683879,54.4490122099
495.15059452,-369.647688159,55.4579438763
495.470945683,-369.175937677,56.1836294317
495.794455135,-368.685972619,56.9451627649
496.120726718,-368.177253037,57.7059888758
496.431440504,-367.67868208,58.430967209
496.740117485,-367.16894725,59.1738694309
497.050893824,-366.640405608,59.9160644309
497.354797687,-366.107882703,60.6582594305
497.660125105,-365.556399279,61.3997472083
497.946227159,-365.023672507,62.1240183192
498.22143048,-364.495113893,62.8669205411
498.497192608,-363.947862258,63.6456705411
498.769101921,-363.38927705,64.4423444297
499.033539642,-362.826747445,65.2024633184
499.276551571,-362.291900496,65.9274416516
499.519396114,-361.73847906,66.6882677625
499.758073198,-361.174065778,67.4670177621
499.979462215,-360.630272594,68.2285510956
500.193604192,-360.083584988,68.9900844287
500.403349845,-359.526162124,69.7695416509
500.608565457,-358.957712205,70.5303677618
500.803251921,-358.394852836,71.3098249836
500.993401527,-357.820836,72.0340960946
501.173532369,-357.252800829,72.7769983168
501.355070491,-356.656573101,73.3543422054
501.525668835,-356.081078526,73.6220294276
501.692677817,-355.511593744,73.689017761
501.854999587,-354.957644062,73.6470483164
502.018268683,-354.403278057,73.5319688722
502.177747728,-353.865754687,73.41759665
502.343507713,-353.311780571,73.2659622055
502.502593678,-352.783651094,73.2067760945
502.65959968,-352.264064657,73.1662210943
502.819339812,-351.736480854,73.1435899832
502.981655388,-351.200851744,73.1388827608
503.139014597,-350.681720392,73.134882761
503.296410049,-350.162600028,73.1308827611
503.446465351,-349.668080819,73.1096660945
503.596703764,-349.173617209,73.0884494278
503.747125267,-348.679209267,73.0672327611
503.900370214,-348.176483371,73.0273849832
504.046533842,-347.698437918,72.9703205388
504.198485286,-347.203800775,72.8759938723
504.343245953,-346.73450885,72.8375605391
504.49341302,-346.248857676,72.7984199834
504.641485838,-345.771400137,72.7413555387
504.789531898,-345.294632172,72.7574010946
504.940124609,-344.809461748,72.7548155388
505.092910267,-344.316477065,72.8067088724
505.243338816,-343.83090682,72.7675683167
505.391417632,-343.353800064,72.7470588722
505.547469448,-342.851938359,72.7072110943
505.703870259,-342.350185305,72.6673633167
505.857921238,-341.856896204,72.6461466501
506.007262457,-341.379833879,72.5890822053
506.159279811,-340.895107948,72.5864966499
506.31402686,-340.402036764,72.5652799833
506.471670115,-339.900672679,72.5254322057
506.627200039,-339.407498437,72.4676605391
506.783227155,-338.914481266,72.4098888721
506.934028913,-338.438577749,72.425934428
507.081971606,-337.970978268,72.4606110948
507.237544033,-337.478516375,72.4759494277
507.390518201,-336.994091552,72.4733638723
507.548705326,-336.493248277,72.4700710943
507.709911705,-335.983802005,72.4115922055
507.863685185,-335.499280667,72.3724516502
508.017534157,-335.015132964,72.3698660944
508.171660453,-334.53072374,72.3307255391
508.326117629,-334.046419918,72.2915849837
508.478154842,-333.570559772,72.2710755389
508.632860197,-333.086685039,72.2684899835
508.790600184,-332.594213225,72.2107183169
508.945815182,-332.110501732,72.2081327615
509.098545332,-331.634863536,72.1876233167
509.25144573,-331.159280041,72.1671138723
509.407285234,-330.675419255,72.1279733166
509.560680673,-330.199995201,72.1074638725
509.714246285,-329.724626086,72.086954428
509.873545822,-329.232656526,72.0291827614
510.025226393,-328.765555288,71.9907494279
510.182554548,-328.28217649,71.9516088726
510.334615192,-327.815549342,71.9497305391
510.486943348,-327.34865889,71.9112972059
510.639584654,-326.881870723,71.8728638725
510.803012185,-326.382712837,71.8695710948
510.963916616,-325.891616507,71.8483544282
511.117070624,-325.424996307,71.809921095
511.270284734,-324.958746618,71.8080427615
511.428895402,-324.476137915,71.8054572061
511.587527849,-323.993536371,71.80287165
511.743362985,-323.519257193,71.8189172059
511.89932064,-323.044667473,71.7984077614
512.052628437,-322.578448582,71.7965294283
512.21133608,-322.095871761,71.7939438725
512.362112768,-321.637711949,71.7741416503
512.518441259,-321.163244252,71.7536322058
512.669540258,-320.705190636,71.7338299836
512.81821917,-320.255232892,71.6961038724
512.975449846,-319.780712317,71.6390394283
513.135742238,-319.298308378,71.5998988726
513.293512912,-318.824318287,71.5793894282
513.446004201,-318.366726296,71.5595872073
513.604108322,-317.892847325,71.5390777632
513.764982756,-317.410988508,71.5364922051
513.928739354,-316.920835859,71.5152755398
514.087209918,-316.447079305,71.4947660954
514.240125245,-315.989980253,71.5115188734
514.393158474,-315.532569221,71.4917166509
514.546349782,-315.075211105,71.471914428
514.705178837,-314.601574616,71.4514049839
514.861307386,-314.136292754,71.4495266507
515.020321497,-313.662718362,71.4290172066
515.184997232,-313.172873749,71.407800541
515.341479833,-312.707710843,71.4059222044
515.503473674,-312.226227198,71.40333665
515.66810646,-311.736719749,71.4186749853
515.82737555,-311.26323105,71.3981655378
515.986814119,-310.789799392,71.3776560934
516.154815014,-310.291810395,71.3378083168
516.317641405,-309.810255853,71.2986677615
516.480796723,-309.328812654,71.2595272061
516.649558146,-308.831432785,71.2562344271
516.812809329,-308.350373998,71.2536488724
516.973441523,-307.877345996,71.2331394283
517.142431998,-307.380043903,71.229846649
517.305904717,-306.899060354,71.2272610946
517.466238751,-306.42663505,71.2798616521
517.62086748,-305.970112767,71.2966144268
517.781144909,-305.496964441,71.2761049827
517.944229249,-305.015849067,71.2735194279
518.115770393,-304.510141043,71.2515955377
518.276419539,-304.037118798,71.2310860936
518.434336073,-303.572440733,71.2292077604
518.592523407,-303.10750275,71.1907744266
518.751022582,-302.642670981,71.1523410962
518.915145791,-302.161909007,71.149755538
519.079551831,-301.680891476,71.110614983
519.241364396,-301.208265951,71.0901055386
519.400423826,-300.743977859,71.0882272058
519.562421052,-300.271415597,71.0677177613
519.727515659,-299.790633961,71.0285772063
519.892938665,-299.309965218,70.9894366509
520.052557109,-298.846221465,71.0241133187
520.21508303,-298.373840776,71.0036038712
520.383391221,-297.885232349,70.9823872056
520.543579956,-297.420980122,70.9439538714
520.715345546,-296.924277068,70.9041060949
520.873473821,-296.468249592,70.8477488713
521.031795757,-296.012642098,70.8279466519
521.193235299,-295.548823346,70.789513318
521.360662426,-295.068849004,70.7503727627
521.525703822,-294.596988221,70.6933083176
521.685253269,-294.14180914,70.6735060951
521.850666745,-293.670431823,70.6529966506
522.01598822,-293.199375416,70.6690422075
522.18143842,-292.728010988,70.6485327634
522.341343532,-292.272956731,70.6287305405
522.504136451,-291.809964505,70.6268522073
522.672662009,-291.330727988,70.6242666495
522.838480521,-290.859493,70.6037572054
523.007199238,-290.380324451,70.601171651
523.173207684,-289.90915634,70.5806622066
523.333395855,-289.454554987,70.5974149847
523.487978789,-289.015889456,70.5783199833
523.651437562,-288.552778464,70.5398866495
523.818211304,-288.081527173,70.4828222044
523.979431852,-287.626937293,70.4630199849
524.138053358,-287.180387623,70.4252938727
524.444217344,-286.320268003,70.3878110945
524.609215057,-285.857703072,70.3493777607
524.777554788,-285.387008908,70.2923133156
524.949140669,-284.908505516,70.2531727603
525.112181977,-284.45456548,70.2333705412
525.278165794,-283.992707595,70.2314922046
525.44137886,-283.538829286,70.2116899851
525.604748781,-283.085007415,70.1918877622
525.774118682,-282.615037172,70.1713783181
525.946448575,-282.137155481,70.1687927603
526.113213276,-281.675224645,70.1303594299
526.283087767,-281.205436555,70.1098499858
526.453130411,-280.735709304,70.0893405379
526.626144373,-280.258074848,70.0867549835
526.799445858,-279.780190127,70.0476144282
526.984847582,-279.270045883,70.0070594267
527.317731196,-278.355643417,69.9853788744
527.494964694,-277.869846466,69.9276072081
527.669592906,-277.39244496,69.8884666493
527.841713611,-276.923120205,69.8314022077
528.017143179,-276.446012588,69.7922616523
528.19263134,-275.969281628,69.7896760945
528.537300559,-275.032209366,69.8217672079
528.715381076,-274.547432278,69.8371055395
528.890763152,-274.070307201,69.7979649845
529.069314802,-273.585348285,69.7767483188
529.244932036,-273.108664857,69.774162761
529.557674813,-272.260266528,69.7553110942
529.763586462,-271.702599021,69.7126344284
529.940004644,-271.225856076,69.6734938731
530.116748462,-270.749233758,69.6343533177
530.293549836,-270.272988255,69.6317677633
530.470640712,-269.79649478,69.5926272045
530.644916711,-269.328321662,69.5721177604
530.819626075,-268.859954391,69.5150533188
530.994535783,-268.392017657,69.4945438747
531.172498732,-267.916204993,69.4919583169
531.347597044,-267.448338801,69.4714488728
531.525751772,-266.972597907,69.4688633181
531.703927967,-266.496865055,69.4662777603
531.88239438,-266.020885065,69.4271372049
532.227752126,-265.101735629,69.3868255379
532.400805487,-264.642123731,69.3483922075
532.57734237,-264.174442226,69.2913277625
532.757261331,-263.699009393,69.2521872074
532.92820791,-263.2479869,69.2323849845
533.200732057,-262.53096794,69.1460810938
533.375715075,-262.072087229,69.1076477635
533.55688692,-261.597487118,69.1050622057
533.735140534,-261.130813955,69.0845527612
534.258570242,-259.763346808,69.0244388717
534.434261517,-259.3050937,69.0225605385
534.616137968,-258.83076316,69.0199749841
534.794816344,-258.364609358,69.0360205406
534.97068051,-257.906065624,68.9975872068
535.149809192,-257.439727648,68.9770777627
535.332062121,-256.965541637,68.9744922049
535.511378762,-256.499275903,68.9539827605
535.681704973,-256.05705834,68.9162566516
535.892216473,-255.510866183,68.9287660943
536.07837809,-255.028420078,68.870994428
536.255562244,-254.570384778,68.8325610942
536.433053605,-254.112468433,68.7941277635
536.610852089,-253.654671251,68.7556944297
536.960704275,-252.755683204,68.7160899842
537.142121929,-252.290230921,68.6955805401
537.320440513,-251.832993764,68.6937022069
537.498774087,-251.375762453,68.6918238737
537.67685577,-250.918790649,68.7265005415
537.858188849,-250.453305412,68.705991094
538.03968854,-249.987885114,68.6854816499
538.230617244,-249.498586244,68.682188874
538.415580497,-249.025093048,68.6430483187
538.603870577,-248.543831491,68.6218316496
538.795620324,-248.054495844,68.581983873
538.978126915,-247.589469461,68.561474429
539.167101992,-247.108476465,68.5402577633
539.356255168,-246.627553481,68.5190410943
539.542565925,-246.15458888,68.4799005389
539.72947301,-245.681501294,68.4042049829
539.929428886,-245.176884016,68.3636499848
540.11343523,-244.712807519,68.3796955414
540.306972577,-244.224534596,68.3764027627
540.49418665,-243.752285302,68.373817208
540.687774092,-243.264032238,68.3705244276
540.884706756,-242.767660908,68.3486005422
541.07878785,-242.279245235,68.3087527601
541.263509967,-241.815094471,68.2882433156
541.451450455,-241.343133799,68.2856577645
541.646067985,-240.854931628,68.2458099858
541.837690155,-240.374987064,68.2245933157
542.029490037,-239.89511349,68.2033766525
542.218403697,-239.42318252,68.1642360961
542.420471275,-238.919407131,68.1236810953
542.613670787,-238.439376827,68.0293544287
542.810750586,-237.951803975,67.9529516484
543.005101431,-237.472598237,67.8951799835
543.202760837,-236.985979378,67.8918872065
543.390582018,-236.523433671,67.9079327604
543.59461535,-236.020810869,67.9039327647
543.792200415,-235.534161822,67.9006399843
543.993197167,-235.039422219,67.8787160954
544.187612212,-234.560961889,67.8940544304
544.378795267,-234.090305385,67.8914688757
544.56999956,-233.619657511,67.8888833176
544.767993206,-233.132814766,67.8490355389
544.966325391,-232.64610984,67.8091877638
545.158481389,-232.175489736,67.7700472039
545.347559308,-231.713096253,67.7495377595
545.540205159,-231.242676455,67.7103972066
545.736582914,-230.764297766,67.6526255382
545.930024174,-230.29420449,67.6134849853
546.120364888,-229.832329393,67.5929755409
546.320588186,-229.346759845,67.5896827639
546.520839388,-228.861201807,67.5863899835
546.707975672,-228.407502186,67.584511651
546.901698665,-227.93788542,67.5819260963
547.09544285,-227.468277398,67.5793405381
547.286058777,-227.006515814,67.5588310937
547.479992238,-226.536985924,67.5562455389
547.677376606,-226.059382267,67.5350288758
547.864919519,-225.605850583,67.5331505399
548.055633063,-225.144489906,67.5491960936
548.246491905,-224.682828673,67.5286866527
548.434357165,-224.229069701,67.4902533185
548.625690839,-223.767605057,67.4697438741
548.820631596,-223.298131615,67.4306033176
549.012720783,-222.836619961,67.3735388715
549.19517876,-222.399268297,67.335812763
549.387755613,-221.938321068,67.3153033186
549.583682987,-221.469619705,67.3127177604
549.929365431,-220.630736176,67.8966699835
550.127009391,-220.138956432,68.3134060975
550.326812914,-219.630216631,68.8025449823
550.534008467,-219.088108877,69.3633794294
550.736177501,-218.543750745,69.8876588713
550.927504447,-218.013766891,70.4126455425
551.122091779,-217.458049741,70.9914038724
551.308148814,-216.908680542,71.5887933177
551.491288383,-216.349086333,72.1675516476
551.678578194,-215.75533989,72.8180055399
551.853835279,-215.17625372,73.5057216493
552.022407476,-214.594838986,74.1568827603
552.184361205,-214.011546033,74.8080438713
552.33109122,-213.459471614,75.4240644286
552.469624717,-212.914338029,76.0587160944
552.609706913,-212.334781438,76.7650633156
552.742633822,-211.753541989,77.4714105369
552.870333115,-211.16214641,78.1591266496
552.994623236,-210.552093726,78.809580535
553.111979835,-209.940669372,79.4600344273
553.220984492,-209.336281528,80.0925644264
553.324873094,-208.722086923,80.706463317
553.420704968,-208.115470954,81.3389933161
553.513827865,-207.488987727,81.7514860933
553.603066764,-206.868113985,81.8901699828
553.691537745,-206.246120316,81.9191888709
553.779333107,-205.631552305,81.8206188709
553.867071526,-205.025509464,81.7041249813
553.957417492,-204.410974444,81.5689999832
554.043879596,-203.831029033,81.4718444242
554.130856074,-203.251834482,81.4477988722
554.216675409,-202.681344326,81.4423844286
554.299981118,-202.127896003,81.4376772038
554.386132949,-201.557118928,81.3957077585
554.472470916,-200.986707031,81.3902933149
554.556506297,-200.433031952,81.3490310918
554.64094039,-199.879417535,81.3077688688
554.727194536,-199.317199711,81.2478755372
554.807344971,-198.797783455,81.2080277586
554.886428626,-198.287086267,81.1868110919
554.9697811,-197.750734411,81.1462560911
555.04962964,-197.239818957,81.0884844263
555.128759259,-196.737340471,81.0127888716
555.206885524,-196.243929407,80.9922794237
555.288106808,-195.733230383,80.9345077589
555.372127452,-195.206208868,80.9491388716
555.456013513,-194.679165916,80.9637699809
555.534352203,-194.186125982,80.9798155347
555.613797471,-193.684709537,81.0137849817
555.694397178,-193.174586823,81.0291233133
555.773835,-192.672494357,80.9899827568
555.853615797,-192.170456276,80.950842204
555.934991032,-191.660119217,80.9296255373
556.018025319,-191.141156167,80.8897777621
556.095740266,-190.656570032,80.8878994227
556.177676086,-190.146322678,80.8666827595
556.25853708,-189.644457445,80.8275422031
556.336986133,-189.159652013,80.7891088689
556.418313121,-188.658199696,80.7865233142
556.503694682,-188.131396952,80.8011544271
556.58343239,-187.638581339,80.8171999808
556.661968953,-187.153790076,80.7787666466
556.741899217,-186.661005659,80.7948122038
556.823176288,-186.159545251,80.7922266457
556.907236015,-185.641084919,80.7889338723
556.987500243,-185.147679493,80.7318694261
557.071041815,-184.637354894,80.6740977613
557.152294798,-184.144111329,80.6170333151
557.232315626,-183.659900628,80.6151549827
557.316462484,-183.150351022,80.6304933142
557.404948341,-182.608289209,80.8271922028
557.48360977,-182.110123948,81.2267116493
557.564668749,-181.569599132,81.7158505375
557.645705733,-180.994593828,82.2401299829
557.721250788,-180.419177665,82.8009644265
557.791159905,-179.843049615,83.3617988701
557.854361778,-179.274980422,83.9412644259
557.912574038,-178.697888514,84.5386538712
557.964766244,-178.120221042,85.136043313
558.010721833,-177.542358652,85.76998776
558.049793779,-176.972455816,86.3860083139
558.083733249,-176.384968655,87.0013216489
558.11125643,-175.805267621,87.5621560891
558.132906577,-175.225651362,88.1595455344
558.148512338,-174.645840878,88.7569349797
558.158022201,-174.07434578,89.3364005354
558.161829598,-173.477111387,89.9330827585
558.159288407,-172.871423961,90.5476888678
558.150503751,-172.283022841,91.163002203
558.135708208,-171.703191116,91.7603916483
558.114695199,-171.12388523,92.3943360919
558.086954177,-170.536072772,93.0096494235
558.054472173,-169.974216517,93.607746091
558.013452696,-169.379049104,94.277538314
557.923098732,-168.307954195,95.3661883107
557.86661923,-167.739512531,95.9822088645
557.801848057,-167.155292639,96.6706321995
557.729086198,-166.563167179,97.3404244226
557.647110529,-165.954860529,98.0095094233
557.555691893,-165.330149047,98.6413322003
557.458801318,-164.714811682,99.2552310873
557.352319865,-164.083923326,99.904977754
557.240149315,-163.462941542,100.573355533
557.120877205,-162.842944795,101.205178309
556.99477554,-162.224300976,101.83700109
556.863733017,-161.615321737,102.450899977
556.726053179,-161.00815078,103.101353866
556.583544055,-160.410774992,103.733883865
556.43444888,-159.815008838,104.366413864
556.276550805,-159.212779225,105.016867753
556.116380295,-158.628994087,105.668028864
555.949492013,-158.047440872,106.355744977
555.778238602,-157.475621582,106.988982198
555.600675988,-156.905729881,107.622219419
555.416825862,-156.337835382,108.255456641
555.221148481,-155.75605591,108.924541641
555.015812955,-155.168659719,109.611550532
554.80054917,-154.575480059,110.279928307
554.599675492,-154.040722519,110.895948864
554.386836952,-153.492094406,111.511262196
554.168118947,-152.94578361,112.126575531
553.943546703,-152.401853138,112.741888863
553.709753285,-151.852630352,113.375126084
553.476822644,-151.321800649,114.009070527
553.23803306,-150.793580627,114.643014974
552.997034574,-150.276033949,115.29559053
552.7464231,-149.753689172,115.966089975
552.489716224,-149.234312854,116.636589417
552.211306952,-148.687654119,117.342229416
551.930211744,-148.151514992,117.993390527
551.651210145,-147.633771207,118.64525886
551.349643356,-147.089478602,119.332267751
551.050097246,-146.563809537,120.01998386
550.739911297,-146.034147694,120.689068861
550.414686142,-145.493769862,121.394001641
550.091897743,-144.97208495,122.099641637
549.762695253,-144.454028284,122.768726641
549.427465617,-143.939851193,123.437811638
549.076700179,-143.415691663,124.142744415
548.714625841,-142.8885923,124.82904608
548.3609698,-142.384871323,125.315356083
547.997810075,-141.874257175,125.527149972
547.612610814,-141.33540687,125.591309417
547.231762642,-140.803009489,125.56443497
546.861120536,-140.283672162,125.465157751
546.491351738,-139.763303865,125.329325527
546.137779634,-139.263739319,125.249386636
545.789921879,-138.771295144,125.224633861
545.44231203,-138.279083884,125.236436082
545.0946008,-137.786944237,125.248238302
544.761719434,-137.316168767,125.27937886
544.423547157,-136.837973468,125.255333305
544.095557384,-136.374083839,125.26854997
543.772363394,-135.916739676,125.227287747
543.454487358,-135.466388253,125.204656635
543.131803575,-135.008683964,125.163394416
542.824292692,-134.571694197,125.104915525
542.517227981,-134.134390797,125.046436638
542.220548122,-133.711251453,125.025219972
541.919111251,-133.281131745,125.021927195
541.617699097,-132.850994711,125.018634418
541.321224598,-132.427711457,124.997417748
541.024906861,-132.004318449,124.976201084
540.733651613,-131.587692006,124.937060528
540.442681044,-131.170866696,124.897919972
540.15199529,-130.753842711,124.858779415
539.861537309,-130.336254058,124.783083861
539.576627345,-129.925907247,124.762574416
539.286870944,-129.507831477,124.686878862
538.992798383,-129.082470782,124.629107193
538.713853978,-128.678267145,124.590673859
538.435240975,-128.274239758,124.588795527
538.151724121,-127.862929187,124.568286082
537.863442385,-127.444239742,124.529145529
537.580353895,-127.032634227,124.508636085
537.302200522,-126.627481548,124.433647749
537.019741635,-126.215039747,124.376583303
536.74258141,-125.809610627,124.338149972
536.465693204,-125.403995682,124.299716638
536.184255168,-124.991259904,124.279207197
535.898197122,-124.571854615,124.313176637
535.616662132,-124.159184963,124.292667192
535.335274878,-123.746414559,124.272157748
535.049160944,-123.326240753,124.233017195
534.768203573,-122.913177625,124.212507751
534.487338656,-122.499648714,124.155443305
534.202134121,-122.079259753,124.15285775
533.931480513,-121.680424871,124.169610529
533.646278649,-121.260839835,124.240134971
533.322098322,-120.788067852,124.636825529
533.014376297,-120.346205653,125.071485525
532.698361847,-119.899845728,125.524069415
532.358797548,-119.428789277,126.048348861
532.004783461,-118.947358052,126.608476082
531.66161303,-118.490268192,127.187941638
531.313837411,-118.036672329,127.767407194
530.966832428,-117.593586475,128.365503861
530.609808457,-117.147233506,128.944969417
530.242943938,-116.698404718,129.57891386
529.860090074,-116.240444076,130.212151082
529.477756854,-115.793102641,130.827464413
529.084939105,-115.343216396,131.424146636
528.681843708,-114.891581832,132.075307747
528.279321832,-114.450356773,132.67198997
527.866400486,-114.007231873,133.28659608
527.460531125,-113.580669049,133.865354417
527.044423075,-113.152232932,134.462036636
526.629990238,-112.734454913,135.077349968
526.186575686,-112.29694904,135.691248859
525.744745134,-111.870390198,136.323778858
525.304438423,-111.454465068,136.938384971
524.865960788,-111.048952085,137.53506719
524.410287662,-110.635722197,138.057932191
523.956158799,-110.228911965,138.233878301
523.513032389,-109.833139901,138.227756635
523.082541045,-109.448080634,138.149232188
522.639635401,-109.05056326,138.033445524
522.216536642,-108.668916476,137.863887191
521.820343045,-108.309876276,137.768853299
521.418569142,-107.944912331,137.728298302
521.010747608,-107.574044194,137.705667191
520.603072594,-107.203015001,137.683036079
520.195672229,-106.832179168,137.696959966
519.807090674,-106.478312363,137.657112191
519.418755319,-106.124175395,137.617264416
519.036957958,-105.775404459,137.559492744
518.649226537,-105.420606367,137.519644969
518.261874491,-105.065887399,137.516352192
517.855554679,-104.693867936,137.530276083
517.480704655,-104.350510004,137.491135523
517.099675988,-104.000899438,137.433363855
516.712726547,-103.645248668,137.39351608
516.344964913,-103.306659474,137.336451633
515.971413707,-102.962380516,137.333866079
515.597878038,-102.6180847,137.331280524
515.230621278,-102.279439364,137.310771083
514.863485763,-101.940662588,137.290261635
514.496471537,-101.601754413,137.269752191
514.11067026,-101.245349407,137.266459414
513.737405183,-100.900269134,137.227318857
513.364510413,-100.555279289,137.224733299
512.991496745,-100.209927275,137.185592746
512.612602589,-99.8589846641,137.200931081
512.220846831,-99.4960874374,137.179007189
511.860875807,-99.1624945766,137.177128856
511.488283383,-98.8171782139,137.174543302
511.109456914,-98.4661625409,137.189881633
510.743037006,-98.1266118918,137.169372189
510.370357202,-97.7808996213,137.130231636
509.991538264,-97.4288959221,137.072459968
509.625814998,-97.0885950476,137.051950523
509.266584619,-96.7542047514,137.050072191
508.901129735,-96.4141046836,137.066117748
508.522968201,-96.0623727549,137.081456079
508.15705613,-95.7217855885,137.024391633
507.785385563,-95.3754772103,137.021806082
507.41359738,-95.0288062441,136.982665526
507.042179113,-94.6822272856,136.980079968
506.664414966,-94.3295800223,136.958863301
506.299501949,-93.9888986197,136.974908858
505.946947723,-93.6597337064,136.955106636
505.594507283,-93.3304469651,136.935304414
505.229599682,-92.9892715922,136.914794969
504.883609416,-92.6654535475,136.877068857
504.537972327,-92.3417458846,136.875897747
504.173284524,-91.9998481425,136.818833304
503.82162826,-91.6697240814,136.799031079
503.47643239,-91.3455459578,136.797859968
503.131103724,-91.0210224551,136.76013386
502.767107454,-90.6783885727,136.703069414
502.403585721,-90.3357369391,136.682559969
502.040186666,-89.9929552021,136.662050525
501.689435062,-89.6618701157,136.642248303
501.345127556,-89.3367486214,136.641077192
500.994633872,-89.0058758074,136.657829968
500.224431917,-88.278217818,136.596058301
499.867739117,-87.9406370021,136.557624967
499.517591521,-87.6089131966,136.537822745
499.167558594,-87.277068395,136.518020522
498.805145421,-86.9332444799,136.497511078
498.436545034,-86.5831859639,136.458370525
497.725011075,-85.9060732973,136.38150386
497.369584905,-85.5671591505,136.343070526
497.020681961,-85.2341264827,136.323268304
496.659308742,-84.8887272091,136.266203858
496.310852901,-84.5552267612,136.246401635
495.956226871,-84.21547547,136.207968301
495.601828821,-83.8754863753,136.16953497
495.247658912,-83.5352596321,136.131101636
494.893717303,-83.1947953925,136.092668302
494.546273154,-82.8602410843,136.07286608
494.186671704,-82.5139577805,136.088911637
493.839249491,-82.1793806925,136.069109415
493.479541267,-81.8327278607,136.048599971
493.119827992,-81.4856001875,135.991535524
492.766716765,-81.1442747966,135.95310219
492.407582565,-80.7965480536,135.896037744
492.048923104,-80.4488102449,135.8755283
491.696633812,-80.1071150741,135.873649967
491.233001565,-79.6570586181,135.828851637
490.893344169,-79.3270821043,135.827680523
490.534972008,-78.9785700416,135.77061608
490.183308973,-78.636230381,135.768737744
489.843864649,-78.3055569135,135.731011636
489.492438331,-77.9629742543,135.729133303
489.147123869,-77.6262222027,135.709331081
488.789599465,-77.2773174982,135.688821637
488.425976455,-76.9220914874,135.64968108
488.081260089,-76.5852038708,135.66643386
487.723997009,-76.2360315863,135.645924415
487.003711962,-75.531971908,135.659384414
486.646491846,-75.1827556699,135.63887497
486.295488182,-74.8392633277,135.600441636
485.950800667,-74.5013933386,135.544084415
485.619001364,-74.1759357311,135.561544413
485.262378101,-73.8261100026,135.541034969
484.89992128,-73.4706454416,135.575004412
484.561729165,-73.1391673307,135.573833302
484.217198595,-72.8011373041,135.517476082
483.860844501,-72.4510373868,135.496966637
483.510692664,-72.1066767446,135.458533303
483.179246188,-71.7803845986,135.439438303
482.829567786,-71.4360180033,135.437559967
482.473828017,-71.0857687416,135.453605524
482.136207554,-70.7532333103,135.415879412
481.780600344,-70.4028494627,135.43192497
481.430839647,-70.0580915531,135.393491636
481.105826383,-69.7373048988,135.356472749
480.762709495,-69.3983140065,135.336670524
480.132459177,-68.7803770842,135.793741081
479.720497829,-68.3832020686,136.300096633
479.286342291,-67.9720941193,136.823668857
478.84856272,-67.5653373804,137.383796081
478.413133244,-67.1685000329,137.925999413
477.99329051,-66.793206565,138.487541079
477.582742498,-66.4334021631,139.049789971
477.162082927,-66.0718536584,139.593407747
476.731637183,-65.7092878114,140.191504414
476.277567296,-65.3349703157,140.806817746
475.826278861,-64.9711357321,141.44076219
475.370992511,-64.6123165599,142.074706637
474.925408368,-64.2690718541,142.709358299
474.469091121,-63.9254289709,143.325378856
474.009105613,-63.5867119906,143.94139941
473.545505016,-63.2529600653,144.557419967
473.071383398,-62.9194251387,145.191364411
472.600612563,-62.5958657435,145.807384968
472.097793548,-62.2581724599,146.421991077
471.569528164,-61.9111847463,146.980703854
471.045061523,-61.5738506801,147.521492742
470.510235146,-61.2370636056,148.080205522
469.972328444,-60.9058543359,148.675473297
469.445769276,-60.5891336202,149.271448298
468.871932205,-60.2527777728,149.974966634
468.346095321,-59.9528523654,150.626127745
467.809650221,-59.6552382693,151.331767744
467.284540315,-59.372101493,152.001559967
466.778933945,-59.1069656132,152.654135519
466.270769906,-58.8482327506,153.379821074
465.759369706,-58.5959566727,154.105506633
465.237154983,-58.3466191404,154.849116075
464.711973975,-58.1043873176,155.629280522
464.167805802,-57.8623243337,156.408737743
463.636226488,-57.6344761894,157.188902186
463.093277438,-57.4101496706,157.91388052
462.531770867,-57.186634285,158.674706632
461.96710319,-56.9702951631,159.39897774
461.391788115,-56.7582792106,160.14117274
460.838005952,-56.5622144929,160.866151074
460.305863113,-56.3810764766,161.537357741
459.78826794,-56.2118162248,162.245826629
459.236009247,-56.0389354572,162.989436074
458.681286636,-55.8729639958,163.696490517
458.124828271,-55.7141197056,164.440099963
457.566355276,-55.5625105472,165.183709408
457.030843162,-55.4244853237,165.910102185
456.476610164,-55.2889132241,166.599232739
455.90146795,-55.1537918572,166.958661073
455.315540819,-55.0189256423,167.116683293
454.719859437,-54.8828415289,167.146409407
454.14033671,-54.7503799649,167.103732739
453.552095569,-54.6151662862,167.005869962
452.980584785,-54.4825817318,166.872159404
452.40966671,-54.3489219864,166.775003852
451.839257534,-54.2145528013,166.714403295
451.269553496,-54.0800973405,166.726912741
450.699538644,-53.9455079429,166.702867186
450.138102639,-53.8127917507,166.697452739
449.584919363,-53.6818798296,166.674114405
449.048550184,-53.5547197566,166.651483298
448.512514943,-53.4275958316,166.665407185
447.959122638,-53.2961210699,166.605513853
447.405868069,-53.164067899,166.545620518
446.878303225,-53.0378355053,166.541620516
446.350747197,-52.9115662813,166.537620517
445.831718182,-52.7873888864,166.552251626
445.312372954,-52.6631008935,166.53032774
444.784558098,-52.5364816744,166.48977274
444.256832996,-52.4094888896,166.449217742
443.754742571,-52.2885479901,166.464556074
443.269080571,-52.1715410947,166.444046629
442.74174034,-52.0443736335,166.440046627
442.230869421,-51.9209708585,166.400198852
441.720084448,-51.797212815,166.360351073
441.201158411,-51.6711860817,166.338427184
440.682564244,-51.5452049952,166.353058293
440.180392531,-51.4231828207,166.33184163
439.670324038,-51.2992985974,166.365103852
439.151387545,-51.1733149095,166.343179963
438.632499301,-51.0471326637,166.321256074
438.105432814,-50.9188353528,166.317256071
437.569866032,-50.7883370717,166.29462496
437.067534416,-50.6655635504,166.236853295
436.557104342,-50.5403498059,166.197005517
436.06377289,-50.4191368374,166.194419962
435.586888366,-50.301783901,166.155986628
435.101578206,-50.1819285375,166.098922185
434.591451044,-50.0554863721,166.059074406
434.098412826,-49.9330861339,166.056488848
433.605095796,-49.8104259595,166.017348295
433.12886173,-49.6918323298,166.015469963
432.652917162,-49.573455454,166.050146629
432.151397569,-49.4487801122,166.028929962
431.658139595,-49.3258826699,165.989789409
431.173463805,-49.2048555253,165.969279961
430.697044091,-49.085629613,165.93084663
430.212493062,-48.9641039241,165.910337186
429.711279188,-48.8382051795,165.889120516
429.22681679,-48.7163266447,165.868611071
428.750607292,-48.596263846,165.830177737
428.274478439,-48.4758816387,165.79174441
427.798430443,-48.3551800769,165.753311076
427.330953154,-48.2363987324,165.73350885
426.846823558,-48.1132048803,165.712999409
426.3709419,-47.9918491715,165.674566075
425.903343571,-47.8721937744,165.618208851
425.436147666,-47.7523104597,165.598406632
424.943827065,-47.6257101568,165.559266072
424.476470472,-47.5051140239,165.502908852
424.009516763,-47.3842907844,165.48310663
423.54260484,-47.2633061665,165.463304408
423.075734756,-47.1421601841,165.443502182
422.608622777,-47.0206200222,165.387144961
422.141914139,-46.8988535682,165.367342739
421.666773257,-46.7746291641,165.328909405
421.183525667,-46.6480196856,165.308399961
420.700605396,-46.5214758598,165.324445518
420.217649706,-46.3950672801,165.340491072
419.727311896,-46.267456323,165.484125517
419.105659745,-46.1092026571,165.951097185
418.57487775,-45.9787875283,166.44023607
418.017999709,-45.8470795461,166.946591629
417.468806316,-45.7225816526,167.508133295
416.901870495,-45.6000765088,168.105522737
416.325106842,-45.481630451,168.684281074
415.747467744,-45.3692644302,169.299594405
415.176684647,-45.2643002833,169.860428849
414.622468539,-45.168348928,170.495080518
414.041866598,-45.0745304573,171.146948852
413.468601166,-44.9884862842,171.780893295
412.886040156,-44.9077200189,172.432761628
412.294514453,-44.8328454173,173.13910885
411.710202707,-44.7659103535,173.790977183
411.133578292,-44.7064028732,174.424921626
410.539492352,-44.6519167,175.094713849
409.944810071,-44.6043790034,175.764506072
409.349612719,-44.56379628,176.434298292
408.771180097,-44.5311484764,177.104797737
408.183963155,-44.5049864188,177.793221069
407.596474266,-44.4858816405,178.481644404
406.983129519,-44.4734029948,179.187284403
405.772435614,-44.4699892442,180.489606625
405.175245562,-44.4782024886,181.086288845
404.587291126,-44.4926972909,181.738157178
404.007637137,-44.5133125436,182.335546627
403.42857137,-44.5401396707,182.969491067
402.832639932,-44.5743559106,183.602728292
402.245543225,-44.6144870573,184.218041627
401.667671248,-44.6603219147,184.85198607
401.081589026,-44.7132433661,185.467299402
400.504853691,-44.7716660558,186.101243849
399.920417068,-44.8375018551,186.753112182
399.311657384,-44.9133908897,187.458752178
398.729300481,-44.993194553,188.147175513
398.13090669,-45.0825293705,188.834891622
397.533988447,-45.1791772465,189.559162736
396.929311497,-45.2846418141,190.228247734
396.309337404,-45.4004508326,190.93318051
395.682204612,-45.5254949427,191.619482179
395.048003558,-45.659758562,192.287152735
394.424000544,-45.7995863258,192.9734544
393.809913507,-45.9448368506,193.641832178
393.197562616,-46.0972408971,194.310209954
392.587031202,-46.2567777257,194.978587736
391.994270861,-46.4186781538,195.574562733
391.395879646,-46.5893383972,196.26157162
390.758495819,-46.7795122575,196.965089956
390.147975058,-46.969764633,197.651391621
389.547779495,-47.1646130108,198.319769399
388.957869057,-47.3636556903,198.970223288
388.370256231,-47.5693823934,199.620677177
387.785016743,-47.7817666084,200.271131066
387.202226022,-48.0007809618,200.921584951
386.637634755,-48.2200990346,201.536191067
386.043447003,-48.4582720429,202.149382732
385.43592079,-48.7093665644,202.761867175
384.830335139,-48.9668161202,203.301241618
384.250305866,-49.2195503661,203.786844398
383.672439416,-49.4771914366,204.272447176
383.096777294,-49.7397208268,204.758049953
382.523360857,-50.0071196762,205.24365273
381.944650114,-50.2830937107,205.747179396
381.39897133,-50.5490194631,206.21556551
380.878812093,-50.807901558,206.703289953
380.361637952,-51.0712297259,207.264124397
379.839237179,-51.3435827006,207.806327732
379.319819846,-51.6208757145,208.385086062
378.795864407,-51.907535989,208.981768289
378.267216329,-52.2038452194,209.559819396
377.762663248,-52.4926348286,210.010988838
377.250467883,-52.7897542548,210.224197172
376.715720574,-53.1018135679,210.308402174
376.165394386,-53.4233379114,210.282234952
375.621388802,-53.7402572097,210.165033843
375.083994353,-54.0517421906,210.029908842
374.553522832,-54.3576603431,209.913414952
374.030478587,-54.6582147529,209.852107173
373.5151616,-54.9539256684,209.84598551
373.007093819,-55.2452989084,209.821939951
372.499285823,-55.5364552321,209.834449397
371.991541408,-55.8277224183,209.84695884
371.506462557,-56.1062371364,209.87880662
371.013881054,-56.3893172372,209.892023285
370.528265589,-56.6682359668,209.850761062
370.050110392,-56.9425153617,209.828129951
369.564562136,-57.2208816309,209.82342273
369.093937775,-57.4906444741,209.819422731
368.638241836,-57.7518117874,209.816129954
368.17487011,-58.0172427848,209.794206061
367.711770689,-58.2824786574,209.808837174
367.256026506,-58.5435617752,209.805544397
366.785317993,-58.8131777536,209.801544398
366.314215438,-59.0827762203,209.760989394
365.85058848,-59.3477611531,209.739065508
365.394526704,-59.6082890963,209.735772728
364.930783167,-59.8730699548,209.713848842
364.474234255,-60.133416704,209.674001064
364.010205521,-60.3976974389,209.652077175
363.55337619,-60.6575518229,209.612229396
363.103671008,-60.9128470279,209.554457728
362.646026989,-61.1719409936,209.478054951
362.181097157,-61.4346332511,209.456131066
361.731069387,-61.6886821596,209.434914396
361.288635323,-61.9383231102,209.432328841
360.85350801,-62.1837256645,209.411819396
360.403655145,-62.4374063604,209.427157728
359.946181866,-62.6954477391,209.423864951
359.488321145,-62.9534804912,209.384017176
359.045295565,-63.2027505155,209.344876616
358.602099803,-63.4517178369,209.305736063
358.166431345,-63.6961583963,209.285226619
357.722976625,-63.9446641775,209.246086062
357.272020543,-64.197061592,209.224869396
356.843709373,-64.436671434,209.222991063
356.415390347,-64.6762672346,209.221112731
355.987063468,-64.9158489934,209.219234398
355.551026465,-65.1596315288,209.198724954
355.107567074,-65.4074465241,209.196139396
354.648684406,-65.6636574477,209.15629162
354.212379857,-65.9069608239,209.135782176
353.783329294,-66.1459298082,209.097348842
353.346774678,-66.3887842093,209.076839397
352.902419067,-66.6356754865,209.037698841
352.472960047,-66.8739096392,208.999265507
352.035621574,-67.1160383646,208.942201064
351.605766074,-67.3535563856,208.90376773
351.176118794,-67.5907621019,208.901889394
350.738738246,-67.8321258248,208.881379953
350.286556137,-68.0816310103,208.896718288
349.841426569,-68.3271241462,208.857577732
349.403859483,-68.5681495344,208.837068287
348.96620615,-68.8090182762,208.816558839
348.505636185,-69.0621835337,208.776711064
348.060363549,-69.3067255229,208.77412551
347.62244587,-69.5471133323,208.753616065
347.176704546,-69.7914939459,208.714475509
346.731166549,-70.0355521282,208.711889951
346.285247371,-70.2796080622,208.672749394
345.84690505,-70.5192206666,208.652239953
345.401102215,-70.7627947556,208.649654398
344.970039579,-70.9981148897,208.611221064
344.52406248,-71.2413697595,208.60863551
344.062949654,-71.4928496076,208.605342729
343.6169476,-71.7360587206,208.602757174
343.170934571,-71.9792477067,208.60017162
342.301344989,-72.4531463463,208.577783839
341.840096817,-72.7043778657,208.574491066
341.39396387,-72.9473467869,208.571905508
340.493425763,-73.4371485991,208.511548285
340.062164768,-73.6714076204,208.509669952
339.630528488,-73.9056738855,208.471236618
339.168813923,-74.1560472348,208.467943841
338.729986809,-74.3940726363,208.483989395
338.298613187,-74.6281241968,208.482111062
337.859476037,-74.8662769966,208.461601618
337.412494996,-75.1083826739,208.422461065
336.957957426,-75.3542717552,208.401244398
336.064215366,-75.8374892489,208.396073285
335.601799877,-76.087267662,208.35622551
335.169537755,-76.3203771187,208.317792176
334.722320728,-76.5613448258,208.315206621
334.266952061,-76.8063953712,208.257434953
333.826515398,-77.0428415706,208.20037051
333.355843662,-77.2951015318,208.178446618
332.89989138,-77.5390644542,208.120674953
332.45110729,-77.7785200102,208.044979395
332.02537225,-78.005221793,208.025177173
331.599925347,-78.2317556132,208.041929952
331.136347758,-78.4786624248,208.038637175
330.687591657,-78.7174618674,207.999496619
330.23904289,-78.9559414411,207.996911061
329.805327397,-79.1863355208,207.958477734
329.363663007,-79.4204804077,207.901413287
328.929564107,-79.6501512721,207.862979953
328.487879195,-79.8835449984,207.842470509
328.045741636,-80.1167951646,207.785406063
327.611178609,-80.3455866353,207.746972729
326.749878517,-80.798472401,207.725292174
326.322885207,-81.0227952384,207.705489952
325.888371355,-81.250964138,207.703611619
325.461293192,-81.4751253862,207.683809397
325.034137579,-81.6991390185,207.664007175
324.599458644,-81.9269932654,207.662128842
324.14951345,-82.1628275851,207.659543284
323.706633453,-82.3946649593,207.602478841
323.264261111,-82.6260348827,207.618524395
322.821584437,-82.857542017,207.598014954
322.401545623,-83.0769384295,207.560288839
321.958633872,-83.3079955075,207.539779394
321.51563944,-83.5388940272,207.51926995
321.065107627,-83.7736057404,207.516684399
320.629844253,-84.0003415604,207.514806063
320.194573448,-84.2270631101,207.51292773
319.759295211,-84.4537703902,207.511049398
319.308359266,-84.6884275567,207.471908841
318.857263127,-84.9227766192,207.432768288
318.41383822,-85.1528473576,207.412258844
317.969961756,-85.3827711413,207.355194398
317.097713088,-85.8336479778,207.314882731
316.233022131,-86.2800255241,207.293202177
315.811822082,-86.4971842408,207.255476065
314.938790022,-86.9465423228,207.215164394
314.494494529,-87.1749273206,207.19465495
314.057963676,-87.3992131849,207.192776617
313.176556149,-87.8514817706,207.133833839
312.731936916,-88.0792358666,207.113324398
312.272643695,-88.3146654611,207.165217728
311.85059408,-88.5309002065,207.090936618
311.390465426,-88.7661606223,207.069719954
310.952710459,-88.9895181425,206.994731618
310.515031617,-89.2122911045,206.956298284
310.077203441,-89.4347704266,206.91786495
309.631728878,-89.6608469757,206.897355506
308.748441229,-90.1086961641,206.874967729
308.302428205,-90.3344474475,206.817903286
307.864431993,-90.5558580509,206.81602495
307.426060447,-90.7772648033,206.777591619
306.526455445,-91.2310190078,206.75449662
306.080338078,-91.4558244512,206.733987176
305.642018057,-91.6765933219,206.732108843
305.211200606,-91.893481191,206.712306618
304.333947885,-92.334542777,206.671994951
303.910418178,-92.5471221225,206.634268843
303.463830068,-92.7709909521,206.613759398
303.047969128,-92.9792768366,206.594664398
302.624884167,-93.1912561379,206.630048286
302.178279568,-93.4150920701,206.609538842
301.731964198,-93.6387612889,206.625584399
301.293227272,-93.8587004692,206.623706063
300.877402494,-94.0670585463,206.604611063
300.438585086,-94.2868371113,206.60273273
300.014433021,-94.4989181506,206.528451617
299.598262424,-94.7065846291,206.50935662
299.174496678,-94.9179474403,206.50818551
298.734941889,-95.1369957198,206.469752176
298.318558755,-95.344235724,206.450657176
297.894211001,-95.5551773605,206.412931064
297.469724446,-95.7658395417,206.375204952
297.052635396,-95.9724071202,206.319554954
296.628171801,-96.1823649814,206.31838384
296.21124262,-96.3885042305,206.299288843
295.793880237,-96.5945189899,206.243638842
295.384590646,-96.7962997322,206.243174954
294.967755738,-97.0018771904,206.260634952
294.535535103,-97.2152031423,206.277387731
294.110551377,-97.4248605367,206.23966162
293.69333936,-97.6304267472,206.220566619
292.858279913,-98.0410227374,206.145821621
292.440367216,-98.2459188506,206.09017162
292.00714686,-98.4579663654,206.070369397
291.558746494,-98.6774257887,206.086414951
291.117591152,-98.8932324744,206.047981617
290.70005831,-99.0973886832,206.065441622
290.266746474,-99.3092491903,206.0456394
289.384858152,-99.7402089695,206.041882731
288.966939033,-99.9443337855,206.022787732
288.533469597,-100.155871655,206.002985509
287.673838714,-100.574662984,205.945457175
287.240084166,-100.785615618,205.925654953
286.798325053,-101.000183666,205.887221619
286.085748153,-101.346026954,205.891244398
285.644228455,-101.560325086,205.889366062
285.194767649,-101.778369065,205.868856618
284.753164248,-101.992494662,205.866978285
284.296052096,-102.214118182,205.864392731
283.869933992,-102.420697481,205.86322162
283.420743119,-102.638534323,205.879267174
282.956114305,-102.864015053,205.894605509
282.50667344,-103.082100132,205.874096065
282.049218227,-103.303779946,205.834955508
281.607120006,-103.517648419,205.796522174
281.164878424,-103.73122029,205.75808884
280.722861887,-103.944491752,205.756210508
280.257749868,-104.16897406,205.771548843
279.81615162,-104.382345338,205.806225512
279.381885726,-104.592243306,205.786423286
278.94791431,-104.801984694,205.803176065
278.49812601,-105.019352303,205.782666621
278.055832794,-105.232817222,205.744233287
277.605821115,-105.449721999,205.723723842
277.163676742,-105.662728309,205.72184551
276.736680179,-105.868255253,205.684119398
276.294020463,-106.080959124,205.645686064
275.83605575,-106.300815502,205.643100509
275.377710525,-106.520649228,205.603959953
274.927169163,-106.736451622,205.583450508
274.484136411,-106.94837741,205.545017178
274.033003863,-107.163715948,205.487952731
273.566102391,-107.386007216,205.430181063
273.130468256,-107.593050503,205.410378841
272.69512962,-107.799939148,205.42713162
272.251888546,-108.010653849,205.425253288
271.808640563,-108.22135402,205.423374952
271.349455664,-108.439428408,205.384234399
270.897720613,-108.653500137,205.327169953
270.445772578,-108.867121848,205.270105507
270.009928735,-109.072944064,205.286858286
269.565804886,-109.28257366,205.248424952
269.121540519,-109.491905295,205.209991618
268.669156542,-109.70460226,205.152927179
267.795391545,-110.114179837,205.076767729
267.358488616,-110.318532113,205.056965507
266.913527229,-110.52637803,205.018532173
266.46842652,-110.733925426,204.980098842
266.030812352,-110.937541365,204.923741618
265.608989518,-111.133472036,204.904646618
265.171474669,-111.336510901,204.884844399
264.726627319,-111.543022765,204.919521062
264.296794677,-111.742550435,204.881794953
263.851568144,-111.949036922,204.879916621
263.421597687,-112.148267431,204.842190509
262.999496405,-112.343597509,204.823095509
262.569694491,-112.542398822,204.821924398
262.116249679,-112.752031824,204.801414954
261.553248324,-113.012040062,204.775954954
261.123282993,-113.210487683,204.774783844
260.677671581,-113.416142264,204.772905508
260.224047587,-113.625387248,204.752396067
259.785994754,-113.8272628,204.732593841
259.331854276,-114.036183088,204.675529399
258.877875317,-114.244656821,204.655019954
258.423821763,-114.452968036,204.63451051
257.993367839,-114.650353611,204.633339396
257.539604833,-114.858498905,204.649384953
257.09354439,-115.063177718,204.647506621
256.639463523,-115.27142939,204.626997176
256.185677482,-115.479524454,204.64304273
255.731580391,-115.687740748,204.622533286
255.269392348,-115.899375869,204.583392729
254.815448068,-116.107125523,204.599438286
254.353174756,-116.318574325,204.560297733
253.750102507,-116.594120093,204.551347175
253.288022364,-116.80518986,204.548761621
252.387124169,-117.216466417,204.526373844
251.924952073,-117.427334758,204.523788286
251.454376201,-117.641737979,204.466016617
251.022977749,-117.837857246,204.428290509
250.576130809,-118.040813269,204.426412176
249.682849903,-118.446828535,204.459210509
249.228087094,-118.6535868,204.438701065
248.765222404,-118.863737914,204.399560509
248.310244588,-119.070022618,204.379051064
247.855192959,-119.276144447,204.35854162
247.407731094,-119.478551068,204.320108286
246.929103899,-119.694845225,204.316815509
246.47345932,-119.900464479,204.259751066
246.017979496,-120.105638363,204.239241621
245.436743488,-120.367175204,204.213074399
244.973054829,-120.575501966,204.173933843
244.509223965,-120.783511917,204.13479329
243.589218053,-121.195146194,204.075143286
243.140760513,-121.395337097,204.036709955
242.692536945,-121.595234486,204.034831619
242.228202442,-121.802117742,203.995691063
241.748358236,-122.015698388,203.992398286
241.284241026,-122.222250359,203.989812731
240.583607839,-122.533678755,203.940063845
240.118931785,-122.739793715,203.900923288
239.654115035,-122.945591191,203.861782732
239.197221101,-123.147596453,203.841273287
238.732190353,-123.352909901,203.802132731
238.290849767,-123.547492818,203.782330509
237.833676151,-123.74886431,203.761821064
237.376061252,-123.950060395,203.704756622
236.910912942,-124.154279768,203.702171064
236.437311032,-124.361913153,203.644399395
235.971577552,-124.565627502,203.605258842
235.53728158,-124.755243959,203.567532734
235.087068079,-124.951453958,203.5290994
234.637091136,-125.147372529,203.527221067
234.178656268,-125.346693209,203.470156621
233.681070739,-125.562720807,203.466156618
232.811436597,-125.939557541,203.390704398
232.360987736,-126.134388645,203.388826066
231.444257484,-126.530838616,203.384362175
230.98569621,-126.729029813,203.36385273
230.519341054,-126.930478005,203.361267176
230.068792154,-127.125077654,203.359388843
229.594327839,-127.329893319,203.338172177
229.119416406,-127.53451375,203.280400512
228.660496274,-127.731872574,203.259891067
228.209235745,-127.925662399,203.221457733
227.734279743,-128.129335268,203.200241063
227.267721392,-128.329468491,203.23421051
226.373457901,-128.713182154,203.212529955
225.914304307,-128.909997219,203.192020511
225.447347101,-129.110045889,203.189434953
224.987745114,-129.306660428,203.13237051
224.528685677,-129.502848502,203.148416064
224.069312135,-129.699149652,203.127906619
223.617606397,-129.891899456,203.089473285
223.158031154,-130.087727923,203.068963841
222.69064537,-130.286773229,203.066378286
222.000937786,-130.580131566,203.017336622
221.088939723,-130.967023843,202.958393843
220.644781663,-131.155086705,202.938591621
220.169197078,-131.35643416,202.953929953
219.693295258,-131.557887134,202.932713286
218.154036058,-132.208045436,202.86411273
217.685571552,-132.405398466,202.824972174
217.217342383,-132.602451631,202.822386619
216.749104323,-132.799483665,202.819801068
216.273103309,-132.999844665,202.8351394
215.804539066,-133.196960777,202.795998843
215.343966804,-133.390432697,202.775489399
214.867068795,-133.590379389,202.717717734
214.413626813,-133.779874408,202.642729398
213.952169719,-133.972094626,202.585664952
213.466843143,-134.173776193,202.545817177
212.989518476,-134.371834278,202.52460051
212.51249148,-134.569740167,202.539938842
212.051059177,-134.761151824,202.519429397
211.581785839,-134.95570526,202.516843843
211.104361082,-135.153521945,202.495627176
210.626863103,-135.351161827,202.474410509
210.157437045,-135.545346482,202.471824955
209.711697947,-135.729630717,202.452022732
209.258117745,-135.917056263,202.4501444
208.796386027,-136.107744524,202.429634955
208.326438463,-136.301539515,202.390494399
207.864508471,-136.49174697,202.369984955
207.410660373,-136.678522874,202.368106622
206.828968913,-136.917638399,202.32401551
206.359034761,-137.110590195,202.321429952
205.888352177,-137.303473652,202.245734401
205.433364601,-137.489226981,202.170746065
204.970339737,-137.677639393,202.113681619
204.499330657,-137.86883996,202.074541066
204.028191071,-138.059718721,202.03540051
203.549120976,-138.25351678,202.014183843
203.077780575,-138.443899122,201.97504329
202.630460419,-138.624311708,201.955241064
202.167467502,-138.811027765,201.971286618
201.695984693,-139.001057162,201.932146065
201.216936832,-139.194019966,201.9474844
200.737569935,-139.387082699,201.92626773
200.267046961,-139.576818928,201.996792179
199.796018507,-139.767083739,201.994206621
199.324981466,-139.957327295,201.991621066
198.845763431,-140.150759242,201.970404399
198.206303431,-140.408313061,201.905560509
197.718617129,-140.604219698,201.865712733
197.246784969,-140.793380013,201.826572177
