270,-390
270.0,-390.0,0.0
270.155035241,-390.0,0.0
270.284231276,-390.0,0.0
270.456492655,-390.0,0.0
270.654593241,-390.0,0.0
270.869919965,-390.0,0.0
271.085246689,-390.0,0.0
271.32641262,-390.0,0.0
271.619256964,-390.0,0.0
271.912101309,-390.0,0.0
272.204945653,-390.0,0.0
272.532242274,-390.0,0.0
272.876765032,-390.0,0.0
273.22990086,-390.0,0.0
273.617488963,-390.0,0.0
273.996463997,-390.0,0.0
274.375439031,-390.0,0.0
275.193680582,-390.0,0.0
275.615720961,-390.0,0.0
276.029148271,-390.0,0.0
276.45118865,-390.0,0.0
276.916294374,-390.0,0.0
277.36417396,-390.0,0.0
277.803440477,-390.0,0.0
278.259933132,-390.0,0.0
278.725038855,-390.0,0.0
279.172918441,-390.0,0.0
279.646637234,-390.0,0.0
280.404587302,-390.0,0.0
280.886919164,-390.0,0.0
281.386477164,-390.0,0.0
281.868809025,-390.0,0.0
282.359753956,-390.0,0.0
282.885151163,-390.0,0.0
283.367483024,-390.0,0.0
283.935945575,-390.0,0.0
284.426890506,-390.0,0.0
285.39155423,-390.0,0.0
285.891112229,-390.0,0.0
286.399283298,-390.0,0.0
286.881615159,-390.0,0.0
287.363947021,-390.0,0.0
287.846278883,-390.0,0.0
288.328610745,-390.0,0.0
288.810942606,-390.0,0.0
289.293274468,-390.0,0.0
289.792832468,-390.0,0.0
290.283777398,-390.0,0.0
290.757496191,-390.0,0.0
291.231214984,-390.0,0.0
292.195878707,-390.0,0.0
293.151929362,-390.0,0.0
293.642874292,-390.0,0.0
294.125206154,-390.0,0.0
294.607538016,-390.0,0.0
295.107096015,-390.0,0.0
295.598040946,-390.0,0.0
296.080372808,-390.0,0.0
296.5540916,-390.0,0.0
297.045036531,-390.0,0.0
297.518755324,-390.0,0.0
298.009700254,-390.0,0.0
298.500645185,-390.0,0.0
299.000203185,-390.0,0.0
299.482535046,-390.0,0.0
299.982093046,-390.0,0.0
300.481651046,-390.0,0.0
300.955369838,-390.0,0.0
301.446314769,-390.0,0.0
301.9372597,-390.0,0.0
302.410978492,-390.0,0.0
303.384255285,-390.0,0.0
303.875200215,-390.0,0.0
304.348919008,-390.0,0.0
305.313582731,-390.0,0.0
305.795914593,-390.0,0.0
306.269633386,-390.0,0.0
306.769191385,-390.0,0.0
307.260136316,-390.0,0.0
307.733855109,-390.0,0.0
308.216186971,-390.0,0.0
308.724358039,-390.0,0.0
309.206689901,-390.0,0.0
309.689021763,-390.0,0.0
310.197192831,-390.0,0.0
310.688137762,-390.0,0.0
311.187695762,-390.0,0.0
311.670027623,-390.0,0.0
312.186811761,-390.0,0.0
312.677756691,-390.0,0.0
313.177314691,-390.0,0.0
313.68548576,-390.0,0.0
314.185043759,-390.0,0.0
314.67598869,-390.0,0.0
315.166933621,-390.0,0.0
315.66649162,-390.0,0.0
316.16604962,-390.0,0.0
316.665607619,-390.0,0.0
317.15655255,-390.0,0.0
317.647497481,-390.0,0.0
318.103990135,-390.0,0.0
318.594935066,-390.0,0.0
319.094493066,-390.0,0.0
319.585437996,-390.0,0.0
320.084995996,-390.0,0.0
320.584553996,-390.0,0.0
321.058272788,-390.0,0.0
321.54060465,-390.0,0.0
322.031549581,-390.0,0.0
322.539720649,-390.0,0.0
323.039278649,-390.0,0.0
323.53022358,-390.0,0.0
324.029781579,-390.0,0.0
324.529339579,-390.0,0.0
325.01167144,-390.0,0.0
325.502616371,-390.0,0.0
325.984948233,-390.0,0.0
326.467280095,-390.0,0.0
326.958225025,-390.0,0.0
327.449169956,-390.0,0.0
327.948727955,-390.0,0.0
328.431059817,-390.0,0.0
328.913391679,-390.0,0.0
329.421562747,-390.0,0.0
330.412065678,-390.0,0.0
330.894397539,-390.0,0.0
331.376729401,-390.0,0.0
331.867674332,-390.0,0.0
332.840951124,-390.0,0.0
333.331896055,-390.0,0.0
334.219042158,-390.0,0.0
334.787504709,-390.0,0.0
335.269836571,-390.0,0.0
335.778007639,-390.0,0.0
336.26895257,-390.0,0.0
336.751284431,-390.0,0.0
337.207777086,-390.0,0.0
337.698722017,-390.0,0.0
338.198280017,-390.0,0.0
338.680611878,-390.0,0.0
339.171556809,-390.0,0.0
339.671114809,-390.0,0.0
340.170672808,-390.0,0.0
340.670230808,-390.0,0.0
341.178401876,-390.0,0.0
341.677959876,-390.0,0.0
342.168904807,-390.0,0.0
343.176633875,-390.0,0.0
343.667578805,-390.0,0.0
344.175749874,-390.0,0.0
344.666694805,-390.0,0.0
345.157639735,-390.0,0.0
345.665810804,-390.0,0.0
346.156755735,-390.0,0.0
346.664926803,-390.0,0.0
347.164484803,-390.0,0.0
347.664042802,-390.0,0.0
348.163600802,-390.0,0.0
348.663158802,-390.0,0.0
349.162716801,-390.0,0.0
349.653661732,-390.0,0.0
350.144606663,-390.0,0.0
350.644164662,-390.0,0.0
351.126496524,-390.0,0.0
352.108386385,-390.0,0.0
352.590718247,-390.0,0.0
353.107502384,-390.0,0.0
353.607060384,-390.0,0.0
354.132457591,-390.0,0.0
354.640628659,-390.0,0.0
355.148799728,-390.0,0.0
355.656970796,-390.0,0.0
356.173754934,-390.0,0.0
356.69915214,-390.0,0.0
357.207323209,-390.0,0.0
357.715494277,-390.0,0.0
358.215052277,-390.0,0.0
358.731836414,-390.0,0.0
359.240007483,-390.0,0.0
360.239123482,-390.0,0.0
360.75590762,-390.0,0.0
361.264078688,-390.0,0.0
361.763636688,-390.0,0.0
362.254581619,-390.0,0.0
362.762752687,-390.0,0.0
363.262310687,-390.0,0.0
363.761868687,-390.0,0.0
364.252813617,-390.0,0.0
364.778210824,-390.0,0.0
365.269155754,-390.0,0.0
365.760100685,-390.0,0.0
366.268271754,-390.0,0.0
366.767829753,-390.0,0.0
367.448262201,-390.0,0.0
367.947820201,-390.0,0.0
368.9469362,-390.0,0.0
369.429268062,-390.0,0.0
369.911599923,-390.0,0.0
370.393931785,-390.0,0.0
370.884876716,-390.0,0.0
371.375821646,-390.0,0.0
371.858153508,-390.0,0.0
372.857269507,-390.0,0.0
373.356827507,-390.0,0.0
373.864998575,-390.0,0.0
374.364556575,-390.0,0.0
374.872727644,-390.0,0.0
376.371401642,-390.0,0.0
376.862346573,-390.0,0.0
377.353291504,-390.0,0.0
377.844236434,-390.0,0.0
378.834739365,-390.0,0.0
379.334297364,-390.0,0.0
379.833855364,-390.0,0.0
380.333413364,-390.0,0.0
380.815745225,-390.0,0.0
381.323916294,-390.0,0.0
381.875152707,-390.0,0.0
382.391936845,-390.0,0.0
382.891494844,-390.0,0.0
383.408278982,-390.0,0.0
383.91645005,-390.0,0.0
384.381555774,-390.0,0.0
384.889726843,-390.0,0.0
385.397897911,-390.0,0.0
385.897455911,-390.0,0.0
386.397013911,-390.0,0.0
386.879345772,-390.0,0.0
387.378903772,-390.0,0.0
387.89568791,-390.0,0.0
388.920643116,-390.0,0.0
389.446040322,-390.0,0.0
389.945598322,-390.0,0.0
390.445156321,-390.0,0.0
390.936101252,-390.0,0.0
391.435659251,-390.0,0.0
391.935217251,-390.0,0.0
392.426162182,-390.0,0.0
392.925720181,-390.0,0.0
393.416665112,-390.0,0.0
393.924836181,-390.0,0.0
394.415781111,-390.0,0.0
394.898112973,-390.0,0.0
395.397670973,-390.0,0.0
395.888615903,-390.0,0.0
396.379560834,-390.0,0.0
396.870505765,-390.0,0.0
397.378676833,-390.0,0.0
397.878234833,-390.0,0.0
398.369179764,-390.0,0.0
398.860124694,-390.0,0.0
399.368295763,-390.0,0.0
399.850627624,-390.0,0.0
400.341572555,-390.0,0.0
400.832517486,-390.0,0.0
401.323462416,-390.0,0.0
401.831633485,-390.0,0.0
402.331191484,-390.0,0.0
402.830749484,-390.0,0.0
403.321694415,-390.0,0.0
403.812639345,-390.0,0.0
404.320810414,-390.0,0.0
405.285474137,-390.0,0.0
405.793645206,-390.0,0.0
406.301816275,-390.0,0.0
406.827213481,-390.0,0.0
407.326771481,-390.0,0.0
407.843555618,-390.0,0.0
408.334500549,-390.0,0.0
408.825445479,-390.0,0.0
409.333616548,-390.0,0.0
409.841787617,-390.0,0.0
410.341345616,-390.0,0.0
410.832290547,-390.0,0.0
411.331848547,-390.0,0.0
411.848632684,-390.0,0.0
412.348190684,-390.0,0.0
412.864974821,-390.0,0.0
413.37314589,-390.0,0.0
413.872703889,-390.0,0.0
414.372261889,-390.0,0.0
414.897659096,-390.0,0.0
415.405830164,-390.0,0.0
415.914001233,-390.0,0.0
416.43078537,-390.0,0.0
416.938956439,-390.0,0.0
417.429901369,-390.0,0.0
417.938072438,-390.0,0.0
418.446243507,-390.0,0.0
418.954414575,-390.0,0.0
419.970756712,-390.0,0.0
421.037839308,-390.044750762,-2.4014338239
421.614425655,-390.068509059,-2.35954337392
422.234153231,-390.091148583,-2.09216542404
422.871256829,-390.109474214,-1.64759997424
423.474067717,-390.12066893,-1.06390952452
424.085583956,-390.124444878,-0.353781574838
424.705712933,-390.120588935,0.356258874838
425.334368459,-390.109459455,1.01423682454
425.962864524,-390.091450275,1.64132727426
426.556706582,-390.068079565,2.25371772398
427.15022227,-390.037522932,2.94722067366
427.743243073,-389.998524115,3.76252362328
428.344226266,-389.95030078,4.5876265729
428.94449114,-389.89383513,5.37387952254
429.543950006,-389.82937307,6.1376449722
430.142522636,-389.75714361,6.88058542186
430.731553013,-389.6781639,7.63691337152
431.302388584,-389.593529258,8.43349132114
431.863415844,-389.501888186,9.27705677076
432.439966208,-389.398830346,10.1345347204
433.031874181,-389.284151489,10.96488767
433.605306603,-389.164960477,11.7420406196
434.193933458,-389.034481686,12.4984560692
434.755496928,-388.901580442,13.314809019
435.306699749,-388.762565616,14.1549619686
435.872501856,-388.611240743,14.9734149182
436.429983343,-388.462141235,14.9734149182
436.970823591,-388.31749246,14.9734149182
437.528305078,-388.168392953,14.9734149182
438.094107185,-388.01706808,14.9734149182
438.647354796,-387.852954242,16.5223171674
439.184087554,-387.693739324,16.5223171674
439.737335165,-387.529625486,16.5223171674
440.315355058,-387.358163267,16.5223171674
440.860345242,-387.196498889,16.5223171674
441.364048292,-387.047081813,16.5223171674
441.884266195,-386.892765816,16.5223171674
442.420998952,-386.733550898,16.5223171674
442.949474283,-386.576785441,16.5223171674
443.461434759,-386.424918904,16.5223171674
443.973395235,-386.273052367,16.5223171674
444.493613139,-386.11873637,16.5223171674
444.997316188,-385.969319294,16.5223171674
445.517534091,-385.815003297,16.5223171674
446.037751995,-385.6606873,16.5223171674
446.541455044,-385.511270223,16.5223171674
447.05341552,-385.359403687,16.5223171674
447.582156138,-385.203535337,16.4250798174
448.664106935,-384.883425173,16.4815827674
449.233804519,-384.714193842,16.5442982174
449.803415773,-384.544672165,16.5735011674
450.380954828,-384.371597242,16.6822416174
450.965570609,-384.192179417,17.0611820672
451.515187486,-384.016288656,17.7459350168
452.062279862,-383.832696164,18.5506504666
452.606740112,-383.641438987,19.3552784162
453.156517263,-383.439507499,20.1681313658
453.711134821,-383.225980114,21.0566718154
454.262222023,-383.003499835,21.984499765
454.809789709,-382.772492888,22.8738277146
455.345785263,-382.536399671,23.7723431642
455.86988703,-382.294876156,24.7418211138
456.382198695,-382.048529995,25.6806740632
456.898346256,-381.790444804,26.5660645128
457.41034866,-381.52423096,27.4720174624
457.925814432,-381.24615493,28.345332912
458.444647955,-380.956316432,29.1892483616
458.959319292,-380.659149821,30.0017513112
459.477392192,-380.350755984,30.764116761
460.028019611,-380.012969323,31.5273572106
460.566620415,-379.672167331,32.3237601602
461.085902415,-379.333167299,33.1374881098
461.593170386,-378.991633153,33.9516535594
462.107582976,-378.645288666,33.9516535594
462.58627247,-378.32299588,33.9516535594
463.051502684,-377.981561964,36.2750624084
463.509789164,-377.645224076,36.2750624084
463.961131909,-377.313982217,36.2750624084
464.440249592,-376.962356243,36.2750624084
464.884648602,-376.636210412,36.2750624084
465.342935082,-376.299872524,36.2750624084
465.787334093,-375.973726693,36.2750624084
466.224789368,-375.652676891,36.2750624084
466.65530091,-375.336723118,36.2750624084
467.09969992,-375.010577287,36.2750624084
467.537155196,-374.689527485,36.2750624084
467.967666738,-374.373573712,36.2750624084
468.391234545,-374.062715967,36.2750624084
468.807858617,-373.75695425,36.2750624084
469.231426424,-373.446096505,36.2750624084
469.654994231,-373.13523876,36.2750624084
470.071618303,-372.829477044,36.2750624084
470.481298641,-372.528811356,36.2750624084
470.897922713,-372.22304964,36.2750624084
471.32149052,-371.912191895,36.2750624084
471.985389385,-371.419315785,36.5900589082
472.462574404,-371.065071467,36.5888118582
472.953623298,-370.700602879,36.5837148082
473.437882335,-370.341437911,36.5635677584
473.901501969,-369.997820236,36.5444707084
474.350037026,-369.662786289,36.7579486582
474.815928241,-369.307854442,37.301389108
475.277271245,-368.94703056,38.0295420576
475.753742546,-368.563701111,38.8172825072
476.218228665,-368.179306868,39.610097957
476.664233736,-367.799687694,40.4029134066
477.079293081,-367.436938023,41.1525038562
477.502569235,-367.057481873,41.8754068058
477.927021287,-366.666512915,42.6486222556
478.35822017,-366.257536016,43.4849252052
478.801623969,-365.823983381,44.3564031548
479.226195895,-365.395912162,45.2351436044
479.656647027,-364.949496841,46.043009054
480.081898504,-364.498125599,46.7066745036
480.514345516,-364.029909403,47.2742649534
480.936700124,-363.564132396,47.7990679032
481.377012639,-363.068181291,48.4008708528
481.816752468,-362.560273662,49.1144113026
482.461485201,-361.797022403,49.8115892522
482.899465702,-361.26508556,50.533004702
483.324879125,-360.734037789,51.3023701516
483.727500984,-360.217909947,52.0428606012
484.123995894,-359.697060547,52.719913551
484.519866047,-359.164961466,53.3515540006
484.90456084,-358.635336856,54.0070819504
485.292867481,-358.087104032,54.6905224
485.674391862,-357.534129869,55.3962753498
486.044021049,-356.983478552,56.1281907994
486.39268263,-356.449931997,56.836218749
486.744382104,-355.897845237,57.5013716988
487.076081837,-355.363703943,58.1598746484
487.401774494,-354.825878758,58.8020150982
487.717018451,-354.291841247,59.4465180478
488.012738261,-353.776337247,60.1591834976
488.305622111,-353.24934072,60.9364239472
488.591228955,-352.718365184,61.7246018968
488.873724489,-352.175997559,62.4869673464
489.153038919,-351.622320518,63.2303452962
489.417419907,-351.080463543,63.9914857458
489.677666877,-350.5270759,64.8133511954
490.007420395,-349.797083908,65.690254145
490.237251107,-349.267750256,66.5300570946
490.466653183,-348.719508277,67.2939975442
490.694865804,-348.152158854,68.087862994
490.908842868,-347.597714632,68.8968659436
491.118289177,-347.032348792,69.6722688932
491.325729436,-346.447931685,70.4575593428
491.525171884,-345.860737061,71.2397872924
491.72190548,-345.254492295,72.0211402422
491.902645084,-344.670283802,72.8092306918
492.072948556,-344.091921445,73.5925086414
492.239591531,-343.494589933,74.412011591
492.399376616,-342.886477803,75.2779770406
492.550385361,-342.276127089,76.1033424902
492.685199465,-341.697318194,76.8886329398
492.815301044,-341.099789997,77.7165358896
492.938151229,-340.491939153,78.5741013392
493.047033191,-339.907696653,79.4432167888
493.147345699,-339.321921969,80.2824947384
493.240916848,-338.726312425,81.071722688
493.327711736,-338.120975317,81.8403881376
493.40500888,-337.523035988,82.6340785872
493.474775346,-336.915500798,83.4491190368
493.535345275,-336.315636169,84.2342344866
493.590263275,-335.689285111,84.9891624362
493.634943959,-335.088028156,85.7500403858
493.678986347,-334.495360587,85.7500403858
493.721752144,-333.919871788,85.7500403858
493.74143871,-333.343132062,88.0450117348
493.752910027,-332.783400116,88.8259271844
493.756593988,-332.206336255,89.634230134
493.760112996,-331.655111074,89.634230134
493.763577019,-331.112498787,89.634230134
493.767096027,-330.561273606,89.634230134
493.770670019,-330.001435531,89.634230134
493.774134042,-329.458823244,89.634230134
493.777598065,-328.916210957,89.634230134
493.780897135,-328.39943735,89.634230134
493.784196205,-327.882663743,89.634230134
493.787495274,-327.365890135,89.634230134
493.790849329,-326.840503635,89.634230134
493.794038429,-326.340955815,89.634230134
493.797337499,-325.824182208,89.634230134
493.800471615,-325.333247281,89.634230134
493.803715701,-324.825086567,89.634230134
493.806904801,-324.325538747,89.634230134
493.810093902,-323.825990927,89.634230134
493.813337987,-323.317830214,89.634230134
493.816637057,-322.801056607,89.634230134
493.819881142,-322.292895893,89.634230134
493.823070243,-321.793348073,89.634230134
493.826424297,-321.267961572,89.634230134
493.829778351,-320.742575072,89.634230134
493.833077421,-320.225801465,89.634230134
493.836266522,-319.726253645,89.634230134
493.839510607,-319.218092931,89.634230134
493.842809676,-318.701319324,89.634230134
493.846163731,-318.175932823,89.634230134
493.8494628,-317.659159216,89.634230134
493.85276187,-317.142385609,89.634230134
493.855950971,-316.642837789,89.634230134
493.859085087,-316.151902863,89.634230134
493.862384157,-315.635129255,89.634230134
493.865628242,-315.126968542,89.634230134
493.868982296,-314.601582041,89.634230134
493.872391335,-314.067582647,89.634230134
493.87563542,-313.559421934,89.634230134
493.878879505,-313.05126122,89.634230134
493.88212359,-312.543100507,89.634230134
493.885367676,-312.034939793,89.634230134
493.888556776,-311.535391973,89.634230134
493.891800862,-311.027231259,89.634230134
493.895099931,-310.510457652,89.634230134
493.898344016,-310.002296939,89.634230134
493.901533117,-309.502749118,89.634230134
493.904722218,-309.003201298,89.634230134
493.907966303,-308.495040585,89.634230134
493.911155404,-307.995492764,89.634230134
493.914344505,-307.495944944,89.634230134
493.917643574,-306.979171337,89.634230134
493.92077769,-306.48823641,89.634230134
493.924021776,-305.980075697,89.634230134
493.927155892,-305.48914077,89.634230134
493.930290008,-304.998205844,89.634230134
493.933424124,-304.507270917,89.634230134
493.936778178,-303.981884416,89.634230134
493.940077248,-303.465110809,89.634230134
493.943211364,-302.974175883,89.634230134
493.946345481,-302.483240956,89.634230134
493.949589566,-301.975080242,89.634230134
493.952833651,-301.466919529,89.634230134
493.956022752,-300.967371709,89.634230134
493.959211852,-300.467823889,89.634230134
493.962345969,-299.976888962,89.634230134
493.965590054,-299.468728248,89.634230134
493.968669186,-298.986406215,89.634230134
493.971858286,-298.486858395,89.634230134
493.974937418,-298.004536361,89.634230134
493.977961565,-297.530827222,89.634230134
493.981150666,-297.031279402,89.634230134
493.984394751,-296.523118688,89.634230134
493.987583852,-296.023570868,89.634230134
493.990662984,-295.541248834,89.634230134
493.993852084,-295.041701014,89.634230134
493.99709617,-294.533540301,89.634230134
494.000395239,-294.016766694,89.634230134
494.00358434,-293.517218873,89.634230134
494.006663472,-293.03489684,89.634230134
494.009742603,-292.552574807,89.634230134
494.012821735,-292.070252774,89.634230134
494.016010836,-291.570704954,89.634230134
494.019144952,-291.079770027,89.634230134
494.022334053,-290.580222207,89.634230134
494.025633122,-290.063448599,89.634230134
494.028767239,-289.572513674,89.634230134
494.032011324,-289.06435296,89.634230134
494.035310394,-288.547579352,89.634230134
494.038499494,-288.048031533,89.634230134
494.041688595,-287.548483713,89.634230134
494.045042649,-287.023097212,89.634230134
494.048286734,-286.514936498,89.634230134
494.05153082,-286.006775784,89.634230134
494.054884874,-285.481389285,89.634230134
494.058128959,-284.97322857,89.634230134
494.06131806,-284.47368075,89.634230134
494.064672114,-283.94829425,89.634230134
494.067916199,-283.440133536,89.634230134
494.0711053,-282.940585715,89.634230134
494.074184432,-282.458263683,89.634230134
494.077373532,-281.958715863,89.634230134
494.080617617,-281.450555149,89.634230134
494.084026656,-280.916555756,89.634230134
494.087215757,-280.417007935,89.634230134
494.090349873,-279.926073009,89.634230134
494.093483989,-279.435138082,89.634230134
494.096618106,-278.944203154,89.634230134
494.099862191,-278.436042442,89.634230134
494.103106276,-277.927881728,89.634230134
494.106295377,-277.428333908,89.634230134
494.109429493,-276.937398981,89.634230134
494.112618594,-276.43785116,89.634230134
494.115862679,-275.929690447,89.634230134
494.119106764,-275.421529733,89.634230134
494.12224088,-274.930594806,89.634230134
494.125429981,-274.431046987,89.634230134
494.128729051,-273.91427338,89.634230134
494.131863167,-273.423338453,89.634230134
494.135217221,-272.897951952,89.634230134
494.138296353,-272.41562992,89.634230134
494.141375484,-271.933307885,89.634230134
494.144509601,-271.442372959,89.634230134
494.147753686,-270.934212245,89.634230134
494.150942787,-270.434664425,89.634230134
494.154021918,-269.952342392,89.634230134
494.157211019,-269.452794572,89.634230134
494.16040012,-268.953246751,89.634230134
494.16358922,-268.453698931,89.634230134
494.166668352,-267.971376898,89.634230134
494.169802468,-267.480441971,89.634230134
494.173046554,-266.972281258,89.634230134
494.176235654,-266.472733438,89.634230134
494.17947974,-265.964572724,89.634230134
494.18266884,-265.465024904,89.634230134
494.185747972,-264.98270287,89.634230134
494.188717135,-264.517606625,89.634230134
494.191851251,-264.026671698,89.634230134
494.195040352,-263.527123878,89.634230134
494.198119483,-263.044801844,89.634230134
494.201143631,-262.571092705,89.634230134
494.206971987,-261.658125999,89.634230134
494.210106103,-261.167191073,89.634230134
494.213295204,-260.667643253,89.634230134
494.216539289,-260.159482539,89.634230134
494.219618421,-259.677160504,89.634230134
494.222752537,-259.186225579,89.634230134
494.225831669,-258.703903545,89.634230134
494.228910801,-258.221581512,89.634230134
494.232099901,-257.722033691,89.634230134
494.235343986,-257.213872979,89.634230134
494.238478103,-256.722938051,89.634230134
494.241667203,-256.223390231,89.634230134
494.244856304,-255.723842412,89.634230134
494.248100389,-255.215681698,89.634230134
494.251344475,-254.707520984,89.634230134
494.254808498,-254.164908697,89.634230134
494.261021746,-253.191651736,89.634230134
494.264320815,-252.674878129,89.634230134
494.267564901,-252.166717417,89.634230134
494.270754001,-251.667169595,89.634230134
494.273998087,-251.159008881,89.634230134
494.277242172,-250.650848169,89.634230134
494.283620373,-249.651752528,89.634230134
494.286919443,-249.134978921,89.634230134
494.290163528,-248.626818208,89.634230134
494.293462598,-248.1100446,89.634230134
494.296706683,-247.601883887,89.634230134
494.302480055,-246.697530075,89.634230134
494.306273985,-246.103240427,89.634230134
494.30951807,-245.595079713,89.634230134
494.312762155,-245.086918999,89.634230134
494.316006241,-244.578758285,89.634230134
494.319250326,-244.070597573,89.634230134
494.322439427,-243.571049753,89.634230134
494.325628527,-243.071501931,89.634230134
494.328817628,-242.571954111,89.634230134
494.332061713,-242.063793398,89.634230134
494.335250814,-241.564245578,89.634230134
494.338494899,-241.056084864,89.634230134
494.341738984,-240.547924151,89.634230134
494.34498307,-240.039763438,89.634230134
494.351251302,-239.057893584,89.634230134
494.354385418,-238.566958656,89.634230134
494.357574519,-238.067410836,89.634230134
494.360818604,-237.559250123,89.634230134
494.363897736,-237.07692809,89.634230134
494.368791356,-236.310380574,89.634230134
494.371925472,-235.819445646,89.634230134
494.375169557,-235.311284933,89.634230134
494.378358658,-234.811737113,89.634230134
494.387706022,-233.347545227,89.634230134
494.390840138,-232.8566103,89.634230134
494.394084224,-232.348449586,89.634230134
494.397273324,-231.848901765,89.634230134
494.400407441,-231.357966838,89.634230134
494.403596541,-230.858419018,89.634230134
494.406840626,-230.350258306,89.634230134
494.410029727,-229.850710485,89.634230134
494.413053874,-229.377001345,89.634230134
494.41679282,-228.791324591,89.634230134
494.42009189,-228.274550984,89.634230134
494.423226006,-227.783616057,89.634230134
494.426360122,-227.292681129,89.634230134
494.429494238,-226.801746203,89.634230134
494.435652502,-225.837102137,89.634230134
494.438841603,-225.337554317,89.634230134
494.441975719,-224.84661939,89.634230134
494.445109835,-224.355684463,89.634230134
494.448243951,-223.864749536,89.634230134
494.451433052,-223.365201717,89.634230134
494.454622153,-222.865653897,89.634230134
494.457976207,-222.340267395,89.634230134
494.461220292,-221.832106681,89.634230134
494.464519362,-221.315333076,89.634230134
494.467873416,-220.789946575,89.634230134
494.471062517,-220.290398754,89.634230134
494.474361586,-219.773625147,89.634230134
494.477660656,-219.256851541,89.634230134
494.480904741,-218.748690827,89.634230134
494.484148826,-218.240530114,89.634230134
494.48761285,-217.697917825,89.634230134
494.49080195,-217.198370005,89.634230134
494.494156005,-216.672983505,89.634230134
494.49740009,-216.164822791,89.634230134
494.500754144,-215.639436291,89.634230134
494.504163183,-215.105436896,89.634230134
494.507517237,-214.580050396,89.634230134
494.510706338,-214.080502576,89.634230134
494.513950423,-213.572341863,89.634230134
494.517304477,-213.046955361,89.634230134
494.520603547,-212.530181755,89.634230134
494.523902616,-212.013408148,89.634230134
494.527146702,-211.505247434,89.634230134
494.530610725,-210.962635148,89.634230134
494.533909794,-210.445861541,89.634230134
494.537263849,-209.920475039,89.634230134
494.540562918,-209.403701433,89.634230134
494.543916973,-208.878314931,89.634230134
494.547106073,-208.378767112,89.634230134
494.550570096,-207.836154824,89.634230134
494.553924151,-207.310768324,89.634230134
494.557333189,-206.776768931,89.634230134
494.560632259,-206.259995323,89.634230134
494.563876344,-205.751834609,89.634230134
494.567120429,-205.243673896,89.634230134
494.570474484,-204.718287394,89.634230134
494.573828538,-204.192900894,89.634230134
494.577072623,-203.684740181,89.634230134
494.580261724,-203.185192361,89.634230134
494.583505809,-202.677031648,89.634230134
494.586804879,-202.16025804,89.634230134
494.590048964,-201.652097328,89.634230134
494.593238065,-201.152549507,89.634230134
494.596592119,-200.627163005,89.634230134
494.599946173,-200.101776505,89.634230134
494.603080289,-199.610841578,89.634230134
494.606324374,-199.102680864,89.634230134
494.60956846,-198.594520151,89.634230134
494.61275756,-198.094972331,89.634230134
494.616001646,-197.586811617,89.634230134
494.619300715,-197.07003801,89.634230134
494.622434831,-196.579103085,89.634230134
494.625623932,-196.079555263,89.634230134
494.628813033,-195.580007445,89.634230134
494.631947149,-195.089072518,89.634230134
494.63513625,-194.589524698,89.634230134
494.638380335,-194.081363983,89.634230134
494.641569436,-193.581816163,89.634230134
494.644593583,-193.108107023,89.634230134
494.647782684,-192.608559202,89.634230134
494.651026769,-192.10039849,89.634230134
494.640609326,-191.187472615,90.6537766336
494.634636184,-190.653495747,90.6408920836
494.626932674,-190.102313165,90.8007325336
494.614262121,-189.516761547,91.2396104834
494.593799013,-188.931430442,92.002238433
494.564331685,-188.363732151,92.9713663826
494.524475313,-187.770768367,93.8453818322
494.47688986,-187.187015965,94.6602472818
494.419524228,-186.595489327,95.5391627314
494.349394167,-185.970658623,96.403990681
494.272338497,-185.364004858,97.2388061306
494.186019492,-184.758599706,98.1145715802
494.090571702,-184.154566522,98.9794870298
493.992464792,-183.585891477,99.7882274794
493.887909548,-183.027126884,100.598542929
493.768396731,-182.436175974,101.433183379
493.640363964,-181.847012247,102.260473829
493.50220778,-181.251294833,103.056964277
493.352809067,-180.640548028,103.745567227
493.197327522,-180.031321368,104.316920177
493.037723448,-179.432070704,104.913910627
492.868959297,-178.826389026,105.569701077
492.696048861,-178.230841547,106.190054027
492.512119377,-177.620590149,106.772781977
492.324019727,-177.020631687,107.407309925
492.135920077,-176.420673226,107.407309925
491.950397134,-175.828933372,107.407309925
491.74843394,-175.251718302,109.284556275
491.538947118,-174.668031668,109.743209225
491.341098453,-174.116772067,109.743209225
491.143249788,-173.565512468,109.743209225
490.948310661,-173.022359626,109.743209225
490.759190614,-172.495420305,109.743209225
490.564251488,-171.952267463,109.743209225
490.369312362,-171.409114622,109.743209225
490.180192315,-170.882175299,109.743209225
489.991072267,-170.355235976,109.743209225
489.79904268,-169.820189892,109.743209225
489.621560789,-169.325677605,109.743209225
489.446988437,-168.839272075,109.743209225
489.263687468,-168.328546271,109.743209225
489.089115117,-167.842140742,109.743209225
488.917452304,-167.363841969,109.743209225
488.748699031,-166.893649959,109.743209225
488.574126679,-166.40724443,109.743209225
488.393735249,-165.904625382,109.743209225
488.213343819,-165.402006335,109.743209225
488.044590546,-164.931814325,109.743209225
487.872927733,-164.453515554,109.743209225
487.698355382,-163.967110025,109.743209225
487.526692569,-163.488811254,109.743209225
487.355029757,-163.010512484,109.743209225
487.180457405,-162.524106954,109.743209225
487.002975514,-162.029594666,109.743209225
486.83713178,-161.567509414,109.743209225
486.662559429,-161.081103885,109.743209225
486.490896616,-160.602805114,109.743209225
486.325052882,-160.140719862,109.743209225
486.153390069,-159.662421091,109.743209225
485.97299864,-159.159802045,109.743209225
485.804245366,-158.689610032,109.743209225
485.638401632,-158.227524779,109.743209225
485.469648358,-157.757332767,109.743209225
485.297985546,-157.279033998,109.743209225
485.120503656,-156.78452171,109.743209225
484.951750382,-156.314329698,109.743209225
484.777178031,-155.82792417,109.743209225
484.608424757,-155.357732158,109.743209225
484.442581023,-154.895646905,109.743209225
484.268008672,-154.409241376,109.743209225
484.083398454,-153.889837245,109.566583125
483.913258626,-153.410994606,109.560873575
483.728414829,-152.891673554,109.592351525
483.531539952,-152.340065429,109.642029475
483.33250774,-151.789232042,109.866269925
483.12847965,-151.24022951,110.386785375
482.920625148,-150.701886892,111.111613325
482.702176551,-150.158461228,111.899353773
482.476433438,-149.618025028,112.670556723
482.243753504,-149.080538944,113.407984673
482.007903588,-148.553859642,114.123100123
481.758037042,-148.014636784,114.862190573
481.505489193,-147.486194901,115.543618523
481.247307768,-146.960482438,116.156008971
480.983392099,-146.437625133,116.782661921
480.717449305,-145.925481892,117.441689871
480.43294129,-145.393916769,118.156892821
480.13751993,-144.858479949,118.887233271
479.843963222,-144.341741101,119.600686221
479.548219556,-143.836204826,120.328051671
479.246141153,-143.334428105,121.048679619
478.933514209,-142.82899861,121.738332569
478.628342417,-142.349394764,122.468585519
478.29775113,-141.845196697,123.251950969
477.69096086,-140.945437871,123.995416419
477.362441089,-140.471000277,124.700294369
477.018057786,-139.986650486,125.413659817
476.663117342,-139.499286587,126.065337767
476.292681339,-139.001941651,126.679740717
475.905793359,-138.495429545,127.373593667
475.517837904,-138.000634435,128.099034117
475.1139408,-137.496494067,128.700312067
474.710502196,-137.0030631,129.270090015
474.301420833,-136.51430011,129.928417965
473.886669408,-136.030339285,130.596370915
473.471818197,-135.557866948,131.284536365
473.051139577,-135.090575678,131.995101815
472.631078163,-134.634370432,132.638029765
472.206324869,-134.182530353,133.230120215
471.770552606,-133.729281892,133.873835663
471.341405394,-133.293622577,134.568563613
470.906958066,-132.863248452,135.269854063
470.473664286,-132.444007723,135.944369513
470.035709948,-132.029637976,136.585022463
469.593231103,-131.620103165,137.214300413
469.133558802,-131.203838594,137.837015863
468.663038965,-130.786774192,138.446518811
468.181711099,-130.36897004,139.041234261
467.741889773,-129.995374706,139.654587211
467.28486996,-129.615470153,140.264440161
466.823855909,-129.240422653,140.870705611
466.359075662,-128.870052702,141.449671061
465.884176283,-128.498600324,141.968524011
465.419397496,-128.142213008,142.519401959
464.950978964,-127.790623303,143.108517409
464.485933954,-127.448937178,143.693870359
464.010451195,-127.106961468,144.275635809
463.531224308,-126.770252643,144.907801259
463.019921084,-126.419334093,145.537341709
462.512399924,-126.078176298,146.090844659
462.015949894,-125.751477742,146.652310109
461.487213874,-125.411228043,147.238100557
460.969717749,-125.085399672,147.804466007
460.441906652,-124.759838213,148.333118957
459.896474178,-124.430080364,148.843659407
459.362897995,-124.114056198,149.362774857
458.82611494,-123.803510279,149.949265307
458.28595361,-123.498878446,150.578543257
457.727748715,-123.191235603,151.139571205
457.159506278,-122.884004555,151.601286655
456.611785434,-122.593183834,152.033252105
456.054122357,-122.30276426,152.490417555
455.4659024,-121.996431285,152.490417555
454.885321663,-121.694076661,152.490417555
454.320019367,-121.399678737,152.490417555
453.746737272,-121.121138854,154.086329355
453.196696346,-120.85389113,154.086329355
452.654402474,-120.590407458,154.086329355
452.112108602,-120.326923786,154.086329355
451.569814731,-120.063440114,154.086329355
451.050762024,-119.811248599,154.086329355
450.523962265,-119.555293033,154.086329355
450.012656613,-119.30686557,154.086329355
449.509098018,-119.062202161,154.086329355
449.013286479,-118.821302804,154.086329355
448.509727882,-118.576639393,154.086329355
448.029410454,-118.343268142,154.086329355
447.549093025,-118.109896889,154.086329355
447.084269705,-117.884053741,154.086329355
446.611699333,-117.654446542,154.086329355
446.139128958,-117.424839342,154.086329355
445.674305639,-117.198996195,154.086329355
445.209482321,-116.973153048,154.086329355
444.752406057,-116.751073952,154.086329355
444.295329793,-116.528994857,154.086329355
443.838253529,-116.306915762,154.086329355
443.381177267,-116.084836667,154.086329355
442.931848059,-115.866521625,154.086329355
442.474771796,-115.64444253,154.086329355
442.009948477,-115.418599382,154.086329355
441.568366324,-115.204048392,154.086329355
441.126784171,-114.989497402,154.086329355
440.677454963,-114.77118236,154.086329355
440.220378701,-114.549103265,154.086329355
439.771049493,-114.330788222,154.086329355
439.32946734,-114.116237232,154.086329355
438.880138132,-113.89792219,154.086329355
438.438555978,-113.683371199,154.086329355
437.996973825,-113.468820209,154.086329355
437.547644618,-113.250505167,154.086329355
437.090568354,-113.028426072,154.086329355
436.641239146,-112.810111029,154.086329355
436.191909938,-112.591795987,154.086329355
435.734833675,-112.369716892,154.086329355
435.285504467,-112.15140185,154.086329355
434.836175259,-111.933086807,154.086329355
434.379098995,-111.711007712,154.086329355
433.945263898,-111.500220774,154.086329355
433.488187634,-111.278141679,154.086329355
432.966533132,-111.03137691,154.683859155
432.476197815,-110.798973444,154.640524605
431.97792384,-110.563209519,154.678302555
431.448277382,-110.31319778,154.731043005
430.902910595,-110.056134834,154.762783455
430.380378443,-109.811233998,154.888411405
429.856189723,-109.569899258,155.278814355
429.337067155,-109.338249885,155.952017303
428.806782833,-109.110621218,156.768195253
428.265233042,-108.887562785,157.613773203
427.704573908,-108.665825048,158.421463653
427.148993058,-108.454816759,159.203341603
426.582360358,-108.248822402,160.021707051
426.004608414,-108.048400199,160.868335001
425.43230726,-107.858722379,161.663250451
424.849382059,-107.673885753,162.406978401
424.280643398,-107.501459202,163.134081351
423.701490594,-107.333863501,163.860571801
423.12852528,-107.176049282,164.600624749
422.520363747,-107.016452337,165.295702699
421.918658138,-106.866368433,165.994455649
421.323521932,-106.725729668,166.704146099
420.735214721,-106.593817141,167.361949049
420.128611005,-106.464949966,168.006364499
419.529023307,-106.34469623,168.659179947
418.946325406,-106.227829923,168.659179947
418.380517297,-106.114351045,168.659179947
417.794243759,-106.016996436,170.571688797
417.23235274,-105.930809688,171.279541747
416.704515724,-105.849846379,171.279541747
416.168165206,-105.767577211,171.279541747
415.623301189,-105.684002183,171.279541747
415.078437171,-105.600427154,171.279541747
414.533573152,-105.516852126,171.279541747
414.014249635,-105.437194677,171.279541747
413.494926118,-105.357537228,171.279541747
412.984116102,-105.27918564,171.279541747
412.464792585,-105.199528191,171.279541747
411.945469067,-105.119870742,171.279541747
411.400605049,-105.036295714,171.279541747
410.898308534,-104.959249985,171.279541747
410.387498516,-104.880898396,171.279541747
409.868174999,-104.801240947,171.279541747
409.374391982,-104.725501077,171.279541747
408.872095465,-104.648455348,171.279541747
408.369798948,-104.571409619,171.279541747
407.876015933,-104.49566975,171.279541747
407.382232918,-104.419929881,171.279541747
406.888449902,-104.344190011,171.279541747
406.369126383,-104.264532562,171.279541747
405.866829866,-104.187486833,171.279541747
405.36453335,-104.110441104,171.279541747
404.862236835,-104.033395375,171.279541747
404.351426817,-103.955043786,171.279541747
403.823589799,-103.874080477,171.279541747
403.338320283,-103.799646468,171.279541747
402.836023766,-103.722600738,171.279541747
402.32521375,-103.644249149,171.279541747
401.831430733,-103.56850928,171.279541747
401.329134218,-103.491463551,171.279541747
400.8183242,-103.413111962,171.279541747
400.324541183,-103.337372092,171.279541747
399.839271667,-103.262938083,171.279541747
399.345488651,-103.187198214,171.279541747
398.834678635,-103.108846625,171.279541747
398.340895618,-103.033106755,171.279541747
397.838599103,-102.956061026,171.279541747
397.336302585,-102.879015297,171.279541747
396.83400607,-102.801969568,171.279541747
396.323196052,-102.723617979,171.279541747
395.829413035,-102.647878109,171.279541747
395.35265702,-102.57474996,171.279541747
394.875901005,-102.50162181,171.279541747
394.382117988,-102.425881941,171.279541747
393.913875474,-102.354059651,171.279541747
393.445632956,-102.282237361,171.279541747
392.951849941,-102.206497492,171.279541747
392.475093924,-102.133369342,171.279541747
392.00685141,-102.061547052,171.279541747
391.538608894,-101.989724762,171.279541747
391.044825877,-101.913984893,171.279541747
390.551042861,-101.838245023,171.279541747
390.057259844,-101.762505154,171.279541747
389.580503829,-101.689377004,171.279541747
389.112261315,-101.617554715,171.279541747
388.635505298,-101.544426565,171.279541747
387.588344763,-101.383805807,171.279541747
387.103075247,-101.309371798,171.279541747
386.626319232,-101.236243648,171.279541747
386.149563217,-101.163115498,171.279541747
385.6557802,-101.087375629,171.279541747
385.153483685,-101.0103299,171.279541747
384.182944652,-100.861461881,171.279541747
383.697675136,-100.787027871,171.279541747
383.22091912,-100.713899722,171.279541747
382.727136104,-100.638159852,171.279541747
382.250380089,-100.565031703,171.279541747
381.765110573,-100.490597693,171.279541747
381.279841055,-100.416163683,171.279541747
380.79457154,-100.341729674,171.279541747
380.309302024,-100.267295664,171.279541747
379.832546009,-100.194167515,171.279541747
379.338762992,-100.118427645,171.279541747
378.862006977,-100.045299496,171.279541747
378.36822396,-99.9695596263,171.279541747
377.874440944,-99.8938197569,171.279541747
377.389171428,-99.8193857474,171.279541747
376.895388411,-99.743645878,171.279541747
376.401605395,-99.6679060086,171.279541747
375.916335879,-99.5934719991,171.279541747
375.277823359,-99.4955325131,171.279541747
374.809580843,-99.4237102231,171.279541747
374.315797825,-99.3479703534,171.279541747
373.830528311,-99.2735363442,171.279541747
373.362285794,-99.2017140542,171.279541747
372.877016279,-99.1272800447,171.279541747
372.400260263,-99.054151895,171.279541747
371.906477247,-98.9784120256,171.279541747
371.40418073,-98.9013662964,171.279541747
370.927424714,-98.8282381467,171.279541747
370.433641698,-98.7524982774,171.279541747
369.437562166,-98.599712679,171.279541747
368.943779149,-98.5239728096,171.279541747
368.458509633,-98.4495388001,171.279541747
367.981753617,-98.3764106502,171.279541747
367.522024601,-98.30589422,171.279541747
367.028241585,-98.2301543507,171.279541747
366.525945069,-98.1531086216,171.279541747
366.057702555,-98.0812863319,171.279541747
365.580946538,-98.008158182,171.279541747
365.087163521,-97.9324183126,171.279541747
364.601894005,-97.8579843031,171.279541747
364.142164992,-97.7874678732,171.279541747
363.656895474,-97.7130338635,171.279541747
363.163112457,-97.6372939941,171.279541747
362.694869943,-97.5654717043,171.279541747
362.201086926,-97.489731835,171.279541747
361.715817411,-97.4152978254,171.279541747
361.264601896,-97.3460872552,171.279541747
360.787845879,-97.2729591053,171.279541747
359.909697689,-97.1469275182,171.832697147
359.338502309,-97.0647562908,171.813687597
358.741511852,-96.9804432844,171.961278047
358.143943377,-96.9003295726,172.364105997
357.554138471,-96.8273586868,172.947183947
356.98907846,-96.765255091,173.728011895
356.440246081,-96.7138293771,174.647002345
355.88208134,-96.6704293312,175.553917795
355.314736531,-96.6347987271,176.406408245
354.72117041,-96.6052379479,177.148911195
354.135901092,-96.583077957,177.831651643
353.550408228,-96.5679337201,178.518329593
352.982001498,-96.559967429,179.197045043
352.404926855,-96.5589047016,179.894485493
351.82788247,-96.5649086965,180.596125943
351.250950495,-96.5777837976,181.278428893
350.665617913,-96.5982045703,181.998094341
350.089232107,-96.6264122852,182.801759791
349.478927751,-96.665077008,183.625025241
348.843471065,-96.7143885104,184.437265691
348.217389462,-96.7722975881,185.284506141
347.583646267,-96.8401679405,186.112759091
346.95089688,-96.916751491,186.901112039
346.336316127,-96.99960868,187.678264989
345.671678548,-97.0975789097,188.385242939
345.067814276,-97.1940895796,189.080320889
344.456751485,-97.299811296,189.815736339
343.86399783,-97.4100355818,190.534001787
343.298028256,-97.5227064014,191.259004737
342.733630866,-97.6430054388,192.032307687
342.170993173,-97.7712828591,192.843498137
341.601876486,-97.9096209819,193.662213587
341.034676451,-98.0556187975,194.434641537
340.452662877,-98.2129925205,195.130681985
339.889171266,-98.3727061528,195.824622435
339.319650997,-98.5425332535,196.604225385
338.736261115,-98.7258979519,197.448403335
338.155842493,-98.918461166,198.354093785
337.570523566,-99.123343008,199.291809233
337.012859053,-99.3287812521,200.223312183
336.482700609,-99.5339194859,201.153327633
335.971797115,-99.7408958193,202.053768083
335.432500807,-99.9693487333,202.958146033
334.897138002,-100.206873277,203.925436481
334.366099852,-100.453915219,204.948114431
333.839372355,-100.710019466,205.929842381
333.340032384,-100.96318154,206.884707831
332.830119579,-101.233376292,207.918410781
332.310138822,-101.521151537,208.961651229
331.787877265,-101.822397542,209.976804179
331.25815483,-102.12794706,209.976804179
330.743354152,-102.424889551,209.976804179
330.221092595,-102.726135556,209.976804179
329.731849582,-103.048117719,213.349840977
329.242606567,-103.370099884,213.349840977
328.753363552,-103.692082048,213.349840977
328.26412054,-104.014064211,213.349840977
327.774877525,-104.336046376,213.349840977
327.292829262,-104.653293507,213.349840977
326.817975749,-104.965805608,213.349840977
326.357511735,-105.268847645,213.349840977
325.897047721,-105.571889682,213.349840977
325.422194208,-105.884401782,213.349840977
324.947340695,-106.196913882,213.349840977
324.494071431,-106.495220887,213.349840977
324.040802169,-106.793527892,213.349840977
323.594727656,-107.087099865,213.349840977
323.148653143,-107.380671838,213.349840977
322.695383881,-107.678978842,213.349840977
322.242114618,-107.977285848,213.349840977
321.810429606,-108.261387757,213.349840977
321.393134094,-108.536019603,213.349840977
320.93986483,-108.834326608,213.349840977
320.500985068,-109.123163549,213.349840977
320.062105304,-109.412000491,213.349840977
319.616030792,-109.705572463,213.349840977
319.16995628,-109.999144436,213.349840977
318.738271268,-110.283246346,213.349840977
318.299391505,-110.572083287,213.349840977
317.853316991,-110.865655261,213.349840977
317.407242479,-111.159227233,213.349840977
316.953973216,-111.457534238,213.349840977
316.493509203,-111.760576275,213.349840977
316.061824192,-112.044678184,213.349840977
315.622944428,-112.333515126,213.349840977
315.198454165,-112.612882004,213.349840977
314.788353403,-112.882778817,213.349840977
314.371057893,-113.157410662,213.349840977
313.932178129,-113.446247604,213.349840977
313.507687868,-113.725614482,213.349840977
313.083197606,-114.004981359,213.349840977
312.673096845,-114.274878172,213.349840977
312.262996082,-114.544774987,213.349840977
311.831311069,-114.828876897,213.349840977
311.406820807,-115.108243774,213.349840977
310.989525296,-115.382875619,213.349840977
310.579424534,-115.652772434,213.349840977
310.162129021,-115.92740428,213.349840977
309.73044401,-116.211506189,213.349840977
309.313148497,-116.486138035,213.349840977
308.903047736,-116.756034849,213.349840977
308.492946974,-117.025931663,213.349840977
308.082846213,-117.295828476,213.349840977
307.6799402,-117.560990259,213.349840977
307.262644689,-117.835622104,213.349840977
306.852543928,-118.105518918,213.349840977
306.449637917,-118.3706807,213.349840977
306.046731904,-118.635842482,213.349840977
305.622241643,-118.91520936,213.349840977
305.219335631,-119.180371142,213.349840977
304.81642962,-119.445532924,213.349840977
304.413523608,-119.710694706,213.349840977
304.010617596,-119.975856489,213.349840977
303.607711584,-120.241018271,213.349840977
303.204805573,-120.506180053,213.349840977
302.794704811,-120.776076867,213.349840977
302.377409299,-121.050708713,213.349840977
301.960113787,-121.325340559,213.349840977
301.542818276,-121.599972404,213.349840977
301.115123178,-121.874407712,212.686710677
300.571768056,-122.22377227,212.740063627
300.108436638,-122.522411819,212.803741577
299.624249596,-122.836385036,212.961569527
299.14981667,-123.149535272,213.426872477
298.665316971,-123.47861168,214.184687927
298.178584015,-123.819618437,215.015215877
297.696685137,-124.167423054,215.819406327
297.226166737,-124.51619759,216.547909277
296.773678265,-124.860296202,217.251474725
296.30550974,-125.226373805,218.023115175
295.84922741,-125.593576305,218.826080625
295.391469723,-125.972591449,219.624146075
294.932330474,-126.363356647,220.400511525
294.484778657,-126.754370651,221.142839475
294.04865061,-127.145297199,221.871692423
293.604876824,-127.553428447,222.604220373
293.166571403,-127.967426814,223.366410823
292.73397863,-128.387390836,224.151351273
292.319247615,-128.800947875,224.918791723
291.904072092,-129.226181771,225.685707171
291.494697142,-129.657002766,226.462160121
291.073353519,-130.112024048,227.200725571
290.253367785,-131.019486923,227.898953521
289.854754447,-131.471829378,228.612843971
289.467521317,-131.922656486,229.339421921
289.091686365,-132.371855027,230.081487369
288.721994628,-132.826122857,230.860652819
288.34757052,-133.298682773,231.609105769
287.98367435,-133.768548881,232.243371219
287.629612571,-134.23510166,232.805536669
287.275066638,-134.712062624,233.374964619
286.930127246,-135.185399774,233.917705069
286.584751428,-135.669042332,234.468845517
286.229721759,-136.177499559,235.075373467
285.894705651,-136.66837509,235.686976417
285.555275989,-137.177053644,236.285716867
285.221074076,-137.689181996,236.872557317
284.887150019,-138.211742557,237.420810267
284.549556602,-138.752360267,238.016925717
284.213719191,-139.304178733,238.675253667
283.879211674,-139.866848291,239.268481615
283.553936808,-140.424958177,239.765722065
283.237781482,-140.978386249,240.262087515
282.92723451,-141.534980718,240.841052965
282.623028745,-142.095066136,241.491768415
282.333637148,-142.643543412,242.182646365
282.046538443,-143.202923397,242.831086815
281.746024207,-143.803783175,243.428514763
281.463372374,-144.384643161,244.052017713
281.191361917,-144.961051986,244.737120663
280.930066394,-145.532940338,245.444361113
280.67565134,-146.10792261,246.131826563
280.427710339,-146.68572612,246.775367013
280.185941352,-147.266139242,247.386007463
279.956841384,-147.833130929,247.998222911
279.721481129,-148.434708797,248.632663361
279.486724748,-149.054976522,249.269553811
279.258821403,-149.677794856,249.901281761
279.046833192,-150.278875401,250.573347211
278.841964311,-150.88241957,251.250575161
278.644102733,-151.488297134,251.914503109
278.453277814,-152.096427606,252.578693559
278.267345555,-152.715070945,253.271934009
278.098607876,-153.302858289,253.982674459
277.943015679,-153.867501812,254.594014909
277.792151484,-154.433426928,255.073230359
277.643389205,-155.008808857,255.503883309
277.498463755,-155.585169155,255.885623759
277.355487167,-156.170885796,256.282064207
277.215410104,-156.766154462,256.758217157
277.0861801,-157.337408212,257.253007607
276.960300584,-157.918225676,257.771510557
276.828948046,-158.524296075,257.771510557
276.693946827,-159.147201762,257.771510557
276.578965292,-159.765352942,259.462906907
276.472393234,-160.376268005,260.104522357
276.372925939,-160.979652312,260.639037805
276.27485959,-161.574538252,260.639037805
276.17819419,-162.16092582,260.639037805
276.082929738,-162.738815017,260.639037805
275.987665286,-163.316704216,260.639037805
275.892400834,-163.894593413,260.639037805
275.801339225,-164.446987499,260.639037805
275.708876668,-165.007879957,260.639037805
275.617815059,-165.560274043,260.639037805
275.528154398,-166.104169758,260.639037805
275.43709279,-166.656563843,260.639037805
275.348833077,-167.191961187,260.639037805
275.263375259,-167.710361792,260.639037805
275.176516494,-168.237260767,260.639037805
275.089657728,-168.76415974,260.639037805
275.004199911,-169.282560345,260.639037805
274.915940198,-169.817957689,260.639037805
274.827680485,-170.353355035,260.639037805
274.740821719,-170.880254009,260.639037805
274.655363902,-171.398654613,260.639037805
274.568505136,-171.925553587,260.639037805
274.483047319,-172.443954189,260.639037805
274.396188554,-172.970853166,260.639037805
274.310730736,-173.489253768,260.639037805
274.226673867,-173.999156002,260.639037805
274.141216049,-174.517556605,260.639037805
274.054357284,-175.04445558,260.639037805
273.970300414,-175.554357813,260.639037805
273.887644492,-176.055761676,260.639037805
273.806389518,-176.548667168,260.639037805
273.722332649,-177.058569401,260.639037805
273.636874831,-177.576970006,260.639037805
273.551417014,-178.09537061,260.639037805
273.468761092,-178.596774472,260.639037805
273.38610517,-179.098178333,260.639037805
273.304850196,-179.591083826,260.639037805
273.222194274,-180.092487689,260.639037805
273.138137404,-180.602389923,260.639037805
273.058283378,-181.086797045,260.639037805
272.978429352,-181.571204166,260.639037805
272.898575326,-182.055611288,260.639037805
272.817320352,-182.54851678,260.639037805
272.73466443,-183.049920642,260.639037805
272.649206613,-183.568321245,260.639037805
272.567951639,-184.061226738,260.639037805
272.488097613,-184.545633859,260.639037805
272.406842639,-185.038539352,260.639037805
272.324186717,-185.539943215,260.639037805
272.244332691,-186.024350336,260.639037805
272.163077717,-186.517255827,260.639037805
272.083223691,-187.001662949,260.639037805
272.003369664,-187.486070072,260.639037805
271.92211469,-187.978975562,260.639037805
271.838057821,-188.488877797,260.639037805
271.755401899,-188.99028166,260.639037805
271.674146925,-189.483187152,260.639037805
271.592891951,-189.976092643,260.639037805
271.507434133,-190.494493247,260.639037805
271.424778212,-190.99589711,260.639037805
271.343523237,-191.488802603,260.639037805
271.260867316,-191.990206466,260.639037805
271.178211394,-192.491610328,260.639037805
271.095555472,-192.993014191,260.639037805
271.014300498,-193.485919682,260.639037805
270.931644576,-193.987323545,260.639037805
270.85179055,-194.471730666,260.639037805
270.769134628,-194.97313453,260.639037805
270.683676811,-195.491535133,260.639037805
270.601020889,-195.992938997,260.639037805
270.518364967,-196.49434286,260.639037805
270.357255967,-197.471655472,260.639037805
270.271798149,-197.990056076,260.639037805
270.189142228,-198.491459938,260.639037805
270.022429436,-199.502766035,260.639037805
269.94257541,-199.987173157,260.639037805
269.862721384,-200.471580278,260.639037805
269.777263566,-200.989980883,260.639037805
269.696008592,-201.482886374,260.639037805
269.616154566,-201.967293496,260.639037805
269.534899592,-202.460198988,260.639037805
269.45224367,-202.96160285,260.639037805
269.368186801,-203.471505084,260.639037805
269.202874957,-204.474312809,260.639037805
269.11741714,-204.992713413,260.639037805
269.037563113,-205.477120534,260.639037805
268.954907192,-205.978524397,260.639037805
268.870850322,-206.488426632,260.639037805
268.789595348,-206.981332122,260.639037805
268.702736583,-207.508231097,260.639037805
268.618679713,-208.01813333,260.639037805
268.536023791,-208.519537193,260.639037805
268.457570713,-208.995445944,260.639037805
268.379117635,-209.471354694,260.639037805
268.293659817,-209.989755299,260.639037805
268.211003895,-210.491159163,260.639037805
268.128347973,-210.992563024,260.639037805
268.048493947,-211.476970146,260.639037805
267.967238973,-211.969875638,260.639037805
267.887384947,-212.45428276,260.639037805
267.806129973,-212.947188252,260.639037805
267.724874999,-213.440093744,260.639037805
267.645020973,-213.924500866,260.639037805
267.486713868,-214.884816738,260.639037805
267.40826079,-215.360725488,260.639037805
267.328406764,-215.84513261,260.639037805
267.249953686,-216.32104136,260.639037805
267.171500607,-216.796950114,260.639037805
267.091646581,-217.281357235,260.639037805
267.008990659,-217.782761097,260.639037805
266.927735685,-218.275666588,260.639037805
266.846480711,-218.768572082,260.639037805
266.765225737,-219.261477573,260.639037805
266.688173607,-219.728887954,260.639037805
266.606918633,-220.221793446,260.639037805
266.525663659,-220.714698938,260.639037805
266.443007737,-221.2161028,260.639037805
266.36315371,-221.700509923,260.639037805
266.283299684,-222.184917045,260.639037805
266.203445658,-222.669324166,260.639037805
266.120789736,-223.170728029,260.639037805
266.038133815,-223.672131891,260.639037805
265.956878841,-224.165037384,260.639037805
265.875623866,-224.657942876,260.639037805
265.715915814,-225.626757119,260.639037805
265.55760871,-226.587072991,260.639037805
265.480556579,-227.05448337,260.639037805
265.320848527,-228.023297615,260.639037805
265.239593553,-228.516203107,260.639037805
265.159739527,-229.000610229,260.639037805
264.998630527,-229.977922842,260.639037805
264.917375553,-230.470828333,260.639037805
264.833318683,-230.980730567,260.639037805
264.756266552,-231.448140949,260.639037805
264.672209683,-231.958043181,260.639037805
264.592355657,-232.442450303,260.639037805
264.51250163,-232.926857424,260.639037805
264.432647604,-233.411264546,260.639037805
264.35139263,-233.904170038,260.639037805
264.19028363,-234.881482652,260.639037805
264.109028656,-235.374388143,260.639037805
264.02917463,-235.858795266,260.639037805
263.949320603,-236.343202389,260.639037805
263.785409708,-237.337511741,260.639037805
263.704154734,-237.830417234,260.639037805
263.624300708,-238.314824355,260.639037805
263.545847629,-238.790733107,260.639037805
263.386139577,-239.75954735,260.639037805
263.309087446,-240.226957731,260.639037805
263.227832472,-240.719863224,260.639037805
263.15218129,-241.178775232,260.639037805
263.075129159,-241.646185613,260.639037805
262.993874185,-242.139091106,260.639037805
262.912619211,-242.631996598,260.639037805
262.832765185,-243.116403718,260.639037805
262.757114002,-243.57531573,260.639037805
262.677259976,-244.059722851,260.639037805
262.600207846,-244.527133231,260.639037805
262.524556663,-244.986045241,260.639037805
262.447504533,-245.45345562,260.639037805
262.367650507,-245.937862742,260.639037805
262.291999324,-246.396774754,260.639037805
262.214947193,-246.864185133,260.639037805
262.137895063,-247.331595513,260.639037805
262.06224388,-247.790507523,260.639037805
261.98519175,-248.257917904,260.639037805
261.909540567,-248.716829914,260.639037805
261.833889384,-249.175741923,260.639037805
261.759639149,-249.626155564,260.639037805
261.683987966,-250.085067574,260.639037805
261.605534888,-250.560976325,260.639037805
261.528482758,-251.028386704,260.639037805
261.452831575,-251.487298716,260.639037805
261.30152921,-252.405122735,260.639037805
261.225878027,-252.864034743,260.639037805
261.147424948,-253.339943497,260.639037805
261.066169975,-253.832848988,260.639037805
260.986315948,-254.317256109,260.639037805
260.910664766,-254.776168119,260.639037805
260.832211687,-255.25207687,260.639037805
260.672503635,-256.220891114,260.639037805
260.596852452,-256.679803123,260.639037805
260.518399374,-257.155711874,260.639037805
260.362894165,-258.099031007,260.639037805
260.284441087,-258.574939757,260.639037805
260.204587061,-259.059346879,260.639037805
260.07569986,-259.84119697,260.639037805
259.995845835,-260.32560409,260.639037805
259.91459086,-260.818509583,260.639037805
259.834736834,-261.302916704,260.639037805
259.752080912,-261.804320567,260.639037805
259.675028782,-262.271730947,260.639037805
259.593773808,-262.764636441,260.639037805
259.509716938,-263.274538672,260.639037805
259.428461964,-263.767444164,260.639037805
259.345806042,-264.268848028,260.639037805
259.265952016,-264.753255149,260.639037805
259.18609799,-265.237662271,260.639037805
259.106243964,-265.722069392,260.639037805
259.022187094,-266.231971626,260.639037805
258.942333068,-266.716378748,260.639037805
258.86387999,-267.1922875,260.639037805
258.785426911,-267.66819625,260.639037805
258.704171937,-268.161101743,260.639037805
258.624317911,-268.645508864,260.639037805
258.543062937,-269.138414357,260.639037805
258.463208911,-269.622821478,260.639037805
258.386156781,-270.090231858,260.639037805
258.306302754,-270.574638979,260.639037805
258.223646833,-271.076042842,260.639037805
258.140990911,-271.577446706,260.639037805
258.059735937,-272.070352198,260.639037805
257.979881911,-272.554759318,260.639037805
257.898626937,-273.04766481,260.639037805
257.814570067,-273.557567045,260.639037805
257.736116989,-274.033475795,260.639037805
257.65766391,-274.509384545,260.639037805
257.577809884,-274.993791667,260.639037805
257.497955858,-275.47819879,260.639037805
257.415299936,-275.979602652,260.639037805
257.334044962,-276.472508144,260.639037805
257.252789988,-276.965413636,260.639037805
257.17433691,-277.441322387,260.639037805
257.094482884,-277.925729508,260.639037805
257.014628857,-278.41013663,260.639037805
256.933373883,-278.903042122,260.639037805
256.776467727,-279.854859625,260.639037805
256.698014648,-280.330768375,260.639037805
256.618160622,-280.815175497,260.639037805
256.538306596,-281.29958262,260.639037805
256.459853518,-281.77549137,260.639037805
256.384202335,-282.234403379,260.639037805
256.305749257,-282.710312131,260.639037805
256.22589523,-283.194719252,260.639037805
256.1488431,-283.662129634,260.639037805
256.068989074,-284.146536755,260.639037805
255.991936943,-284.613947135,260.639037805
255.916285761,-285.072859143,260.639037805
255.83923363,-285.540269526,260.639037805
255.757978656,-286.033175018,260.639037805
255.657110412,-286.645057698,260.639037805
255.580058282,-287.112468077,260.639037805
255.500204256,-287.5968752,260.639037805
255.418949282,-288.089780691,260.639037805
255.340496203,-288.565689443,260.639037805
255.25924123,-289.058594934,260.639037805
255.177986256,-289.551500426,260.639037805
255.096731282,-290.044405919,260.639037805
255.019679151,-290.5118163,260.639037805
254.938424177,-291.004721792,260.639037805
254.858570151,-291.489128914,260.639037805
254.777315177,-291.982034406,260.639037805
254.696060203,-292.474939897,260.639037805
254.614805229,-292.967845389,260.639037805
254.532149307,-293.469249252,260.639037805
254.450894333,-293.962154745,260.639037805
254.368238411,-294.463558607,260.639037805
254.260365429,-295.117933139,260.639037805
254.177709507,-295.619337002,260.639037805
254.016600506,-296.596649616,260.639037805
253.933944585,-297.098053478,260.639037805
253.849887715,-297.607955712,260.639037805
253.772835584,-298.075366093,260.639037805
253.692981558,-298.559773215,260.639037805
253.533273506,-299.528587456,260.639037805
253.452018532,-300.021492948,260.639037805
253.36936261,-300.522896812,260.639037805
253.288107636,-301.015802304,260.639037805
253.206852662,-301.508707796,260.639037805
253.126998636,-301.993114918,260.639037805
253.041540818,-302.511515523,260.639037805
252.960285845,-303.004421014,260.639037805
252.87903087,-303.497326506,260.639037805
252.775360731,-304.126205927,260.639037805
252.692704809,-304.627609791,260.639037805
252.610048888,-305.129013652,260.639037805
252.446137992,-306.123323006,260.639037805
252.366283966,-306.607730129,260.639037805
252.28642994,-307.092137249,260.639037805
252.203774018,-307.593541113,260.639037805
252.1183162,-308.111941718,260.639037805
252.035660279,-308.613345578,260.639037805
251.910975922,-309.369700558,260.639037805
251.82832,-309.871104422,260.639037805
251.745664078,-310.372508285,260.639037805
251.664409104,-310.865413778,260.639037805
251.581753182,-311.366817638,260.639037805
251.503300104,-311.842726391,260.639037805
251.42204513,-312.335631884,260.639037805
251.340790156,-312.828537374,260.639037805
251.258134234,-313.329941236,260.639037805
251.174077364,-313.83984347,260.639037805
251.091421443,-314.341247332,260.639037805
251.014369312,-314.808657713,260.639037805
250.934515286,-315.293064835,260.639037805
250.85466126,-315.777471956,260.639037805
250.773406286,-316.270377449,260.639037805
250.685146573,-316.805774794,260.639037805
250.531042312,-317.740595555,260.639037805
250.451188285,-318.225002676,260.639037805
250.288678338,-319.210813659,260.639037805
250.207423364,-319.703719152,260.639037805
250.124767442,-320.205123015,260.639037805
250.044913415,-320.689530137,260.639037805
249.960856546,-321.199432371,260.639037805
249.876799676,-321.709334604,260.639037805
249.795544702,-322.202240096,260.639037805
249.715690676,-322.686647217,260.639037805
249.631633806,-323.19654945,260.639037805
249.548977884,-323.697953313,260.639037805
249.39067078,-324.658269185,260.639037805
249.309415806,-325.151174678,260.639037805
249.226759884,-325.652578539,260.639037805
249.14550491,-326.145484033,260.639037805
249.064249936,-326.638389524,260.639037805
248.982994962,-327.131295017,260.639037805
248.903140936,-327.615702138,260.639037805
248.821885962,-328.10860763,260.639037805
248.73923004,-328.610011494,260.639037805
248.617347579,-329.349369732,260.639037805
248.456238579,-330.326682346,260.639037805
248.377785501,-330.802591097,260.639037805
248.293728631,-331.312493329,260.639037805
248.209671761,-331.822395564,260.639037805
247.937887883,-333.47107945,260.639037805
247.855231961,-333.972483313,260.639037805
247.772576039,-334.473887177,260.639037805
247.689920117,-334.975291038,260.639037805
247.605863248,-335.485193271,260.639037805
247.523207326,-335.986597134,260.639037805
247.441952352,-336.479502627,260.639037805
247.357895482,-336.989404859,260.639037805
247.278041456,-337.473811981,260.639037805
247.196786482,-337.966717473,260.639037805
247.111328665,-338.485118077,260.639037805
247.027271795,-338.995020311,260.639037805
246.943214925,-339.504922544,260.639037805
246.861959951,-339.997828036,260.639037805
246.779304029,-340.4992319,260.639037805
246.69524716,-341.009134131,260.639037805
246.61119029,-341.519036365,260.639037805
246.528534368,-342.020440228,260.639037805
246.45008129,-342.496348979,260.639037805
246.370227264,-342.9807561,260.639037805
246.28897229,-343.473661593,260.639037805
246.206316368,-343.975065456,260.639037805
246.125061394,-344.467970948,260.639037805
246.045207368,-344.95237807,260.639037805
245.942938176,-345.57275912,260.639037805
245.860282255,-346.074162982,260.639037805
245.777626333,-346.575566845,260.639037805
245.697772307,-347.059973966,260.639037805
245.616517333,-347.552879459,260.639037805
245.533861411,-348.05428332,260.639037805
245.451205489,-348.555687184,260.639037805
245.367148619,-349.065589418,260.639037805
245.284492697,-349.56699328,260.639037805
245.206039619,-350.042902032,260.639037805
245.124784645,-350.535807523,260.639037805
245.042128723,-351.037211384,260.639037805
244.958071854,-351.547113619,260.639037805
244.874014984,-352.057015851,260.639037805
244.791359062,-352.558419715,260.639037805
244.708703141,-353.059823576,260.639037805
244.626047219,-353.56122744,260.639037805
244.541990349,-354.071129674,260.639037805
244.429914523,-354.750999318,260.639037805
244.344456705,-355.269399921,260.639037805
244.261800783,-355.770803785,260.639037805
