-0.036,0.004,-1.012
-0.032,0.004,-1.012
-0.036,0.004,-1.008
-0.044,0.004,-1.012
-0.036,0.004,-1.008
-0.036,0.004,-1.012
-0.04,0.008,-1.008
-0.036,0.008,-1.004
-0.044,0.004,-1.012
-0.036,0.008,-1.012
-0.04,0.004,-1.008
-0.036,0.004,-1.012
-0.04,0.0,-1.016
-0.04,0.008,-1.012
-0.036,0.008,-1.012
-0.036,0.008,-1.008
-0.04,0.004,-1.012
-0.04,0.008,-1.008
-0.052,-0.004,-1.0
-0.036,0.012,-1.012
-0.036,-0.004,-1.008
-0.056,0.028,-1.016
-0.036,0.008,-1.008
-0.036,0.008,-1.016
-0.036,0.008,-1.016
-0.036,0.004,-1.012
-0.04,0.008,-1.008
-0.052,-0.064,-1.016
-0.036,0.036,-1.012
-0.036,0.036,-1.02
-0.052,0.0,-1.032
-0.04,0.0,-1.012
-0.036,0.008,-1.012
-0.036,0.004,-1.012
-0.044,0.004,-1.012
-0.04,0.004,-1.016
-0.036,0.004,-1.008
-0.036,0.008,-1.016
-0.036,0.004,-1.012
-0.036,0.004,-1.012
-0.044,0.004,-1.016
-0.044,0.0,-1.008
-0.04,0.004,-1.008
-0.044,0.0,-1.012
-0.04,0.004,-1.004
-0.04,0.004,-1.008
-0.036,0.004,-1.004
-0.04,0.0,-1.012
-0.04,0.004,-1.016
-0.04,0.004,-1.008
-0.044,0.008,-1.012
-0.04,0.004,-0.996
-0.04,0.004,-1.012
-0.036,0.008,-1.012
-0.04,0.004,-1.008
-0.036,0.004,-1.008
-0.04,-0.004,-1.004
-0.044,-0.008,-1.004
-0.028,0.008,-0.988
0.0,0.152,-1.004
0.048,0.148,-1.112
-0.036,-0.096,-1.032
-0.036,-0.004,-1.004
-0.036,0.0,-1.008
-0.04,-0.004,-1.012
-0.04,-0.004,-1.02
-0.044,0.0,-1.008
-0.04,0.008,-1.012
-0.036,-0.004,-1.012
-0.04,-0.008,-1.012
-0.04,-0.004,-1.016
-0.036,-0.004,-1.012
-0.036,-0.004,-1.012
-0.048,-0.004,-1.012
-0.036,-0.004,-1.012
-0.04,-0.004,-1.012
-0.036,0.0,-1.016
-0.04,-0.008,-1.012
-0.036,-0.004,-1.012
-0.064,-0.14,-1.0
-0.004,0.036,-1.008
-0.044,-0.036,-1.02
-0.04,-0.008,-1.016
-0.044,-0.008,-1.016
-0.044,-0.008,-1.02
-0.048,-0.008,-1.012
-0.04,-0.008,-1.02
-0.044,-0.008,-1.012
-0.044,-0.008,-1.016
-0.044,-0.008,-1.02
-0.04,-0.008,-1.012
-0.036,-0.012,-1.004
-0.04,-0.008,-1.016
-0.044,-0.012,-1.008
-0.048,-0.012,-1.012
-0.048,-0.008,-1.02
-0.048,-0.016,-1.012
-0.044,-0.012,-1.012
-0.04,-0.012,-1.016
-0.036,-0.008,-1.012
-0.04,-0.008,-1.016
-0.044,-0.008,-1.012
-0.04,-0.008,-1.012
-0.044,-0.012,-1.02
-0.044,-0.008,-1.016
-0.04,-0.012,-1.016
-0.04,-0.012,-1.012
-0.04,-0.012,-1.008
-0.04,-0.008,-1.012
-0.044,-0.012,-1.02
-0.044,-0.008,-1.016
-0.048,-0.004,-1.016
-0.04,-0.008,-1.016
-0.044,-0.012,-1.012
-0.036,-0.012,-1.02
-0.044,-0.012,-1.016
-0.028,0.092,-0.992
-0.072,-0.252,-1.004
-0.02,-0.012,-1.004
-0.032,-0.004,-0.988
-0.028,-0.008,-1.012
-0.032,-0.004,-1.012
-0.028,-0.008,-1.016
-0.032,-0.004,-1.012
-0.024,-0.008,-1.008
-0.032,-0.004,-1.016
-0.032,-0.008,-1.016
-0.016,-0.004,-1.016
-0.028,-0.008,-1.008
-0.024,-0.008,-1.016
-0.032,-0.004,-1.012
-0.028,-0.004,-1.012
-0.024,-0.008,-1.016
-0.028,-0.008,-1.012
-0.024,-0.004,-1.012
-0.028,-0.004,-1.012
-0.032,-0.004,-1.012
-0.028,-0.004,-1.016
-0.028,-0.008,-1.012
-0.028,-0.004,-1.008
-0.024,-0.004,-1.016
-0.028,-0.008,-1.012
-0.028,0.0,-1.012
-0.024,-0.004,-1.008
-0.028,-0.008,-1.012
-0.024,-0.004,-1.012
-0.024,-0.004,-1.008
-0.024,-0.004,-1.016
-0.032,-0.004,-1.012
-0.024,-0.004,-1.02
-0.024,-0.008,-1.02
-0.028,-0.004,-1.008
-0.028,-0.004,-1.012
-0.028,-0.004,-1.016
-0.02,-0.008,-1.004
-0.024,-0.004,-1.008
-0.028,0.0,-1.016
-0.028,-0.008,-1.012
-0.032,-0.004,-1.02
-0.028,-0.004,-1.016
-0.024,-0.004,-1.012
-0.028,-0.004,-1.02
-0.028,-0.008,-1.016
-0.028,-0.008,-1.012
-0.02,-0.004,-1.016
-0.028,-0.004,-1.012
0.012,-0.164,-0.944
-0.048,0.276,-1.004
-0.036,-0.004,-1.012
-0.044,-0.012,-1.016
-0.044,-0.012,-1.016
-0.044,-0.016,-1.012
-0.04,-0.012,-1.012
-0.044,-0.016,-1.02
-0.044,-0.012,-1.016
-0.044,-0.012,-1.012
-0.044,-0.012,-1.012
-0.044,-0.008,-1.016
-0.052,-0.008,-1.008
-0.044,-0.012,-1.016
-0.044,-0.012,-1.012
-0.044,-0.008,-1.02
-0.056,-0.012,-1.008
-0.04,-0.012,-1.016
-0.044,-0.012,-1.008
-0.044,-0.012,-1.012
-0.048,-0.012,-1.008
-0.044,-0.008,-1.012
-0.044,-0.012,-1.012
-0.044,-0.012,-1.008
-0.044,-0.016,-1.012
-0.048,-0.008,-1.012
-0.044,-0.016,-1.012
-0.044,-0.016,-1.016
-0.044,-0.012,-1.016
-0.04,-0.008,-1.012
-0.04,-0.012,-1.012
-0.04,-0.012,-1.016
-0.04,-0.016,-1.008
-0.044,-0.012,-1.008
-0.044,-0.012,-1.008
-0.04,-0.016,-1.016
-0.044,-0.008,-1.008
-0.048,-0.02,-1.016
-0.044,-0.012,-1.016
-0.044,-0.008,-1.008
-0.044,-0.012,-1.016
-0.04,-0.012,-1.012
-0.044,-0.016,-1.012
-0.048,-0.012,-1.008
-0.04,-0.06,-1.0
-0.052,0.0,-1.008
-0.048,-0.004,-1.012
-0.008,-0.084,-1.064
-0.048,-0.012,-1.012
-0.044,-0.012,-1.012
-0.048,-0.016,-1.012
-0.048,-0.016,-1.012
-0.04,-0.012,-1.012
-0.044,-0.012,-1.016
-0.048,-0.008,-1.012
-0.044,-0.02,-1.016
-0.04,-0.012,-1.012
-0.044,-0.012,-1.016
-0.048,-0.012,-1.02
-0.044,-0.008,-1.012
-0.048,-0.016,-1.016
-0.036,0.132,-1.012
-0.072,-0.1,-0.964
-0.032,-0.048,-1.004
-0.048,-0.012,-1.012
-0.044,-0.008,-1.012
-0.044,-0.008,-1.012
-0.044,-0.012,-1.016
-0.048,-0.008,-1.012
-0.048,-0.012,-1.016
-0.04,-0.016,-1.016
-0.048,-0.008,-1.012
-0.048,-0.008,-1.016
-0.044,-0.008,-1.008
-0.048,-0.012,-1.012
-0.044,-0.012,-1.012
-0.048,-0.004,-1.004
-0.048,-0.012,-1.012
-0.044,-0.016,-1.016
-0.048,-0.008,-1.016
-0.048,-0.012,-1.016
-0.048,-0.012,-1.012
-0.048,-0.012,-1.016
-0.044,-0.008,-1.016
-0.048,-0.008,-1.012
-0.044,-0.012,-1.02
-0.044,-0.012,-1.016
-0.048,-0.012,-1.016
-0.044,-0.012,-1.016
-0.044,-0.008,-1.016
-0.04,-0.012,-1.012
-0.044,-0.012,-1.016
-0.044,-0.012,-1.012
-0.048,-0.008,-1.012
-0.044,-0.012,-1.016
-0.044,-0.008,-1.012
-0.044,-0.012,-1.012
-0.04,-0.016,-1.012
-0.048,-0.008,-1.016
