-1.47157435882,-1.03572201136,3.03951270896
-1.47157435882,-1.03572201136,3.03951270896
-1.47157435882,-1.03572201136,3.03951270896
-1.47157435882,-1.03572201136,3.03951270896
-1.47157435882,-1.03572201136,3.03951270896
-1.47157435882,-1.03572201136,3.03951270896
-1.47157435882,-1.03572201136,3.03951270896
-1.47157435882,-1.03572201136,3.03951270896
-1.47157435882,-1.03572201136,3.03951270896
-1.47157435882,-1.03572201136,3.03951270896
-1.47157435882,-1.03572201136,-2.99629399336
-0.689819570235,1.74508926922,-2.99629399336
-0.689819570235,1.74508926922,-2.99629399336
-0.689819570235,1.74508926922,-2.99629399336
-0.689819570235,1.74508926922,-2.99629399336
-0.689819570235,1.74508926922,-2.99629399336
-0.689819570235,1.74508926922,-2.99629399336
-0.689819570235,1.74508926922,-2.99629399336
-0.689819570235,1.74508926922,-2.99629399336
-0.689819570235,1.74508926922,-2.99629399336
-0.689819570235,1.74508926922,-2.99629399336
-0.689819570235,1.74508926922,-2.99629399336
-0.689819570235,1.74508926922,-2.99629399336
-0.689819570235,1.74508926922,-2.99629399336
-0.689819570235,1.74508926922,-2.99629399336
-0.689819570235,1.74508926922,-2.99629399336
-0.689819570235,1.74508926922,-2.99629399336
-1.29075824831,0.425314922095,0.0271835030998
-1.29075824831,0.425314922095,0.0271835030998
-1.29075824831,0.425314922095,0.0271835030998
-1.29075824831,0.425314922095,0.0271835030998
-1.29075824831,0.425314922095,0.0271835030998
-1.29075824831,0.425314922095,0.0271835030998
-1.29075824831,0.425314922095,0.0271835030998
-1.29075824831,0.425314922095,0.0271835030998
-1.29075824831,0.425314922095,0.0271835030998
-1.29075824831,0.425314922095,0.0271835030998
-1.29075824831,0.425314922095,0.0271835030998
-1.29075824831,0.425314922095,0.0271835030998
-1.29075824831,0.425314922095,0.0271835030998
-1.29075824831,0.425314922095,0.0271835030998
-1.29075824831,0.425314922095,0.0271835030998
-1.29075824831,0.425314922095,0.0270307867903
-1.32023249606,0.436157780073,0.0270307867903
-1.32023249606,0.436157780073,0.0270307867903
-1.32023249606,0.436157780073,0.0270307867903
-1.32023249606,0.436157780073,0.0270307867903
-1.32023249606,0.436157780073,0.0270307867903
-1.32023249606,0.436157780073,0.0270307867903
-1.32023249606,0.436157780073,0.0270307867903
-1.32023249606,0.436157780073,0.0270307867903
-1.32023249606,0.436157780073,0.0270307867903
-1.32023249606,0.436157780073,0.0270307867903
-1.32023249606,0.436157780073,0.0270307867903
-1.32023249606,0.436157780073,0.0270307867903
-1.32023249606,0.436157780073,0.0270307867903
-1.32023249606,0.436157780073,0.0270307867903
-1.32023249606,0.436157780073,0.0270307867903
-1.32023249606,0.436157780073,0.0258090563139
-1.31748360248,0.434630616978,0.0258090563139
-1.31748360248,0.434630616978,0.0258090563139
-1.31748360248,0.434630616978,0.0258090563139
-1.31748360248,0.434630616978,0.0258090563139
-1.31748360248,0.434630616978,0.0258090563139
-1.31748360248,0.434630616978,0.0258090563139
-1.31748360248,0.434630616978,0.0258090563139
-1.31748360248,0.434630616978,0.0258090563139
-1.31748360248,0.434630616978,0.0258090563139
-1.31748360248,0.434630616978,0.0258090563139
-1.31748360248,0.434630616978,0.0258090563139
-1.31748360248,0.434630616978,0.0258090563139
-1.31748360248,0.434630616978,0.0258090563139
-1.31748360248,0.436615929002,0.0210748507178
-1.31641458832,0.436615929002,0.0210748507178
-1.31641458832,0.436615929002,0.0210748507178
-1.31641458832,0.436615929002,0.0210748507178
-1.31641458832,0.436615929002,0.0210748507178
-1.31641458832,0.436615929002,0.0210748507178
-1.31641458832,0.436615929002,0.0210748507178
-1.31641458832,0.436615929002,0.0210748507178
-1.31641458832,0.436615929002,0.0210748507178
-1.31641458832,0.436615929002,0.0210748507178
-1.31641458832,0.436615929002,0.0210748507178
-1.31641458832,0.436615929002,0.0210748507178
-1.31641458832,0.436615929002,0.0210748507178
-1.31641458832,0.436615929002,0.0210748507178
-1.31641458832,0.436615929002,0.0210748507178
-1.31641458832,0.442877297694,0.0360410490537
-1.30938963808,0.442877297694,0.0360410490537
-1.30938963808,0.442877297694,0.0360410490537
-1.30938963808,0.442877297694,0.0360410490537
-1.30938963808,0.442877297694,0.0360410490537
-1.30938963808,0.442877297694,0.0360410490537
-1.30938963808,0.442877297694,0.0360410490537
-1.30938963808,0.442877297694,0.0360410490537
-1.30938963808,0.442877297694,0.0360410490537
-1.30938963808,0.442877297694,0.0360410490537
-1.30938963808,0.442877297694,0.0360410490537
-1.30938963808,0.442877297694,0.0360410490537
-1.30938963808,0.442877297694,0.0360410490537
-1.30938963808,0.442877297694,0.0360410490537
-1.30938963808,0.442877297694,0.0360410490537
-1.30938963808,0.442877297694,0.0798706298944
-1.21974516437,0.455858184005,0.0798706298944
-1.21974516437,0.455858184005,0.0798706298944
-1.21974516437,0.455858184005,0.0798706298944
-1.21974516437,0.455858184005,0.0798706298944
-1.21974516437,0.455858184005,0.0798706298944
-1.21974516437,0.455858184005,0.0798706298944
-1.21974516437,0.455858184005,0.0798706298944
-1.21974516437,0.455858184005,0.0798706298944
-1.21974516437,0.455858184005,0.0798706298944
-1.21974516437,0.455858184005,0.0798706298944
-1.21974516437,0.455858184005,0.0798706298944
-1.21974516437,0.455858184005,0.0798706298944
-1.21974516437,0.455858184005,0.0798706298944
-1.21974516437,0.455858184005,0.0798706298944
-1.21974516437,0.455858184005,0.0798706298944
-1.21974516437,0.455858184005,0.0798706298944
-1.12307574043,0.462730417935,0.120187735615
-1.12307574043,0.462730417935,0.120187735615
-1.12307574043,0.462730417935,0.120187735615
-1.12307574043,0.462730417935,0.120187735615
-1.12307574043,0.462730417935,0.120187735615
-1.12307574043,0.462730417935,0.120187735615
-1.12307574043,0.462730417935,0.120187735615
-1.12307574043,0.462730417935,0.120187735615
-1.12307574043,0.462730417935,0.120187735615
-1.12307574043,0.462730417935,0.120187735615
-1.12307574043,0.462730417935,0.120187735615
-1.12307574043,0.462730417935,0.120187735615
-1.12307574043,0.462730417935,0.120187735615
-1.12307574043,0.462730417935,0.120187735615
-1.12307574043,0.462730417935,0.120187735615
-1.12307574043,0.462730417935,0.120187735615
-0.928515162061,0.402102043044,0.137750111214
-0.928515162061,0.402102043044,0.137750111214
-0.928515162061,0.402102043044,0.137750111214
-0.928515162061,0.402102043044,0.137750111214
-0.928515162061,0.402102043044,0.137750111214
-0.928515162061,0.402102043044,0.137750111214
-0.928515162061,0.402102043044,0.137750111214
-0.928515162061,0.402102043044,0.137750111214
-0.928515162061,0.402102043044,0.137750111214
-0.928515162061,0.402102043044,0.137750111214
-0.928515162061,0.402102043044,0.137750111214
-0.928515162061,0.402102043044,0.137750111214
-0.928515162061,0.402102043044,0.137750111214
-0.928515162061,0.402102043044,0.137750111214
-0.928515162061,0.402102043044,0.137750111214
-0.928515162061,0.402102043044,0.137750111214
-0.655611116896,0.293520746954,0.120951317163
-0.655611116896,0.293520746954,0.120951317163
-0.655611116896,0.293520746954,0.120951317163
-0.655611116896,0.293520746954,0.120951317163
-0.655611116896,0.293520746954,0.120951317163
-0.655611116896,0.293520746954,0.120951317163
-0.655611116896,0.293520746954,0.120951317163
-0.655611116896,0.293520746954,0.120951317163
-0.655611116896,0.293520746954,0.120951317163
-0.655611116896,0.293520746954,0.120951317163
-0.655611116896,0.293520746954,0.120951317163
-0.655611116896,0.293520746954,0.120951317163
-0.655611116896,0.293520746954,0.120951317163
-0.655611116896,0.293520746954,0.120951317163
-0.655611116896,0.293520746954,0.120951317163
-0.655611116896,0.293520746954,0.120951317163
-0.655611116896,0.159893976098,0.0835358213236
-0.353538256607,0.159893976098,0.0835358213236
-0.353538256607,0.159893976098,0.0835358213236
-0.353538256607,0.159893976098,0.0835358213236
-0.353538256607,0.159893976098,0.0835358213236
-0.353538256607,0.159893976098,0.0835358213236
-0.353538256607,0.159893976098,0.0835358213236
-0.353538256607,0.159893976098,0.0835358213236
-0.353538256607,0.159893976098,0.0835358213236
-0.353538256607,0.159893976098,0.0835358213236
-0.353538256607,0.159893976098,0.0835358213236
-0.353538256607,0.159893976098,0.0835358213236
-0.353538256607,0.159893976098,0.0835358213236
-0.353538256607,0.159893976098,0.0835358213236
-0.353538256607,0.159893976098,0.0835358213236
-0.353538256607,0.159893976098,0.0835358213236
-0.0180205245268,0.00351247511964,0.00458148928649
-0.0180205245268,0.00351247511964,0.00458148928649
-0.0180205245268,0.00351247511964,0.00458148928649
-0.0180205245268,0.00351247511964,0.00458148928649
-0.0180205245268,0.00351247511964,0.00458148928649
-0.0180205245268,0.00351247511964,0.00458148928649
-0.0180205245268,0.00351247511964,0.00458148928649
-0.0180205245268,0.00351247511964,0.00458148928649
-0.0180205245268,0.00351247511964,0.00458148928649
-0.0180205245268,0.00351247511964,0.00458148928649
-0.0180205245268,0.00351247511964,0.00458148928649
-0.0180205245268,0.00351247511964,0.00458148928649
-0.0180205245268,0.00351247511964,0.00458148928649
-0.0180205245268,0.00351247511964,0.00458148928649
-0.0180205245268,0.00351247511964,0.00458148928649
-0.0180205245268,0.00351247511964,0.00458148928649
-0.0180205245268,0.0126754536926,-0.000305432619099
-0.00106901416685,0.0126754536926,-0.000305432619099
-0.00106901416685,0.0126754536926,-0.000305432619099
-0.00106901416685,0.0126754536926,-0.000305432619099
-0.00106901416685,0.0126754536926,-0.000305432619099
-0.00106901416685,0.0126754536926,-0.000305432619099
-0.00106901416685,0.0126754536926,-0.000305432619099
-0.00106901416685,0.0126754536926,-0.000305432619099
-0.00106901416685,0.0126754536926,-0.000305432619099
-0.00106901416685,0.0126754536926,-0.000305432619099
-0.00106901416685,0.0126754536926,-0.000305432619099
-0.00106901416685,0.0126754536926,-0.000305432619099
-0.00106901416685,0.0126754536926,-0.000305432619099
-0.00106901416685,0.0126754536926,-0.000305432619099
-0.00106901416685,0.0126754536926,-0.000305432619099
-0.00106901416685,0.0126754536926,-0.000305432619099
-0.00106901416685,0.0123700210735,-0.00717766654883
-0.00397062404829,0.0123700210735,-0.00717766654883
-0.00397062404829,0.0123700210735,-0.00717766654883
-0.00397062404829,0.0123700210735,-0.00717766654883
-0.00397062404829,0.0123700210735,-0.00717766654883
-0.00397062404829,0.0123700210735,-0.00717766654883
-0.00397062404829,0.0123700210735,-0.00717766654883
-0.00397062404829,0.0123700210735,-0.00717766654883
-0.00397062404829,0.0123700210735,-0.00717766654883
-0.00397062404829,0.0123700210735,-0.00717766654883
-0.00397062404829,0.0123700210735,-0.00717766654883
-0.00397062404829,0.0123700210735,-0.00717766654883
-0.00397062404829,0.0123700210735,-0.00717766654883
-0.00397062404829,0.0123700210735,-0.00717766654883
-0.00397062404829,0.0123700210735,-0.00717766654883
-0.00397062404829,0.0123700210735,-0.00717766654883
-0.00397062404829,0.00839939702522,-0.00397062404829
-0.00839939702522,0.00839939702522,-0.00397062404829
-0.00839939702522,0.00839939702522,-0.00397062404829
-0.00839939702522,0.00839939702522,-0.00397062404829
-0.00839939702522,0.00839939702522,-0.00397062404829
-0.00839939702522,0.00839939702522,-0.00397062404829
-0.00839939702522,0.00839939702522,-0.00397062404829
-0.00839939702522,0.00839939702522,-0.00397062404829
-0.00839939702522,0.00839939702522,-0.00397062404829
-0.00839939702522,0.00839939702522,-0.00397062404829
-0.00839939702522,0.00839939702522,-0.00397062404829
-0.00839939702522,0.00839939702522,-0.00397062404829
-0.00839939702522,0.00839939702522,-0.00397062404829
-0.00839939702522,0.00839939702522,-0.00397062404829
-0.00839939702522,0.00839939702522,-0.00397062404829
-0.00839939702522,0.00839939702522,-0.00397062404829
-0.00839939702522,0.00839939702522,-0.00290160988144
-0.00763581547748,0.00717766654883,-0.00290160988144
-------------------
