-2.523484299,3.06975053825,3.81271538421
-2.523484299,3.06975053825,3.81271538421
-2.523484299,3.06975053825,3.81271538421
-2.523484299,3.06975053825,3.81271538421
-2.523484299,3.06975053825,3.81271538421
-2.523484299,3.06975053825,3.81271538421
-2.523484299,3.06975053825,3.81271538421
-2.523484299,3.06975053825,3.81271538421
-2.523484299,3.06975053825,3.81271538421
-2.523484299,3.06975053825,3.81271538421
-2.523484299,3.06975053825,0.0258090563139
-1.28770392212,0.424398624238,0.0258090563139
-1.28770392212,0.424398624238,0.0258090563139
-1.28770392212,0.424398624238,0.0258090563139
-1.28770392212,0.424398624238,0.0258090563139
-1.28770392212,0.424398624238,0.0258090563139
-1.28770392212,0.424398624238,0.0258090563139
-1.28770392212,0.424398624238,0.0258090563139
-1.28770392212,0.424398624238,0.0258090563139
-1.28770392212,0.424398624238,0.0258090563139
-1.28770392212,0.424398624238,0.0258090563139
-1.28770392212,0.424398624238,0.0258090563139
-1.28770392212,0.424398624238,0.0258090563139
-1.28770392212,0.424398624238,0.0258090563139
-1.28770392212,0.424398624238,0.0258090563139
-1.28770392212,0.424398624238,0.0258090563139
-1.28770392212,0.424398624238,0.0258090563139
-1.28770392212,0.424398624238,0.0258090563139
-1.32160694284,0.433408886501,0.0276416520285
-1.32160694284,0.433408886501,0.0276416520285
-1.32160694284,0.433408886501,0.0276416520285
-1.32160694284,0.433408886501,0.0276416520285
-1.32160694284,0.433408886501,0.0276416520285
-1.32160694284,0.433408886501,0.0276416520285
-1.32160694284,0.433408886501,0.0276416520285
-1.32160694284,0.433408886501,0.0276416520285
-1.32160694284,0.433408886501,0.0276416520285
-1.32160694284,0.433408886501,0.0276416520285
-1.32160694284,0.433408886501,0.0276416520285
-1.32160694284,0.433408886501,0.0276416520285
-1.32160694284,0.433408886501,0.0276416520285
-1.32160694284,0.433408886501,0.0276416520285
-1.32160694284,0.433408886501,0.0276416520285
-1.32160694284,0.433408886501,0.0276416520285
-1.32160694284,0.433408886501,0.0276416520285
-1.32038521237,0.434630616978,0.0238237442897
-1.32038521237,0.434630616978,0.0238237442897
-1.32038521237,0.434630616978,0.0238237442897
-1.32038521237,0.434630616978,0.0238237442897
-1.32038521237,0.434630616978,0.0238237442897
-1.32038521237,0.434630616978,0.0238237442897
-1.32038521237,0.434630616978,0.0238237442897
-1.32038521237,0.434630616978,0.0238237442897
-1.32038521237,0.434630616978,0.0238237442897
-1.32038521237,0.434630616978,0.0238237442897
-1.32038521237,0.434630616978,0.0238237442897
-1.32038521237,0.434630616978,0.0238237442897
-1.32038521237,0.434630616978,0.0238237442897
-1.32038521237,0.434630616978,0.0238237442897
-1.32038521237,0.434630616978,0.0238237442897
-1.32038521237,0.434630616978,0.0238237442897
-1.32038521237,0.434630616978,0.0238237442897
-1.32007977975,0.432492588644,0.0241291769088
-1.32007977975,0.432492588644,0.0241291769088
-1.32007977975,0.432492588644,0.0241291769088
-1.32007977975,0.432492588644,0.0241291769088
-1.32007977975,0.432492588644,0.0241291769088
-1.32007977975,0.432492588644,0.0241291769088
-1.32007977975,0.432492588644,0.0241291769088
-1.32007977975,0.432492588644,0.0241291769088
-1.32007977975,0.432492588644,0.0241291769088
-1.32007977975,0.432492588644,0.0241291769088
-1.32007977975,0.432492588644,0.0241291769088
-1.32007977975,0.432492588644,0.0241291769088
-1.32007977975,0.432492588644,0.0241291769088
-1.32007977975,0.432492588644,0.0241291769088
-1.32007977975,0.432492588644,0.0241291769088
-1.32007977975,0.432492588644,0.0241291769088
-1.32007977975,0.432492588644,0.0241291769088
-1.26876709974,0.432645304954,0.0401643894115
-1.26876709974,0.432645304954,0.0401643894115
-1.26876709974,0.432645304954,0.0401643894115
-1.26876709974,0.432645304954,0.0401643894115
-1.26876709974,0.432645304954,0.0401643894115
-1.26876709974,0.432645304954,0.0401643894115
-1.26876709974,0.432645304954,0.0401643894115
-1.26876709974,0.432645304954,0.0401643894115
-1.26876709974,0.432645304954,0.0401643894115
-1.26876709974,0.432645304954,0.0401643894115
-1.26876709974,0.432645304954,0.0401643894115
-1.26876709974,0.432645304954,0.0401643894115
-1.26876709974,0.432645304954,0.0401643894115
-1.26876709974,0.432645304954,0.0401643894115
-1.26876709974,0.432645304954,0.0401643894115
-1.26876709974,0.432645304954,0.0401643894115
-1.26876709974,0.432645304954,0.0401643894115
-1.26876709974,0.432645304954,0.127518118474
-1.04793931613,0.438753957336,0.127518118474
-1.04793931613,0.438753957336,0.127518118474
-1.04793931613,0.438753957336,0.127518118474
-1.04793931613,0.438753957336,0.127518118474
-1.04793931613,0.438753957336,0.127518118474
-1.04793931613,0.438753957336,0.127518118474
-1.04793931613,0.438753957336,0.127518118474
-1.04793931613,0.438753957336,0.127518118474
-1.04793931613,0.438753957336,0.127518118474
-1.04793931613,0.438753957336,0.127518118474
-1.04793931613,0.438753957336,0.127518118474
-1.04793931613,0.438753957336,0.127518118474
-1.04793931613,0.438753957336,0.127518118474
-1.04793931613,0.438753957336,0.127518118474
-1.04793931613,0.438753957336,0.127518118474
-1.04793931613,0.438753957336,0.127518118474
-1.04793931613,0.438753957336,0.136528380737
-0.802218774064,0.357814313274,0.136528380737
-0.802218774064,0.357814313274,0.136528380737
-0.802218774064,0.357814313274,0.136528380737
-0.802218774064,0.357814313274,0.136528380737
-0.802218774064,0.357814313274,0.136528380737
-0.802218774064,0.357814313274,0.136528380737
-0.802218774064,0.357814313274,0.136528380737
-0.802218774064,0.357814313274,0.136528380737
-0.802218774064,0.357814313274,0.136528380737
-0.802218774064,0.357814313274,0.136528380737
-0.802218774064,0.357814313274,0.136528380737
-0.802218774064,0.357814313274,0.136528380737
-0.802218774064,0.357814313274,0.136528380737
-0.802218774064,0.357814313274,0.136528380737
-0.802218774064,0.357814313274,0.136528380737
-0.802218774064,0.357814313274,0.136528380737
-0.802218774064,0.357814313274,0.114689948472
-0.537561409614,0.242360783255,0.114689948472
-0.537561409614,0.242360783255,0.114689948472
-0.537561409614,0.242360783255,0.114689948472
-0.537561409614,0.242360783255,0.114689948472
-0.537561409614,0.242360783255,0.114689948472
-0.537561409614,0.242360783255,0.114689948472
-0.537561409614,0.242360783255,0.114689948472
-0.537561409614,0.242360783255,0.114689948472
-0.537561409614,0.242360783255,0.114689948472
-0.537561409614,0.242360783255,0.114689948472
-0.537561409614,0.242360783255,0.114689948472
-0.537561409614,0.242360783255,0.114689948472
-0.537561409614,0.242360783255,0.114689948472
-0.537561409614,0.242360783255,0.114689948472
-0.537561409614,0.242360783255,0.114689948472
-0.537561409614,0.242360783255,0.114689948472
-0.537561409614,0.242360783255,0.0448985950076
-0.168446089433,0.0769690200129,0.0448985950076
-0.168446089433,0.0769690200129,0.0448985950076
-0.168446089433,0.0769690200129,0.0448985950076
-0.168446089433,0.0769690200129,0.0448985950076
-0.168446089433,0.0769690200129,0.0448985950076
-0.168446089433,0.0769690200129,0.0448985950076
-0.168446089433,0.0769690200129,0.0448985950076
-0.168446089433,0.0769690200129,0.0448985950076
-0.168446089433,0.0769690200129,0.0448985950076
-0.168446089433,0.0769690200129,0.0448985950076
-0.168446089433,0.0769690200129,0.0448985950076
-0.168446089433,0.0769690200129,0.0448985950076
-0.168446089433,0.0769690200129,0.0448985950076
-0.168446089433,0.0769690200129,0.0448985950076
-0.168446089433,0.0769690200129,0.0448985950076
-0.168446089433,0.0769690200129,0.0448985950076
-0.168446089433,0.0769690200129,0.0448985950076
0.00763581547748,0.00274889357189,-0.00534507083423
0.00763581547748,0.00274889357189,-0.00534507083423
0.00763581547748,0.00274889357189,-0.00534507083423
0.00763581547748,0.00274889357189,-0.00534507083423
0.00763581547748,0.00274889357189,-0.00534507083423
0.00763581547748,0.00274889357189,-0.00534507083423
0.00763581547748,0.00274889357189,-0.00534507083423
0.00763581547748,0.00274889357189,-0.00534507083423
0.00763581547748,0.00274889357189,-0.00534507083423
0.00763581547748,0.00274889357189,-0.00534507083423
0.00763581547748,0.00274889357189,-0.00534507083423
0.00763581547748,0.00274889357189,-0.00534507083423
0.00763581547748,0.00274889357189,-0.00534507083423
0.00763581547748,0.00274889357189,-0.00534507083423
0.00763581547748,0.00274889357189,-0.00534507083423
0.00763581547748,0.00274889357189,-0.00534507083423
0.00763581547748,0.00274889357189,-0.00534507083423
-0.00885754595387,0.0148134820263,-0.00580321976288
-0.00885754595387,0.0148134820263,-0.00580321976288
-0.00885754595387,0.0148134820263,-0.00580321976288
-0.00885754595387,0.0148134820263,-0.00580321976288
-0.00885754595387,0.0148134820263,-0.00580321976288
-0.00885754595387,0.0148134820263,-0.00580321976288
-0.00885754595387,0.0148134820263,-0.00580321976288
-0.00885754595387,0.0148134820263,-0.00580321976288
-0.00885754595387,0.0148134820263,-0.00580321976288
-0.00885754595387,0.0148134820263,-0.00580321976288
-0.00885754595387,0.0148134820263,-0.00580321976288
-0.00885754595387,0.0148134820263,-0.00580321976288
-0.00885754595387,0.0148134820263,-0.00580321976288
-0.00885754595387,0.0148134820263,-0.00580321976288
-0.00885754595387,0.0148134820263,-0.00580321976288
-0.00885754595387,0.0148134820263,-0.00580321976288
-0.00885754595387,0.0148134820263,-0.00580321976288
-0.00885754595387,0.0100792764303,-0.00381790773874
-0.00641408500108,0.0100792764303,-0.00381790773874
-0.00641408500108,0.0100792764303,-0.00381790773874
-0.00641408500108,0.0100792764303,-0.00381790773874
-0.00641408500108,0.0100792764303,-0.00381790773874
-0.00641408500108,0.0100792764303,-0.00381790773874
-0.00641408500108,0.0100792764303,-0.00381790773874
-0.00641408500108,0.0100792764303,-0.00381790773874
-0.00641408500108,0.0100792764303,-0.00381790773874
-0.00641408500108,0.0100792764303,-0.00381790773874
-0.00641408500108,0.0100792764303,-0.00381790773874
-0.00641408500108,0.0100792764303,-0.00381790773874
-0.00641408500108,0.0100792764303,-0.00381790773874
-0.00641408500108,0.0100792764303,-0.00381790773874
-0.00641408500108,0.0100792764303,-0.00381790773874
-0.00641408500108,0.0100792764303,-0.00381790773874
-0.00641408500108,0.0100792764303,-0.00381790773874
-0.00641408500108,0.0100792764303,-0.00763581547748
-0.00183259571459,0.00962112750162,-0.00763581547748
-0.00183259571459,0.00962112750162,-0.00763581547748
-0.00183259571459,0.00962112750162,-0.00763581547748
-0.00183259571459,0.00962112750162,-0.00763581547748
-0.00183259571459,0.00962112750162,-0.00763581547748
-0.00183259571459,0.00962112750162,-0.00763581547748
-0.00183259571459,0.00962112750162,-0.00763581547748
-0.00183259571459,0.00962112750162,-0.00763581547748
-0.00183259571459,0.00962112750162,-0.00763581547748
-0.00183259571459,0.00962112750162,-0.00763581547748
-0.00183259571459,0.00962112750162,-0.00763581547748
-0.00183259571459,0.00962112750162,-0.00763581547748
-0.00183259571459,0.00962112750162,-0.00763581547748
-0.00183259571459,0.00962112750162,-0.00763581547748
-0.00183259571459,0.00962112750162,-0.00763581547748
-0.00183259571459,0.00962112750162,-0.00763581547748
-0.00183259571459,0.00962112750162,-0.00763581547748
-0.000610865238198,0.00992656012072,-0.00610865238198
-0.000610865238198,0.00992656012072,-0.00610865238198
-0.000610865238198,0.00992656012072,-0.00610865238198
-0.000610865238198,0.00992656012072,-0.00610865238198
-0.000610865238198,0.00992656012072,-0.00610865238198
-0.000610865238198,0.00992656012072,-0.00610865238198
-0.000610865238198,0.00992656012072,-0.00610865238198
-0.000610865238198,0.00992656012072,-0.00610865238198
-0.000610865238198,0.00992656012072,-0.00610865238198
-0.000610865238198,0.00992656012072,-0.00610865238198
-0.000610865238198,0.00992656012072,-0.00610865238198
-0.000610865238198,0.00992656012072,-0.00610865238198
-0.000610865238198,0.00992656012072,-0.00610865238198
-0.000610865238198,0.00992656012072,-0.00610865238198
-0.000610865238198,0.00992656012072,-0.00610865238198
-------------------
