w,-0.0 0.00523598775598 16006.876686
w,2.16769893098 2.1415189922 16007.362234
w,5.58156294788 5.471607205 16007.883278
w,8.97448301375 8.8383473321 16008.382347
w,12.3150432021 12.1422556061 16008.88633
w,15.7184352435 15.4618718434 16009.398493
w,19.2108390767 18.9123877746 16009.910624
w,22.551399265 22.1901161099 16010.418575
w,25.9914432207 25.5935081512 16010.938734
w,29.4367231641 28.9811922294 16011.442808
w,32.787755328 32.2955724789 16011.946883
w,36.2120913204 35.7199084713 16012.458892
w,39.7359110802 39.2384922433 16012.970933
w,43.1393031215 42.5842884194 16013.475129
a,46.7940225752 46.3541996037 16013.979478 0.312860449929
a,49.0716772491 52.2185058904 16014.495181 0.549985449874
w,51.176544327 57.8838446424 16015.003467
a,55.145423046 62.0150389819 16015.502506 0.0664604499848
w,57.11939043 67.4238143338 16016.014546
w,60.831705749 71.2722653344 16016.522436
w,64.0099503169 74.3405541594 16016.989581
w,67.3505105052 77.6130465069 16017.4816
w,70.5444630364 80.8069990381 16017.976701
w,74.0630468084 84.2522789815 16018.517919
w,77.5187987273 87.6451990474 16019.029806
w,80.7546391605 90.8862754684 16019.534247
w,84.0899633611 94.1378238648 16020.045982
w,87.4724114515 97.4731480654 16020.545021
w,90.8339155908 100.850360168 16021.057122
w,94.1482958403 104.049548687 16021.565195
w,97.609283747 107.458176716 16022.073206
w,100.913192021 110.756849002 16022.573374
w,104.253752209 114.008397399 16023.07339
w,107.761864006 117.479857281 16023.589428
w,111.081480243 120.799473518 16024.084499
w,114.505816236 124.166213645 16024.601484
w,117.982512106 127.616729577 16025.104642
w,121.349252233 130.993941679 16025.608625
w,124.742172299 134.308321929 16026.116759
w,128.234576132 137.743129897 16026.624832
w,131.6693841 141.172701877 16027.132904
w,134.936640459 144.387598359 16027.632981
w,138.449988244 147.869530217 16028.145082
w,141.507805093 150.932583054 16028.603132
w,145.104928682 154.44069485 16029.144441
w,148.534500662 157.817906953 16029.652239
w,151.890768813 161.18464708 16030.160373
w,154.864809859 164.069676334 16030.610334
w,158.393865606 167.556844179 16031.143495
w,161.718717831 170.907876343 16031.64351
a,164.855074497 173.913333315 16032.097562 -0.0334645499924
a,170.771740661 175.834940821 16032.589733 -0.544989549876
w,177.164881711 177.824616169 16033.125732
w,181.060456602 181.631179267 16033.633774
w,184.432432717 184.945559517 16034.141816
w,187.882948648 188.34371557 16034.649919
w,191.139733032 191.652859832 16035.149996
w,194.475057233 194.920116192 16035.654101
w,197.972697054 198.35492416 16036.16611
w,201.072401805 201.501752801 16036.633164
w,204.360602116 204.690469345 16037.128265
w,207.722106255 207.952489717 16037.624404
a,211.167386199 211.403005648 16038.115325 -0.00896454999795
a,217.131176253 213.047105803 16038.607832 -0.678164549845
w,223.88036447 214.869229542 16039.144533
w,227.713107508 218.487297082 16039.639634
a,231.242163255 221.911633074 16040.118651 0
w,237.472988685 223.712812862 16040.651781
w,241.195775979 227.273284536 16041.14673
a,244.604404009 230.545776884 16041.601941 -0.0513145499883
w,249.411040768 231.975201541 16042.031943
a,253.311851647 235.68751686 16042.511021 -0.00826454999811
a,257.998060688 237.399684856 16042.908946 -0.636689549855
w,263.134564677 239.253224522 16043.342976
w,267.019667592 242.976011816 16043.847203
w,270.522543401 246.442235711 16044.359365
w,273.899755503 249.814211826 16044.858343
w,277.287439581 253.1181201 16045.358328
w,280.659415696 256.422028374 16045.858465
w,284.073279713 259.830656403 16046.362478
w,287.492379718 263.160744616 16046.866614
a,290.822467931 266.297101282 16047.321154 -0.0516645499882
w,295.540092899 268.077337119 16047.750667
a,299.184340377 271.496437123 16048.209755 0
a,304.907274994 273.06723345 16048.696829 -0.648239549852
a,311.284708081 274.889357189 16049.189062 -0.457489549896
w,317.91346858 276.968044328 16049.725976
w,321.604839948 280.554695941 16050.205054
w,324.976816063 283.863840203 16050.692221
a,328.448275945 287.235816318 16051.176243 -0.0884145499798
a,334.370178097 289.078884008 16051.667224 -0.622514549858
w,340.87327489 290.633972371 16052.200324
w,344.795029719 294.367231641 16052.703361
w,348.345029418 297.854399487 16053.215462
w,351.832197263 301.310151406 16053.736445
w,355.162285476 304.56693579 16054.231607
w,358.602329432 307.959855856 16054.735621
w,362.105205241 311.431315738 16055.25169
w,365.204909992 314.473424624 16055.714775
a,368.786325617 317.955356482 16056.206825 -0.13093954997
a,374.603508014 319.861256025 16056.697867 -0.575614549869
w,381.106604807 321.835223409 16057.230966
w,384.981235746 325.526594777 16057.730005
w,388.489347543 329.013762623 16058.246104
w,391.882267609 332.438098615 16058.754207
w,395.243771748 335.710590963 16059.258221
w,398.652399777 339.093039053 16059.766294
w,402.092443733 342.543554984 16060.278395
w,405.417295958 345.800339368 16060.774442
w,408.789272073 349.130427581 16061.273512
w,412.145540224 352.512875672 16061.781584
w,415.575112205 355.879615799 16062.289626
w,419.009920173 359.298715803 16062.793731
w,422.455200116 362.770175686 16063.305802
w,425.879536108 366.105499886 16063.813875
w,429.324816052 369.493183964 16064.317919
w,432.717736118 372.907047981 16064.820956
w,436.194431988 376.305204035 16065.338184
w,439.61876798 379.666708174 16065.841129
w,442.833664462 382.907784595 16066.321184
w,446.179460638 386.18551293 16066.812227
w,449.551436753 389.473713241 16067.308274
w,452.844873052 392.793329478 16067.799286
w,456.159253301 396.034405899 16068.291519
w,459.49981349 399.306898247 16068.782469
w,462.850845653 402.678874362 16069.278578
w,466.421789303 406.171278195 16069.806672
w,469.898485173 409.574670236 16070.314714
w,473.280933263 412.983298265 16070.818789
w,476.726213207 416.370982344 16071.330829
a,480.166257162 419.826734262 16071.805909 0.0109854499975
a,482.030268804 424.659550961 16072.239939 0.600210449863
a,484.229383661 430.502913297 16072.703025 0.57063544987
w,486.150991168 435.927396612 16073.195135
w,489.868542474 439.681599833 16073.6863
w,493.198630687 443.032631997 16074.178227
w,496.486830998 446.189932614 16074.673328
w,499.816919211 449.493840888 16075.165408
w,502.382553211 452.10136279 16075.55845
w,505.660281546 455.300551309 16076.050469
w,508.953717845 458.546863718 16076.541542
w,511.571711723 461.180565559 16076.934613
w,514.838968083 464.405934017 16077.430661
a,517.483141899 466.96633203 16077.819979 0.0489604499888
a,519.389041442 471.547821316 16078.217751 0.635385449855
a,521.347300863 476.815224999 16078.648149 0.433785449901
w,523.452167941 482.402023934 16079.142884
a,527.452462587 486.522746298 16079.659014 0.120185449973
a,529.677757383 492.114781222 16080.163119 0.506235449884
a,531.850692302 498.225178933 16080.6711 0.476835449891
w,534.175470865 504.099957195 16081.175175
w,538.039629829 507.93793622 16081.683187
w,541.380190018 511.273260421 16082.15848
w,544.809761998 514.660944499 16082.662372
w,548.249805953 518.032920614 16083.166507
w,551.653197995 521.431076667 16083.665485
w,554.920454355 524.640737162 16084.157656
w,558.1510588 527.81898173 16084.652666
w,561.297887441 530.918686481 16085.144655
w,564.366176266 533.971267343 16085.635788
w,567.565364785 537.08144407 16086.131683
w,570.795969231 540.249216662 16086.623916
w,573.906145958 543.401281291 16087.114928
w,577.089626513 546.537637957 16087.607008
w,580.404006763 549.778714378 16088.098081
w,583.618903245 553.019790799 16088.586162
