-0.00800257499815
-0.0823289749944
-0.135624819435
-0.219781219413
-0.360015952726
-0.427723186049
-0.461756530487
-0.459225291596
-0.419779469382
-0.398504341609
-0.373109908279
-0.385983530507
-0.44361340272
-0.5410124416
-0.61107453603
-0.630006074908
-0.640315669351
-0.630728180468
-0.616282497157
-0.621523897148
-0.680928213787
-0.700923363793
-0.66631893047
-0.668939358249
-0.692122286024
-0.731445769359
-0.769890641567
-0.836988569332
-0.903911497113
-0.925519424891
-0.951115408207
-1.00036333598
-1.01943056932
-1.06666599707
-1.13613003595
-1.19579726929
-1.22218075261
-1.22777937483
-1.22467216372
-1.22156495261
-1.25528843595
-1.33035247482
-1.4195477637
-1.50703680257
-1.57929723035
-1.63371126923
-1.657944197
-1.69035518034
-1.74621296922
-1.80011200808
-1.85483868586
-1.87215591921
-1.90487315253
-1.96777469141
-2.04349178585
-2.10350901918
-2.1736361136
-2.21864709693
-2.24663571914
-2.27279045248
-2.2999951858
-2.3365154747
-2.37356034693
-2.38699383025
-2.43519536913
-2.47955690801
-2.52036469689
-2.53414498578
-2.56957471911
-2.59919611911
-2.618226408
-2.65378419688
-2.69183893022
-2.73956921908
-2.79866770241
-2.8552254913
-2.88081828014
-2.89162676347
-2.90583774688
-2.90523109122
-2.93282957463
-2.95977180787
-2.98611154112
-3.04538183015
-3.05168406359
-3.07110490794
-3.09267269681
-3.11121812459
-3.11012660785
-3.09603773017
-3.09694871341
-3.11321594682
-3.14628956896
-3.20398124688
-3.22873917466
-3.24895390792
-3.27677794679
-3.29462337456
-3.32287810798
-3.35005186901
-3.37319104678
-3.42335772453
-3.46937495793
-3.50515469135
-3.5295694246
-3.57239290782
-3.62776583575
-3.69608556896
-3.73392835784
-3.75039420222
-3.63727879689
-3.36498991891
-3.02572618003
-2.6977941079
-2.36618745251
-2.0217552413
-1.70408803023
-1.44297956914
-1.19408416371
-0.926652785968
-0.632739047105
-0.338899197116
-0.091245735989
0.182455919623
0.409129519432
0.6102599249
0.837906441647
1.06908990275
1.23725280826
1.28546224167
1.2264536195
1.04399569156
0.865263319437
0.767582891637
0.67475593621
0.560582591728
0.494961747218
0.445174791765
0.41585964177
0.364073380526
0.334946425089
0.30621363622
0.215096541732
0.12113569742
0.080264158365
0.061631230587
0.0373071916995
-0.0088417082715
-0.0681088027675
-0.104595341477
-0.129319519426
-0.14200605814
-0.160908291564
-0.171104691564
-0.194459424976
-0.237113880526
-0.249541113779
-0.273858347013
-0.301675580425
-0.342227674938
-0.394060463801
-0.428265197208
-0.430808124827
-0.417385913741
-0.396431897005
-0.389077324782
-0.40613525256
-0.437455680332
-0.465279719391
-0.484269452644
-0.525171547158
-0.551060169285
-0.548211847062
-0.564260330296
-0.599959369354
-0.647598963696
-0.688850641464
-0.756608430327
-0.79645371919
-0.814874702614
-0.876332491477
-0.908487780359
-0.951883624701
-1.00332266356
-1.05029559149
-1.09898157472
-1.15444561358
-1.19451284699
-1.22050619135
-1.24418398024
-1.26508510253
-1.30799608594
-1.35043262464
-1.41962735803
-1.45790084143
-1.48279363014
-1.54215141918
-1.61943990256
-1.65916394127
-1.70071867468
-1.73134271355
-1.77892855805
-1.80268384694
-1.84848955239
-1.86897039693
-1.87601638018
-1.9002059747
-1.93231070793
-1.96936280245
-2.00855503568
-2.05820351909
-2.1151618636
-2.17359729118
-2.26536383019
-2.33272786905
-2.36851440793
-2.39454789135
-2.39992818006
-2.40604902459
-2.41891056348
-2.46089918578
-2.505953919
-2.52918420789
-2.55486727473
-2.57096631344
-2.58155882448
-2.60854480788
-2.60968454132
-2.62237108003
-2.68307831341
-2.72695179681
-2.76496958552
-2.79826237458
-2.82232030236
-2.80714809126
-2.78138518582
-2.74748797456
-2.75277715233
-2.77145063557
-2.775609119
-2.83461329675
-2.88785289127
-2.92709567997
-2.97236916338
-3.0077988966
-3.03667932456
-3.02942586346
-3.06353990233
-3.07491394121
-3.11537173009
-3.19739201894
-3.25990300234
-3.27453218004
-3.29084316345
-3.31918539668
-3.39642693553
-3.48089403001
-3.58286431887
-3.66834044114
-3.70146184114
-3.68200851877
-3.68821005782
-3.73869020779
-3.83479480227
-3.91087189661
-3.96988288002
-4.02609427998
-4.04866831887
-4.06361944117
-4.08606222988
-4.14761112986
-4.20465697437
-4.27144545758
-4.28449838554
-4.30191353554
-4.32002187989
-4.35475522441
-4.40445106874
-4.42689705199
-4.44255859105
-4.4512570743
-4.48169930771
-4.55085029091
-4.6476882188
-4.74156114655
-4.79821643543
-4.85621797429
-4.86510742987
-4.84765341313
-4.85582689636
-4.88119732414
-4.93150205754
-4.97891929094
-5.00144596872
-5.02696403538
-5.03514071316
-5.08627989092
-5.13654129106
-5.18553352429
-5.22267950754
-5.24923799096
-5.25041827986
-5.21547106877
-5.2027552464
-5.21639747981
-5.22475596324
-5.2807450021
-5.32658723533
-5.37511988523
-5.43356211863
-5.48544185186
-5.54422408541
-5.55883881867
-5.58819091319
-5.6121212019
-5.62844218532
-5.64742872422
-5.68639540196
-5.73726569082
-5.77393000749
-5.79842904655
-5.86333947413
-5.9439092075
-6.01372324636
-6.1267085352
-6.2413125742
-6.26256036294
-6.27616565201
-6.28044219088
-6.28656622959
-6.35830207408
-6.45409722403
-6.54071126289
-6.6191508574
-6.67103697969
-6.65297046295
-6.67068505747
-6.72251784634
-6.74994452411
-6.78655550734
-6.81814204623
-6.84994414074
-6.84451776307
-6.86319805177
-6.91748084064
-6.9569861297
-7.00667516855
-7.03217365179
-7.07386324631
-7.1162893686
-7.14331868509
-7.21469411282
-7.28407065168
-7.35585663507
-7.40213636831
-7.39343915722
-7.40319083499
-7.42069265183
-7.44107238507
-7.46788656284
-7.51679490736
-7.54756658497
-7.56532131838
-7.57498591291
-7.61719370177
-7.68740149063
-7.74077872387
-7.7451997073
-7.7259049962
-7.70932959057
-7.71768126835
-7.72472725177
-7.74140462392
-7.74420685735
-7.74787728513
-7.77578201836
-7.81720550177
-7.86632898499
-7.9129149684
-7.94266039617
-7.99387985153
-8.02078152931
-8.07647112399
-8.11278627398
-8.12131295176
-8.12283962955
-8.11916686281
-8.11789715169
-8.11553369058
-8.15856911834
-8.23192690719
-8.30323164059
-8.39382012379
-8.48427735717
-8.52631334058
-8.5297686293
-8.55605822381
-8.58939837399
-8.62749324611
-8.67678853499
-8.73676243496
-8.7689213349
-8.82123537396
-8.89353635717
-8.94095720169
-8.98395568492
-9.03373222379
-9.06820626268
-9.09100224594
-9.10557281278
-9.10001199056
-9.16809977938
-9.39489590146
-9.78263188479
-10.3227295348
-10.8838845458
-11.4592610845
-12.0534401234
-12.5679941624
-12.9833327844
-13.4020369621
-13.7597435009
-13.977601151
-14.0709799122
-13.996506312
-13.8390489621
-13.7475871676
-13.6863831509
-13.660883162
-13.6937826176
-13.7825372122
-13.8841141677
-13.955641262
-13.9891997453
-13.9837436453
-13.973768101
-14.0434983897
-14.2626450676
-14.6480791066
-15.1381062008
-15.6282677396
-16.0874137229
-16.4991820672
-16.8702966617
-17.2106108394
-17.5562661283
-17.892555306
-18.2275693449
-18.5567208838
-18.8772231171
-19.2478532669
-19.609033417
-19.9656667614
-20.3553245503
-20.7224578948
-21.0917249889
-21.4455956946
-21.7995539001
-22.1638101611
-22.5665126723
-22.9681146278
-23.3444089444
-23.6124852053
-23.8519731332
-24.0363698109
-24.270368572
-24.5940010832
-24.9444491499
-25.2797323553
-25.6693800051
-26.0419114051
-26.3675464163
-26.6908590662
-27.0274685218
-27.3550686716
-27.6867881272
-28.0322788328
-28.3568128716
-28.6713353826
-28.9645042826
-29.268038738
-29.5294213881
-29.7089913992
-29.9575557158
-30.2221762826
-30.5804997658
-30.9730790823
-31.3836328434
-31.7910302157
-32.1725741155
-32.5939642656
-33.0047601101
-33.3641095655
-33.6923997155
-34.0275622266
-34.3665711265
-34.729426971
-35.1500196209
-35.5278343543
-35.924885893
-36.3344904874
-36.6633593874
-36.9515038429
-37.2499637152
-37.556174143
-37.9220591539
-38.334969026
-38.7398220927
-39.1373789094
-39.5603918371
-39.9628049036
-40.3814456092
-40.7825060368
-41.1496634092
-41.5341389757
-41.9060177369
-42.2723808034
-42.6501458144
-42.9767802698
-43.322311531
-43.6956272365
-44.0024897476
-44.1602585088
-44.1753721309
-44.0667333919
-43.9952252087
-43.9490009142
-43.9035609253
-43.870091631
-43.856181781
-43.920661931
-43.9914452755
-44.0537780643
-44.0786776587
-44.0974490587
-44.1087392088
-44.115088803
-44.1182815921
-44.0988588253
-44.0932610588
-44.1332917643
-44.1941808031
-44.2492510922
-44.2995156865
-44.3261652809
-44.3190764032
-44.3172884976
-44.362484481
-44.3769174088
-44.3855789474
-44.4115654866
-44.4752946643
-44.5401243975
-44.596951492
-44.6247719198
-44.6653135975
-44.6975495807
-44.7317173699
-44.7552133531
-44.8061703086
-44.8778587919
-44.9501192197
-45.0183983975
-45.0812156307
-45.128191753
-45.1528553751
-45.1845663587
-45.2704338698
-45.3639567975
-45.4496890307
-45.4465043196
-45.4392098863
-45.474851564
-45.534646853
-45.6128576974
-45.6867404863
-45.7572982751
-45.8249284251
-45.8985049641
-45.9603091417
-45.9929051252
-46.009266664
-46.0753988972
-46.1086916862
-46.1284689195
-46.1499861529
-46.1422414418
-46.1691872861
-46.2243045196
-46.2650749474
-46.2988457918
-46.2998474697
-46.3299766472
-46.3615194363
-46.4159736141
-46.5100111252
-46.5951340527
-46.6137268418
-46.592816575
-46.5843313085
-46.5923261806
-46.5844060527
-46.6168170361
-46.6591994085
-46.7105103917
-46.7431870695
-46.7469518028
-46.756312925
-46.7562276585
-46.793104336
-46.8661490695
-46.9220100528
-46.9551242306
-46.9655421583
-46.9769193917
-46.9496721805
-46.9657270528
-47.0005912307
-47.0243465194
-47.0354950027
-47.078580986
-47.1465575248
-47.1941935083
-47.2483919915
-47.2736821416
-47.2827338194
-47.3270379972
-47.3940416195
-47.4387531583
-47.4627777527
-47.492082486
-47.5296122193
-47.5631169526
-47.5785561304
-47.6041822526
-47.6366807361
-47.687022414
-47.7493114528
-47.8507025749
-47.9574380027
-48.048288986
-48.1082119136
-48.153529147
-48.1640787416
-48.1688465304
-48.1639455693
-48.1852003026
-48.233798786
-48.2894815749
-48.3658581137
-48.448396597
-48.475301886
-48.5041289804
-48.5524112137
-48.6000070582
-48.6681148471
-48.6860108303
-48.6975161194
-48.7120333526
-48.7171948915
-48.7406001802
-48.7833361636
-48.8324632581
-48.854599797
-48.8903389748
-48.9244999581
-48.9679359414
-49.0275088691
-49.0870380469
-49.1408359747
-49.1865100135
-49.2180491915
-49.211095175
-49.1911036585
-49.168709086
-49.1930700699
-49.2419716081
-49.2630175917
-49.3127098256
-49.3508115018
-49.3489798468
-49.3259695803
-49.3430243143
-49.4107351584
-49.4747741966
-49.51988268
-49.5494567196
-49.5655521476
-49.573516881
-49.5583009183
-49.5298250977
-49.5125866354
-49.5527076186
-49.625758741
-49.695966531
-49.7126780686
-49.7399703025
-49.7778062865
-49.8271922686
-49.8890470026
-49.9533015967
-49.9790657746
-50.0331735628
-50.0655913524
-50.0703185859
-50.0839170698
-50.0745568033
-50.106096397
-50.1486979352
-50.1895964191
-50.2717443474
-50.3269490795
-50.3883527025
-50.4468756309
-50.5115235575
-50.5825188474
-50.654473024
-50.7021249809
-50.757938603
-50.8189219468
-50.9084166793
-50.9599062748
-50.9834392028
-50.993737964
-51.0181395021
-51.0760129861
-51.1251364682
-51.1495448137
-51.1682182958
-51.1917985855
-51.2493626254
-51.4113854125
-51.7045712574
-52.1486950181
-52.7115558628
-53.3243760137
-53.9045988013
-54.39344423
-54.8687677128
-55.2929105012
-55.6954038471
-56.1082591355
-56.3574683129
-56.5051304079
-56.4656969462
-56.3082769577
-56.1601355791
-56.09443573
-56.0850289343
-56.1051497792
-56.165261318
-56.2317571629
-56.2343880068
-56.2180751009
-56.2195246967
-56.2229867889
-56.2348556907
-56.2537479244
-56.2599221014
-56.3050278074
-56.3493424023
-56.3916408842
-56.4207436731
-56.4439671569
-56.4616443915
-56.5016714847
-56.5343991347
-56.5707913684
-56.591268185
-56.6145354188
-56.6403068188
-56.6799771068
-56.7297130905
-56.8000011585
-56.8251600568
-56.8513215974
-56.8971606354
-56.9373591192
-56.9884481572
-57.0453121951
-57.0957044288
-57.1436904126
-57.1901013946
-57.2474029344
-57.301332113
-57.348749345
-57.3961633847
-57.4327707556
-57.4795791022
-57.50298078
-57.486758568
-57.5012721907
-57.5416424787
-57.5985434616
-57.6632419453
-57.7286404291
-57.7449582179
-57.7310880915
-57.7230772675
-57.7234632513
-57.7519403462
-57.8178168842
-57.8819466196
-57.9550788507
-57.9854367802
-58.0037301243
-58.0114291614
-57.9934501461
-58.0073616849
-58.0379014179
-58.0696192068
-58.0985329683
-58.118740896
-58.1701859058
-58.2370654999
-58.3057857913
-58.3626060792
-58.3730208122
-58.378323602
-58.4311686135
-58.4737733455
-58.5082000232
-58.5192272562
-58.5125393519
-58.5271035298
-58.5539213168
-58.5677417447
-58.6104307862
-58.6658912112
-58.7301120579
-58.7980042898
-58.8326095788
-58.8444712565
-58.8327922395
-58.874219336
-58.9068121232
-58.944210607
-58.9497690899
-58.9531300737
-58.9629728625
-59.0369021783
-59.109169412
-59.1032416467
-58.9522820737
-58.6615275
-58.3895923738
-58.2846018289
-58.3464473959
-58.499097963
-58.6342549179
-58.7769400687
-58.9277221618
-59.0415924515
-59.1264127413
-59.1700674733
-59.2318274857
-59.2695759676
-59.2791088955
-59.2675173784
-59.2569794741
-59.2432374019
-59.2688667176
-59.3221802005
-59.3667942403
-59.4266734171
-59.5039249568
-59.5355958
-59.5528255354
-59.5949927692
-59.6149040282
-59.632524318
-59.6519415499
-59.6853218406
-59.7297640743
-59.7605193615
-59.8236428452
-59.8778481341
-59.9167814789
-59.9066774619
-59.9016416397
-59.9009438743
-59.9286736081
-60.000664728
-60.0982464076
-60.1762416955
-60.2296157345
-60.2804049122
-60.2819515891
-60.2705350737
-60.1652541119
-59.9247345408
-59.5514505239
-59.1257070614
-58.6936941558
-58.2673651406
-57.8997823747
-57.5371971061
-57.2011648952
-56.8616900446
-56.6303421405
-56.5187321524
-56.5558589677
-56.7307377306
-56.9145852415
-57.0429741415
-57.1242137346
-57.1921533295
-57.2482334803
-57.2671830725
-57.2944315563
-57.2801680969
-57.2499864392
-57.2597854799
-57.3020402136
-57.3631042516
-57.4375557896
-57.5059296905
-57.5604344225
-57.6055365191
-57.6315704173
-57.598093764
-57.4258347462
-57.114638508
-56.7307903241
-56.3274806124
-55.9184834006
-55.5510788304
-55.1929159247
-54.9369969077
-54.8534402518
-54.9117858188
-55.0823437461
-55.2952011182
-55.4613808514
-55.5345644736
-55.5539050407
-55.5671165796
-55.5984779804
-55.5968686838
-55.6411868898
-55.6912363475
-55.7367763578
-55.7793947008
-55.5706074908
-55.2458791688
-54.8607758469
-54.4468954395
-54.0218086457
-53.5636801859
-53.1249297801
-52.7372793744
-52.3725945246
-51.9900696741
-51.6444967692
-51.3186920591
-51.0576542906
-50.9491569405
-50.9848905644
-51.1769193237
-51.3734141959
-51.4902503189
-51.5612600522
-51.5780289521
-51.5748847962
-51.5644877248
-51.5620773179
-51.5805862197
-51.6387691475
-51.6937623534
-51.7089863906
-51.7501373752
-51.7899421071
-51.8315911461
-51.8538219918
-51.889433529
-51.9381163187
-51.9431935533
-51.9883763414
-52.0161096863
-52.0230244174
-52.0792322071
-52.1433587468
-52.1993040366
-52.2294769634
-52.2561598912
-52.3261858741
-52.357422413
-52.373047007
-52.3940022977
-52.4223007797
-52.4402742634
-52.4570733023
-52.5218492851
-52.5615733241
-52.6299404197
-52.6854076517
-52.7511055803
-52.8072258701
-52.8294499072
-52.873629641
-52.9369213196
-52.9910728576
-53.0326312007
-53.0816707973
-53.1378817793
-53.1671495682
-53.1743268029
-53.1843445918
-53.2101091849
-53.2460639187
-53.2878442075
-53.3346119964
-53.380097425
-53.398902157
-53.4223480019
-53.4722995399
-53.5168730254
-53.5440913676
-53.6262392954
-53.6806127792
-53.7258425146
-53.7351261347
-53.7102414245
-53.7645265741
-53.7959750578
-53.8230553466
-53.8632132744
-53.9178023142
-53.9688981573
-54.0285621953
-54.0831110979
-54.0852706893
-54.0832604239
-54.0848914086
-54.0836180864
-54.0901828193
-54.1444656073
-54.1803833979
-54.216213685
-54.2662121688
-54.3053606526
-54.3378559405
-54.3896517853
-54.4234831845
-54.2840334727
-53.9962976524
-53.6208662745
-53.2524421171
-52.8755646293
-52.5342054736
-52.3549138185
-52.3568182727
-52.5404434243
-52.7558178793
-52.8247541421
-52.8359635972
-52.9100281904
-52.9903791749
-53.0402869629
-53.1027578078
-53.1599786526
-53.1995682458
-53.2474265907
-53.2822474355
-53.3025432804
-53.3483116244
-53.2539685796
-52.9759790067
-52.5753817968
-52.145044586
-51.7493541811
-51.3638711366
-50.9808417031
-50.6302949084
-50.2733975587
-49.9056602082
-49.5635571635
-49.2113916189
-48.8946805191
-48.7175562234
-48.6944191516
-48.8370240245
-48.9990475079
-49.1038022411
-49.1329332244
-49.1505575424
-49.2126278303
-49.3141646465
-49.3536703525
-49.3630792525
-49.2797913457
-49.0891605254
-49.0197894245
-48.8522541585
-48.6421316689
-48.277005708
-47.8593901635
-47.4436053137
-47.030798658
-46.6288993643
-46.2874457646
-45.9631791096
-45.6451349539
-45.3562856584
-45.0831763655
-44.7692888751
-44.4895501364
-44.2861050079
-44.0867823804
-43.8760779476
-43.6490579589
-43.4299635253
-43.1858135367
-42.916157298
-42.6474467533
-42.3502749587
-42.0872755251
-41.8102692865
-41.4982630479
-41.1935229203
-40.8925015428
-40.5852307187
-40.2567343428
-39.9277165764
-39.6239931151
-39.2996228479
-38.9370724425
-38.6735385658
-38.4321321881
-38.1042951149
-37.8972692933
-37.6202534709
-37.3116132036
-37.0076911311
-36.6999158647
-36.3908244871
-36.0914857484
-35.7756632589
-35.46189341
-35.1455864764
-34.8115603757
-34.5012467751
-34.2270638711
-33.9430576324
-33.6648263921
-33.4107657093
-33.2458512747
-33.2255042038
-33.3817558828
-33.584554366
-33.7518715975
-33.8431339706
-33.9324239825
-34.0026791316
-34.0459441436
-34.0976966538
-34.13638472
-34.1373566752
-34.12624002
-34.136520726
-34.2139476811
-34.2922090819
-34.3318492319
-34.371842575
-34.4010534208
-34.4340335716
-34.4875694155
-34.5268022035
-34.5538861053
-34.5373644485
-34.3933547375
-34.1261240536
-33.7552696213
-33.3641657443
-32.9761649197
-32.5728953486
-32.1865570258
-31.845638427
-31.5251474653
-31.1925345595
-30.8475508217
-30.5273701365
-30.2019061209
-29.8697519665
-29.5943822552
-29.4517133765
-29.4595313047
-29.6477100656
-29.8928782707
-30.0704289774
-30.1759871807
-30.2554771926
-30.3231245649
-30.4109270769
-30.4398247269
-30.3079505702
-29.9663821094
-29.5553048994
-29.1608832428
-28.7329928381
-28.3229054891
-27.9271311937
-27.5526125932
-27.1911251045
-26.9292906725
-26.6951162381
-26.4663899994
-26.2353048718
-25.9649318271
-25.6842639222
-25.4062647655
-25.1017361658
-24.8058027066
-24.4546297982
-24.1206574485
-23.8051038488
-23.4990741387
-23.1820699838
-22.8782819383
-22.5685506997
-22.281027655
-21.986679612
-21.6783347596
-21.4488749106
-21.2328065881
-20.9941463225
-20.7329985569
-20.4583212062
-20.2079455227
-19.9639641442
-19.6932005453
-19.4050212506
-19.0995004264
-18.8256879396
-18.53979045
-18.1830921285
-17.849264639
-17.5513459003
-17.3434214676
-17.1703188391
-17.0365710717
-16.8907045561
-16.6595251234
-16.4195988846
-16.147395145
-15.8543696012
-15.5883815558
-15.3202967059
-15.0477963002
-14.7592026996
-14.4763772939
-14.2038768899
-13.922720791
-13.6612959404
-13.4279517846
-13.169592628
-12.9104965282
-12.6446593174
-12.4825511338
-12.3498601732
-12.2017286568
-11.9659353334
-11.6929882627
-11.3573304955
-11.076205367
-10.7749146844
-10.4306345559
-10.1052074853
-9.77058610605
-9.39900236831
-9.043296683
-8.68614364012
-8.34246240151
-7.99838699579
-7.66941256227
-7.36178812873
-7.02101161146
-6.69947481678
-6.48405927372
-6.45281164587
-6.59887276716
-6.83284777898
-7.03428640112
-7.17780682835
-7.29130378518
-7.36899324028
-7.38338964026
-7.4045235403
-7.43051007914
-7.44154092319
-7.45034051895
-7.49614622315
-7.54807331799
-7.47095735528
-7.24491264614
-6.93109987794
-6.73791252889
-6.71449934505
-6.81675630185
-6.92733256202
-7.02794340777
-7.1454417517
-7.23004648369
-7.27453927432
-7.3326283123
-7.36692054607
-7.36946069433
-7.35044209523
-7.36649057901
-7.39058906101
-7.25997365693
-6.98269408488
-6.60506840184
-6.22122702308
-5.80330439603
-5.49119399014
-5.34520650129
-5.39494012351
-5.5680724956
-5.7253304246
-5.8313197399
-5.89453794581
-5.99575809578
-6.04764505003
-6.05701339579
-6.08068479754
-6.11603064066
-6.14752648378
-6.19463427355
-6.23540872951
-6.27448012772
-6.32496347433
-6.30538931839
-6.13695016083
-5.8294092009
-5.43695268319
-5.01610241898
-4.60657340041
-4.23024702421
-3.89671536844
-3.58690301785
-3.27078066809
-2.89181970809
-2.5016687455
-2.16866209148
-1.86447668487
-1.54626114197
-1.24334809643
-0.91047310781
-0.629098813115
-0.51371951996
-0.551640640405
-0.76292620653
-0.99109288463
-1.15014456361
-1.27870568488
-1.37918208484
-1.45988987459
-1.49257696856
-1.5010233686
-1.53689699122
-1.59122672499
-1.6433725681
-1.70172771891
-1.76900425867
-1.80181940692
-1.8410553907
-1.87207679066
-1.89455971845
-1.92754986841
-1.96767404623
-1.96924447401
-1.95214045688
-1.9527989398
-1.99611686933
-2.07196160217
-2.12983189014
-2.17611523504
-2.22296371881
-2.27117525764
-2.30202804652
-2.29936152945
-2.33094487435
-2.36051210634
-2.39633559011
-2.4155810196
-2.42652075252
-2.4731472905
-2.49445577342
-2.5429635614
-2.58819329688
-2.64523233485
-2.69159956863
-2.72398041267
-2.7633950075
-2.79344349127
-2.84186739038
-2.8929194835
-2.94746796897
-2.99764506387
-3.04139090698
-3.11605800095
-3.1856970407
-3.25052719152
-3.2895913693
-3.34575540727
-3.38482319619
-3.39244154017
-3.40180266286
-3.43211045084
-3.50127143632
-3.58993811142
-3.6595771529
-3.68910744003
-3.72694022979
-3.76556051778
-3.80737775155
-3.86433609468
-3.92479083016
-3.96180792286
-3.96443196177
-3.97874044636
-4.02187378948
-4.07160977326
-4.14982381124
-4.230487851
-4.26277438985
-4.28530106764
-4.31548399537
-4.37344178513
-4.46477082397
-4.52829166709
-4.58712445686
-4.60878294149
-4.61477892264
-4.60463476839
-4.61923950217
-4.60958979109
-4.48659327503
-4.18937370043
-3.77917510163
-3.47421233469
-3.29982748471
-3.28450485693
-3.41918056196
-3.60870876956
-3.77466933572
-3.89378003989
-3.95791338475
-4.00332492359
-4.04204632363
-4.05206411425
-4.04056370652
-4.03138205229
-4.04314664541
-4.09611693517
-4.14940666892
-4.13818195784
-3.99777294178
-3.78232225597
-3.64876213045
-3.64133088984
-3.75896451199
-3.87256632903
-3.94109522806
-4.00058107381
-4.11545803062
-4.21839442974
-4.27697152281
-4.33488917364
-4.38357876854
-4.43576836166
-4.48773240314
-4.53553699711
-4.59528853509
-4.67691868416
-4.72202758591
-4.72593037397
-4.49595774598
-4.3486605358
-4.30109373912
-4.3887783348
-4.50066348562
-4.62017391247
-4.76925656239
-4.88058615726
-4.91680658504
-4.95525506704
-4.98663285592
-5.01380064654
-5.02837162947
-5.04893316838
-4.94889581673
-4.71398346959
-4.35994625697
-3.88735335137
-3.49703794556
-3.26206615072
-3.19288046954
-3.28774367456
-3.47714743385
-3.69026369481
-3.88614565162
-4.0218339964
-4.09602622839
-4.12148415617
-4.06956555707
-4.01148862246
-3.98765669007
-3.96640003583
-3.96924282474
-4.00778241786
-4.04854965159
-4.08433299642
-4.12033828533
-4.16578676732
-4.19133580795
-4.190685402
-4.13542124521
-3.944925286
-3.59406821145
-3.1869112784
-2.78994170734
-2.34998630162
-1.95975103483
-1.53933146199
-1.12303119606
-0.766682042105
-0.42874163551
-0.0678260909
0.286526951995
0.610521107735
0.91234040328
1.24039969789
1.43766635373
1.48343259176
1.45289841447
1.30534256923
1.13885658598
1.05028254764
0.993589481415
0.891261969475
0.79790682038
0.754288614425
0.709754854185
0.67646164823
0.648721498195
0.60431579224
0.561088142275
0.52507924224
0.48496784142
0.49948380336
0.48364004226
0.426641143155
0.35996988121
0.28884014745
0.22654749834
0.22728179323
0.22508844747
0.1737838535
0.126275510385
0.05457660779
-0.02992103953
-0.045619940355
-0.092596480115
-0.155763713875
-0.18569733564
-0.224842625405
-0.28017180225
-0.358342092005
-0.41468432399
-0.44998641889
-0.47395684667
-0.49485796754
-0.513894647075
-0.550633685055
-0.600891474815
-0.666068012795
-0.707148301695
-0.746034285395
-0.739740129445
-0.738164170075
-0.747528903
-0.768447245265
-0.790408785885
-0.809886574765
-0.80380755769
-0.818981039685
-0.866745079445
-1.04722717503
-1.35305996453
-1.78682816848
-2.34173012505
-2.92790652297
-3.49973292441
-4.00681612922
-4.46370808316
-4.8783479568
-5.28717546853
-5.74613367334
-6.21520132394
-6.68729133562
-7.16882454043
-7.65250510636
-8.12385775611
-8.51060096103
-8.72588736185
-8.74205056784
-8.63695196709
-8.54010892312
-8.41445782318
-8.23616811231
-7.97408659455
-7.67469674656
-7.33575689512
-6.93125260146
-6.50898580596
-6.07341220717
-5.64298430059
-5.18557584066
-4.77125793501
-4.41424572245
-4.0690496245
-3.70508157899
-3.34775714546
-3.15232201867
-3.09649369596
-3.18777662324
-3.34547885737
-3.51064553546
-3.61671596274
-3.72208277889
-3.84268056773
-3.93271030146
-3.80480045078
-3.50518504592
-3.07564533428
-2.64854562349
-2.20070841264
-1.74070550784
-1.30142329699
-0.867613030145
-0.451346511585
-0.056083605855
0.233307353315
0.522940397155
0.77463219185
1.00091204341
1.2706256423
1.55097049121
1.83953353676
2.12018463739
2.42121323711
2.74523433688
3.04104988151
3.35397528723
3.674452637
3.95958318249
4.26221372446
4.60175163148
4.93680411925
5.27373785872
5.59624090339
5.86674839206
6.14292296363
6.4042225369
6.68429405252
7.00790043094
7.35390000249
7.67049957576
7.97615845333
8.29892358085
8.63101426356
8.97259550217
9.30328618658
9.66197687099
10.0165482467
10.31363532
10.5994280865
10.8692990469
11.1456518142
11.4528081909
11.7495588745
11.9177345573
12.0059010756
12.1145025922
12.2713166087
12.5142711795
12.7688668648
13.0082042147
13.2470840627
13.4733097463
13.727320291
14.0189859736
14.310432908
14.6074834518
14.9244370533
15.2761113471
15.6196075866
15.9705413243
16.3052939518
16.6441996353
16.9741537903
17.1655205859
17.2918002965
17.4218834783
17.6369697179
17.8985485973
18.1852127526
18.4291202413
18.7137927291
19.0330582737
19.3426518743
19.6572803343
19.9641244901
20.2593279501
20.5431496067
20.8248644581
21.099851807
21.4008804068
21.7474291471
22.026097884
22.2558403736
22.4467556402
22.7769307681
22.9861878397
23.2688947732
23.5431543456
23.824784057
24.1074705734
24.4269034787
24.7616624961
25.1052590116
25.4095378891
25.7051374607
25.9736152281
26.2995668851
26.6323238187
26.9498525564
27.2498443512
27.5577412837
27.7497647465
27.9093148725
28.0784531941
28.2458145734
28.4902940062
28.7297859389
28.9752278733
29.2413531398
29.5184568776
29.805269506
30.0863613007
30.3669112893
30.6336530841
30.9487655727
31.2316307003
31.5025620787
31.8219620673
32.1236766398
32.4207569061
32.7274420338
32.9596978563
33.173686733
33.3808438064
33.6111550459
33.8470594786
34.0798978003
34.3211329279
34.5790705546
34.8785337381
35.2034224785
35.515919968
35.788261761
36.0629223056
36.3475140986
36.6475833942
36.9578464379
37.2617251774
37.5599565559
37.8592716817
38.0750675051
38.1835238837
38.1546690107
37.9890953876
37.7527506553
37.6125050883
37.5274218831
37.4488474273
37.3481085273
37.2987153213
37.2666912824
37.2481350213
37.2525073731
37.2278365265
37.1797156833
37.1068824765
37.0528116334
37.0010121791
36.9649663325
36.9604136843
36.9382438116
36.9441004659
36.9607665676
36.960855027
36.902153489
36.8284890339
36.7867556873
36.7323817882
36.6906949737
36.7195978788
36.8463600889
37.0969188289
37.474938262
37.8632051941
38.2775029592
38.691443921
39.0709568266
39.4184209824
39.7459351382
40.0151269329
40.0662206718
40.0105069115
39.8664245394
39.6613578596
39.5015154884
39.3977574231
39.3480615765
39.2563721213
39.1629330834
39.1066779343
39.0717695876
39.0315643006
39.0169928988
39.0310745565
39.0982856538
39.2667316165
39.5362438273
39.862196734
40.2509710277
40.5886415732
40.7864226722
40.8202889103
40.6633476493
40.4889433332
40.3312547111
40.2271060898
40.1535696872
40.058413983
40.0341100829
40.4372588223
40.826056866
41.2865210207
41.7456457333
42.2136986381
42.6629386259
43.0846265315
43.4745181864
43.7712253999
44.0250471938
44.2284557945
44.3894806444
44.5892278554
44.8410645086
45.0729881101
45.3117367099
45.5804540597
45.8695489104
46.1540062592
46.4376693049
46.7242198486
47.0245078924
47.3247891327
47.6052620377
47.8926000814
48.1916025709
48.4615249224
48.7501622696
49.0206501753
49.188637665
49.1185390424
48.9503400041
48.7986311045
48.6619685932
48.6218471931
48.5320895414
48.4911942535
48.4493734103
48.3797239526
48.3052519992
48.2636125442
48.2060754493
48.1537108544
48.1030593147
48.0727852775
48.0543169318
48.0234335869
47.9755314938
47.920673149
47.8610054981
47.7969664602
47.7536549195
47.7294115772
47.7189458703
47.6895500272
47.6582729324
47.6206047263
47.5898426323
47.5577784546
47.5086887209
47.4484924607
47.3813580043
47.3364714654
47.2994599264
47.2604864444
47.2244783761
47.1858548922
47.1387908544
47.1111418154
47.0900922214
47.0607842937
47.0512509487
47.0801674659
47.0478471762
46.967529527
46.889359239
46.8258451992
46.7762842155
46.7202286489
46.666245304
46.6301525152
46.6210936152
46.6263851323
46.5731085943
46.5116945545
46.4616049597
46.4018939759
46.3396049379
46.3197502041
46.2815674162
46.2062376824
46.1240929495
46.0850283546
46.0600007047
46.0267147209
45.9967974889
45.9575646992
45.9054662155
45.8132517604
45.7660059155
45.7559949335
45.7646082531
45.8770372709
46.1451898989
46.511763638
46.9166018211
47.3301931981
47.7417283269
48.1085609548
48.4283217768
48.740981904
49.0218457818
49.3081716048
49.5739349258
49.8349190824
50.089868933
50.3104748931
50.443801826
50.4273952875
50.2717087491
50.0942347091
49.9377201148
49.8481703832
49.818807455
49.814638137
49.795385487
49.7496167268
49.6899892148
49.6314085106
49.5589221098
49.5053730709
49.470942782
49.457202632
49.4346755389
49.3969202482
49.3353681552
49.3133628663
49.3158981317
49.3061865928
49.298131165
49.2602951812
49.1811623932
49.1044426604
49.0427629266
48.9683587479
48.9388284608
48.9045362271
48.8696314933
48.8275955113
48.7924250818
48.7862171541
48.7982899211
48.7855664373
48.8000892045
48.7875844707
48.7471270998
48.6807255583
48.6106963831
48.5643259554
48.5034301088
48.4565346819
48.4472273092
48.3844538273
48.2991992333
48.2587346367
48.1872580987
48.107162809
48.0823105779
48.0463932034
48.1411841661
48.3416587365
48.5574115052
48.693817744
48.6569132881
48.5672495279
48.4688329873
48.3428070045
48.2560179665
48.2205408699
48.1996257217
48.1533929319
48.1140598653
48.0913108264
48.0442062324
48.0011671944
47.9621025978
47.9414873098
48.01156952
48.2392329808
48.4864353315
48.6685808763
48.7377164212
48.7227307153
48.6323669534
48.5057822214
48.3527223479
48.2079271979
48.146546492
48.1035813437
48.057813416
48.0685267372
48.2276170051
48.483717966
48.825208926
49.1976884979
49.6127300165
50.0071247274
50.2927463832
50.4042255366
50.3626799713
50.1962417645
50.0278781423
49.9068456322
49.7916688151
49.7037490822
49.6488437917
49.5836568375
49.5632265503
49.5249534811
49.468395693
49.4036534593
49.4527388669
49.655969689
50.0037678712
50.4158111939
50.7958996548
51.0333082547
51.0933000479
50.9612794808
50.7546783587
50.6199079332
50.5673711152
50.5304097162
50.4345744256
50.3819273325
50.4868582925
50.7447160586
51.1047570203
51.5005417303
51.898968665
52.2973382361
52.660129058
52.9979823818
53.3165045917
53.6044961086
53.7295447094
53.7372078931
53.643293159
53.444570231
53.2662649426
53.1439965973
53.092415476
53.0518196312
52.983704621
52.9383733599
52.9016066816
52.8933352816
52.8528301308
52.7888817868
52.7193703877
52.6541870411
52.6083375869
52.5798874369
52.523817704
52.3526038033
52.0771171266
51.6334718371
51.1202708546
50.6108319531
50.0992998603
49.598530264
49.1183199772
48.6427535766
48.2097093974
47.7642803606
47.3303611831
46.9206858936
46.5303047713
46.1403137878
45.7469134983
45.3649693208
44.9974490331
44.780873328
44.6926197058
44.7486998322
44.8694131549
44.9965003654
45.0571585483
45.0722492329
45.0608274158
44.9934192091
44.9040854488
44.8153204369
44.7762016758
44.7678427775
44.7828833206
44.7746119207
44.7399187164
44.7113035647
44.6620921655
44.5968682665
44.5566156165
44.5195667156
44.4836521208
44.4304562777
44.3670261268
44.3299302819
44.265063188
44.1979178982
44.1323913602
44.0512528774
44.0038757825
43.9728611876
43.9697053436
43.9672964436
43.9545292099
43.9116150329
43.8551921043
43.8001623724
43.7260508326
43.6723299895
43.6288466429
43.606360104
43.5897798168
43.5587250831
43.5009386823
43.4613824211
43.4177240763
43.3706901764
43.3397197485
43.3185421003
43.2866894485
43.2349473546
43.1903702614
43.1180588606
43.0598827398
43.0140373103
42.964556606
42.9666070102
42.9852390833
42.9582057384
42.9157791987
42.8416339107
42.7767568158
42.7375172227
42.716864571
42.6966530338
42.66327955
42.6339680095
42.7188241093
42.9234850728
43.2797571448
43.6873375487
44.1154330933
44.5662750267
45.0025650163
45.4078129211
45.6654645779
45.7599213701
45.66028261
45.4496600989
45.2338782819
45.0670896598
44.9624100659
44.8428960262
44.774825183
44.7991343381
44.8224778001
44.8486412594
44.8373141663
44.7899844325
44.7081423386
44.6478152437
44.564219954
44.4993428609
44.4604668763
44.4319897832
44.3301607443
44.2535108713
44.2407805823
44.2327211272
44.2214783383
44.2078830503
44.1800220649
44.1326012217
44.1039459328
44.0553005042
44.0264296611
44.0033775662
43.9836167222
43.9909239316
43.9395760047
43.8740434932
43.8253507061
43.7982206937
43.7897779047
43.759423171
43.724201771
43.6938402321
43.6808879992
43.6449770171
43.5848726979
43.51304616
43.4395535108
43.4073107219
43.3889804331
43.3926463951
43.3544198535
43.3313244258
43.2978566387
43.2732632929
43.2534418947
43.2494616057
43.2333220109
43.1947422771
43.1646364314
43.1237343383
43.0720359943
43.0457869554
42.9881791674
42.9427270708
42.9161280336
42.8855003819
42.8483170388
42.8181810551
42.8084189593
42.8190479781
42.8364176892
42.8234317037
42.7783364157
42.688966126
42.5761088931
42.499739162
42.4583999825
42.3995234428
42.3482562108
42.2805791159
42.217808828
42.1956249262
42.1793982484
42.1624242112
42.1336846147
42.1103668275
42.0518840377
41.9962012498
41.9521054067
41.8844419221
41.8351028841
41.7903949563
41.7338809148
41.7219449329
41.722070755
41.718225329
41.6736987875
41.6415434986
41.5981544606
41.560850282
41.505123744
41.4763340112
41.4508391385
41.4417838497
41.427166339
41.3764317437
41.3734982607
41.3591460278
41.303285044
41.2345647543
41.2063068266
41.2032858436
41.172820833
41.109481795
41.0031902544
40.9187199664
40.8880457895
40.8799429997
40.8837064608
40.9007261719
40.8888271331
40.8381687899
40.7928515544
40.7608644604
40.6971686173
40.6749883266
40.6844392895
40.6719309447
40.6510595447
40.6091548109
40.5622188271
40.5140979823
40.4761271392
40.4321255994
40.3636240614
40.3110375209
40.2736791777
40.2849680559
40.284006517
40.2756881713
40.2577985781
40.2280089815
40.1781417495
40.1163777097
40.0714979777
40.0155562991
39.9490672612
39.8868657214
39.8520416843
39.7887901445
39.7398416625
39.7073395659
39.6735723322
39.6255056553
39.5884503664
39.5600038275
39.5368240937
39.5032318618
39.4703432391
39.4194765605
39.3454761328
39.2730033456
39.1773398611
39.0359540171
38.9558924765
38.9474533005
38.9521387055
38.9300121676
38.8872793778
38.8491407552
38.8056610232
38.7083478163
38.5076600277
38.1544459899
37.7028747282
37.2071629106
36.7096473437
36.252887194
35.9576699603
35.8238160602
35.8903713282
36.0230829842
36.1657326934
36.2674387942
36.2698054494
36.2220346063
36.1849287605
36.1527297233
36.1339213767
36.1179098396
36.1105576067
36.1148898161
36.1560864728
36.2147289617
36.2596913109
36.2752235219
36.1419778161
35.9382043333
35.5560109895
35.088168756
34.5561584675
34.017767484
33.5111390006
33.0321167672
32.5698575888
32.1404073011
31.7192695117
31.2877561689
30.8394865726
30.3971701737
30.004065718
29.6131920952
29.2209895835
28.9143895734
28.6482173402
28.4042399674
28.1096037073
27.7529832793
27.4071659072
27.0543995057
26.6646338008
26.3007612891
25.9747630842
25.6160097395
25.2689809796
24.9368372186
24.6135209569
24.2617640029
23.8533102411
23.4234695362
23.012444939
22.5878172893
22.2236790852
21.9982658802
21.7449665615
21.5236521075
21.2591664008
20.9398751407
20.603827629
20.2308952579
19.826867053
19.4275100955
19.0080918915
18.6384949366
18.2708671471
17.8759457456
17.5041343467
17.170812947
16.8115040473
16.4325650095
16.0484161089
15.6710151245
15.386468585
15.129480936
14.8384725914
14.4972861926
14.1428909031
13.7590176973
13.3758412976
12.9920961462
12.5978541922
12.2243027925
11.8439833377
11.5007502709
11.1660753963
10.7764942752
10.3456970413
9.91280703135
9.48765757561
9.0434463148
8.6418849142
8.23852615249
7.97151308729
7.85324335396
7.86694737061
7.97523249744
8.11453276487
8.2209498366
8.27614926864
8.29503939639
8.26708008099
8.1744249302
8.04817617092
7.94633310299
7.88866434189
7.857777803
7.8308820979
7.69323125229
7.39416971362
6.91228692588
6.34749747111
5.80830218163
5.42237703006
5.2045395207
5.18505450876
5.2943567189
5.40117518168
5.51516864276
5.57995335295
5.58279764869
5.58449805294
5.55007457095
5.53764691919
5.53562857694
5.5133607863
5.46256438545
5.4454153483
5.42485700341
5.3937854645
5.32664656456
5.23335196977
5.03239168193
4.71407333636
4.28047693662
3.81568637158
3.37924899878
2.92312051489
2.4539918929
1.9882356303
1.5278272874
1.05876283265
0.6052801812
0.19256253235
-0.2058994234
-0.6095540189
-1.0202158348
-1.4476804294
-1.89342933
-2.34924392465
-2.7211486556
-2.9277256124
-2.93780437265
-2.83152813295
-2.76203564585
-2.71135885015
-2.6796427501
-2.713629151
-2.8163336052
-2.94440945
-3.05797348975
-3.1441905854
-3.1506280948
-3.1073751897
-3.0832747855
-3.06756757265
-3.06432591755
-3.0779312064
-3.15032330035
-3.2305534512
-3.29066179605
-3.31030458495
-3.31171042895
-3.34346877386
-3.37439267297
-3.40999740674
-3.49284575071
-3.57342229036
-3.66301133013
-3.73715981212
-3.80544260188
-3.858550945
-3.8963126236
-3.94194291251
-3.97349125522
-4.0031022407
-4.06408197448
-4.11390545647
-4.12449518939
-4.1453629783
-4.1644302103
-4.16398813979
-4.19770842956
-4.21626066249
-4.25610914443
-4.28244929618
-4.27820458331
-4.27264653893
-4.2739648847
-4.30672947776
-4.34710296154
-4.38962380638
-4.41647854015
-4.45050507813
-4.47880675592
-4.53234940503
-4.5784978888
-4.66060248278
-4.71126082934
-4.72788486647
-4.74795835025
-4.77420419508
-4.8059733733
-4.83410366222
-4.89259325534
-4.93948590616
-4.96747813994
-5.04171731683
-5.08201691259
-5.10642844972
-5.11802124035
-5.13560458347
-5.14352556635
-5.18324641296
-5.21136989495
-5.22895282274
-5.28366630737
-5.33603090048
-5.40352618847
-5.45417731112
-5.51773510088
-5.5868021948
-5.64305692858
-5.70369027341
-5.68904306148
-5.6730733521
-5.70702516702
-5.78186365164
-5.82718088364
-5.86209242255
-5.94770979428
-6.012098834
-6.08021023482
-6.1433305228
-6.19311025658
-6.23563429549
-6.27930583438
-6.32103195702
-6.38139918897
-6.42021767364
-6.45687240563
-6.48967713941
-6.53468770518
-6.59413299494
-6.66246995091
-6.72988093285
-6.79195441662
-6.83071276324
-6.87157749527
-6.92350139609
-6.95211293323
-6.96567766615
-6.95566115078
-6.95451949569
-6.95469353282
-7.00438618364
-7.09926216656
-7.17541995621
-7.23548455111
-7.28185178311
-7.315097628
-7.35205861
-7.40062334375
-7.45289363351
-7.5140014215
-7.57082490522
-7.62730200006
-7.67161576161
-7.68338035474
-7.72463245135
-7.81014274019
-7.8545042791
-7.90717512222
-7.92633666285
-7.92091750511
-7.92323529574
-7.93626502951
-7.95122656665
-7.97839796834
-8.02454686746
-8.04838965459
-8.08823494435
-8.09781842899
-8.12393260677
-8.17068678363
-8.23026012938
-8.27413680539
-8.29899584345
-8.20255238339
-7.97772586733
-7.59235643429
-7.19565936233
-6.83115909462
-6.45299882954
-6.03065786783
-5.63601107323
-5.28869858285
-4.96469123396
-4.63953957994
-4.31478847752
-4.00632599063
-3.7137447502
-3.41100670645
-3.1166590789
-2.99804228405
-2.98502840705
-3.1176514732
-3.35043842815
-3.54666038405
-3.6979642848
-3.8080720728
-3.88056166769
-3.89841751341
-3.89588585568
-3.88721878351
-3.87169337928
-3.88262672239
-3.88101381816
-3.90550605015
-3.95410814505
-3.99522857279
-4.00743747276
-4.01015220568
-4.01654235566
-4.04366597835
-4.0887139052
-4.11305113988
-4.13102823299
-4.14550171848
-4.17892575561
-4.25132104538
-4.3105543885
-4.35237162227
-4.3661956629
-4.39257872782
-4.4457609624
-4.49230680551
-4.55835473416
-4.61141571615
-4.65979906276
-4.70126629476
-4.73110283367
-4.7697736785
-4.7961507734
-4.82970286648
-4.87388621309
-4.89759733488
-4.93469317801
-4.99512791171
-5.22591250644
-5.58844487708
-6.07123641741
-6.61663101201
-7.15122616163
-7.69570839426
-8.22112243367
-8.73789772136
-9.16295565063
-9.56306927127
-9.91712414456
-10.0966495723
-10.1378715274
-10.0258608455
-9.85585085665
-9.73601211702
-9.679580461
-9.62612741789
-9.62437687214
-9.68181327297
-9.77061161695
-9.85189176605
-9.88895024892
-9.91208623441
-10.220318885
-10.6221591728
-11.1620111276
-11.6877318324
-12.2151150372
-12.6769803285
-13.0052060317
-13.3060889615
-13.4947996665
-13.7622535662
-14.1056912151
-14.4416038658
-14.7935226267
-15.1487527773
-15.495502233
-15.876504743
-16.2730822564
-16.6759629604
-17.104565055
-17.5784789547
-18.0418527155
-18.4988389763
-18.9328592658
-19.3684080266
-19.8008906764
-20.1652540219
-20.4028907
-20.4424200154
-20.3484812757
-20.204681148
-20.1845721318
-20.3302292274
-20.6310881271
-21.0275106371
-21.5360412048
-22.0233562165
-22.4960149764
-22.9492988761
-23.4167473596
-23.8719025102
-24.2722484929
-24.6757444756
-25.0671153202
-25.4142982476
-25.7436479812
-25.9785449371
-26.2128868938
-26.4338887099
-26.7093930267
-27.0553316496
-27.4523229097
-27.8652355602
-28.270135154
-28.6414315537
-28.9752843415
-29.3211110208
-29.6634750586
-30.0203672921
-30.4153625815
-30.8162573142
-31.2342582986
-31.6659935871
-32.0716876249
-32.4162761092
-32.747611953
-33.0251452976
-33.2654441983
-33.5303205979
-33.8134543597
-34.1687688145
-34.5904993805
-35.0215856413
-35.4415192633
-35.8854210801
-36.315679702
-36.7084076291
-37.107385001
-37.5117941797
-37.9270565526
-38.3625246185
-38.7773558811
-39.2144390859
-39.6438736801
-40.0367761901
-40.382808701
-40.5876360749
-40.7498213632
-40.9555444301
-41.2273436073
-41.5792859793
-41.973080297
-42.3006972519
-42.6406043475
-43.0170732464
-43.3787108953
-43.7695667408
-44.1743824456
-44.5473882912
-44.9137810798
-45.3030455346
-45.6727605464
-46.0613787521
-46.4696876518
-46.8830679405
-47.1942548972
-47.3719099064
-47.5282218615
-47.6757364571
-47.948575218
-48.2827410627
-48.6533374624
-49.0409458071
-49.4362004008
-49.80235083
-50.1537980635
-50.5107947401
-50.8719882244
-51.223731707
-51.5559189396
-51.8787035351
-52.2278324339
-52.6214045276
-53.0427578731
-53.4413748287
-53.6769216466
-53.8791281857
-54.0993023629
-54.442100985
-54.8684015509
-55.2884053109
-55.7325996286
-56.1612522784
-56.5605892341
-56.936826188
-57.2814756455
-57.6092376013
-57.9319778891
-58.2944404
-58.6653768006
-59.0162387546
-59.3999064052
-59.8066736387
-60.2323412893
-60.5960415779
-60.8693072837
-61.1117465998
-61.3061042505
-61.5924180115
-61.9524774663
-62.2983181713
-62.628943877
-63.0176094438
-63.4149812606
-63.8245962724
-64.2114271161
-64.6119453219
-64.9987697759
-65.3788161773
-65.5869511894
-65.641268283
-65.6742264875
-65.7166303891
-65.9120348441
-66.2883829093
-66.741899171
-67.2264615438
-67.6479897504
-68.0592804553
-68.4667143532
-68.8567763107
-69.2358168775
-69.6206356366
-70.0504699552
-70.5093169101
-71.0073474761
-71.4404598488
-71.8490316657
-72.2755040376
-72.5690396055
-72.8124983647
-73.0289096266
-73.3203858875
-73.6682085372
-74.055009243
-74.4659431444
-74.8490620434
-75.2545308025
-75.6486751203
-76.0298658251
-76.4041508368
-76.8054597366
-77.1999909992
-77.5299435101
-77.8900599099
-78.2199418639
-78.5536268756
-78.8906902195
-79.2838748141
-79.6864994097
-80.0519365035
-80.4361797092
-80.8039287478
-81.1618408416
-81.5713683532
-81.9961610022
-82.4515754587
-82.8559231084
-83.1832096481
-83.4925354918
-83.7863602254
-84.1018949582
-84.4595946917
-84.8256338692
-85.1787198527
-85.5263270854
-85.8686373757
-86.2151540524
-86.5852419798
-86.9750447685
-87.3390378357
-87.7148402072
-87.9526885519
-88.0807348146
-88.1913927409
-88.4136505309
-88.750882902
-89.1945759697
-89.6399852848
-90.0788289077
-90.4965782254
-90.9134999025
-91.3385586625
-91.781161176
-92.2550317406
-92.7166149455
-93.1946481521
-93.693065663
-94.1671172025
-94.6449180453
-95.0821288909
-95.4048257087
-95.5592622458
-95.5690411459
-95.4604457409
-95.3186778349
-95.1803999299
-95.0786095248
-95.0827616179
-95.1107101017
-95.1402841405
-95.1863419303
-95.2048508302
-95.2164504243
-95.2364869614
-95.260847947
-95.269822541
-95.3171992196
-95.3396821474
-95.3763436845
-95.3971271675
-95.4199605141
-95.4357938572
-95.471657897
-95.5395401298
-95.5840361127
-95.6292726515
-95.6439243293
-95.6668853131
-95.6999525468
-95.7381417247
-95.7889345118
-95.8203898024
-95.8389825914
-95.8679003785
-95.9083645579
-95.9688530409
-96.0215640246
-96.0112816742
-95.9806725174
-95.9083528068
-95.8843330974
-95.9284253294
-95.9819238132
-96.0482378524
-96.1383486963
-96.2228627344
-96.2834049681
-96.3112759528
-96.3320092959
-96.3222552788
-96.3349418194
-96.4042746074
-96.5099135074
-96.5897900454
-96.6670921402
-96.7189822903
-96.7235381343
-96.7147064783
-96.749126768
-96.8239215009
-96.8882334569
-96.9298355517
-96.9792251449
-97.0372704346
-97.1060778081
-97.1825892072
-97.2834188012
-97.351529785
-97.417231323
-97.4534923068
-97.4664345387
-97.4829606614
-97.5141028952
-97.5630513789
-97.6244681964
-97.6546411251
-97.677864607
-97.6835173951
-97.6948508797
-97.556414223
-97.3117789579
-96.9492032731
-96.489024534
-96.0300274621
-95.6040178901
-95.2158388737
-94.8053068026
-94.4145397288
-94.0545425171
-93.8678196129
-93.8262096249
-93.8874394961
-94.0435495072
-94.2372881293
-94.3561868904
-94.3982269024
-94.4128858006
-94.4574998404
-94.5117424912
-94.5505947241
-94.5704622366
-94.5948200245
-94.6374685083
-94.699713381
-94.7561431129
-94.7993165967
-94.8365906356
-94.8570237022
-94.8379071852
-94.863099419
-94.9224572069
-94.9970837467
-95.0493604227
-95.1029833513
-95.131598086
-95.1835653197
-95.2487418577
-95.3497360337
-95.4602275744
-95.5107980021
-95.565255373
-95.6012502451
-95.5984560909
-95.6233524891
-95.6765447229
-95.7469680669
-95.7863384964
-95.8401062853
-95.8769929631
-95.9105847788
-95.9827477066
-96.0772299395
-96.1817345334
-96.2762673232
-96.356009
-96.3762205407
-96.3738570796
-96.3974743116
-96.4514914074
-96.4891555833
-96.5592353172
-96.6249769958
-96.6491192277
-96.6661266004
-96.6811282782
-96.734054818
-96.7928402448
-96.8285762286
-96.8769054072
-96.913344167
-96.9145714016
-96.9459323854
-96.9679814225
-96.991991991
-97.0257154729
-97.0174084016
-97.0415032726
-97.0486299504
-97.032138435
-97.0536119187
-97.0975255414
-97.1408704122
-97.1662007011
-97.2353640447
-97.2918812785
-97.3536890665
-97.392534496
-97.4094739507
-97.4354974344
-97.4693084182
-97.500803846
-97.5553017729
-97.6059565066
-97.6718695742
-97.7448300011
-97.8366029297
-97.9460846075
-97.9869830895
-97.9587332403
-97.9612765843
-98.002871457
-98.0396104968
-98.0776214787
-98.1484449625
-98.2323834471
-98.2565762342
-98.2847940231
-98.3032957026
-98.2897791856
-98.3098964176
-98.3307642065
-98.3835526894
-98.431360062
-98.5018335458
-98.5743668906
-98.6105471795
-98.6701301064
-98.7095515064
-98.7634874901
-98.8158484739
-98.855131817
-98.9061771085
-98.9802718397
-99.0306640734
-99.0937843632
-99.1422114563
-99.191856746
-99.249464534
-99.3222098238
-99.3998113617
-99.4310447084
-99.4367749955
-99.4845016724
-99.533968351
-99.5953386385
-99.6704432342
-99.723457274
-99.8442875618
-100.1301266
-100.556868417
-101.052963984
-101.641809551
-102.248147896
-102.80303624
-103.235477778
-103.498364179
-103.557180023
-103.448237812
-103.31027574
-103.15393589
-103.005952707
-102.961582439
-103.005540229
-103.075098574
-103.162059418
-103.212677207
-103.260969856
-103.263119451
-103.244985433
-103.230769335
-103.26772754
-103.44912519
-103.742892979
-104.192979517
-104.742550779
-105.291987595
-105.810937051
-106.311161089
-106.82008499
-107.313417083
-107.738587094
-108.111051966
-108.477670727
-108.881005739
-109.349902
-109.810142567
-110.270639244
-110.722860366
-111.164682185
-111.631777888
-112.114788593
-112.573393189
-113.040266949
-113.489734601
-113.944011138
-114.426631288
-114.849162134
-115.137009783
-115.286253684
-115.245777027
-115.110050231
-114.992755938
-115.035438728
-115.292342071
-115.719072915
-116.215632371
-116.727881272
-117.200617115
-117.626849905
-118.004213944
-118.378552428
-118.659548271
-118.807897172
-118.799345238
-118.680206497
-118.537274982
-118.437248604
-118.43716056
-118.51484321
-118.630766554
-118.746827955
-118.817658661
-118.84640506
-118.840679655
-118.823316749
-118.801403843
-118.924408438
-119.202386088
-119.646987487
-120.182329581
-120.748027786
-121.263147382
-121.739857672
-122.201218098
-122.656413388
-123.104201731
-123.496447575
-123.912487032
-124.340783292
-124.781423442
-125.106108592
-125.395333464
-125.607275836
-125.881693208
-126.266572525
-126.662645037
-127.057320741
-127.497567143
-127.925614097
-128.352388693
-128.783918841
-129.164624687
-129.57761442
-130.030454429
-130.412735275
-130.783863064
-131.18373502
-131.558538225
-131.926290874
-132.324410052
-132.731143952
-133.132540351
-133.51407064
-133.89171718
-134.305046913
-134.687008314
-135.018499018
-135.387035558
-135.728904598
-136.052614191
-136.374564201
-136.698792824
-137.059027697
-137.454305902
-137.870317995
-138.305318009
-138.734502046
-139.172607892
-139.602609984
-139.975430829
-140.33106112
-140.685156546
-141.03772114
-141.294223791
-141.534748108
-141.716122423
-141.94705188
-142.265387447
-142.612022458
-142.986826079
-143.382841647
-143.815385268
-144.256204446
-144.668063901
-145.095003913
-145.497447535
-145.897178657
-146.343853529
-146.831428262
-147.270103273
-147.569763422
-147.86566524
-148.109989
-148.429165401
-148.800878745
-149.173497645
-149.497163907
-149.809855724
-150.119013373
-150.460751578
-150.79955895
-151.135293406
-151.459541194
-151.841744541
-152.220124829
-152.557299423
-152.904886517
-153.265295972
-153.614074318
-153.863647106
-154.074656561
-154.220508655
-154.423450889
-154.720695345
-155.036446049
-155.410855505
-155.792961349
-156.19076664
-156.594511928
-156.972579161
-157.356555839
-157.772228073
-158.152550306
-158.533966287
-158.915910467
-159.308398811
-159.698753407
-160.114647999
-160.482827733
-160.756995383
-161.032536643
-161.248136794
-161.477599305
-161.731524872
-162.076652382
-162.489905449
-162.941432961
-163.388703526
-163.797564788
-164.204332855
-164.635600922
-165.065606628
-165.544689833
-166.017869983
-166.477097076
-166.922404865
-167.317235154
-167.637552666
-167.885026426
-168.133977687
-168.423054088
-168.779882849
-169.111868416
-169.458453287
-169.811129409
-170.197317615
-170.628955265
-171.03928986
-171.406796399
-171.791564188
-172.129755031
-172.472674488
-172.833659498
-173.197622704
-173.569716605
-173.945085366
-174.27528357
-174.465545386
-174.524762203
-174.417799161
-174.25658292
-174.121428487
-174.029256693
-174.024884342
-174.105457685
-174.165828532
-174.253189931
-174.326510774
-174.360897732
-174.337803576
-174.32394067
-174.33050582
-174.318742914
-174.356447648
-174.434133493
-174.46633253
-174.481778513
-174.502865054
-174.522417147
-174.526966186
-174.530377727
-174.544595514
-174.585635248
-174.624225397
-174.703708185
-174.776103476
-174.815652515
-174.842914608
-174.861594899
-174.904765187
-174.968501586
-175.033459376
-175.127675497
-175.204402038
-175.232623438
-175.23087567
-175.312464848
-175.419193887
-175.491245982
-175.514654464
-175.516268642
-175.484595877
-175.489881859
-175.523430343
-175.557948131
-175.597840363
-175.629951071
-175.643987055
-175.690094149
-175.743414436
-175.79437542
-175.863004598
-175.897300024
-175.944363231
-175.968552409
-175.994057699
-176.022231736
-176.047726609
-176.047203842
-176.044271214
-176.055200948
-176.060143736
-176.099295832
-176.176015565
-176.240889048
-176.318231282
-176.344789765
-176.345532553
-176.366928121
-176.390417298
-176.389500783
-176.402924265
-176.471593999
-176.547048174
-176.606799716
-176.647136253
-176.713546958
-176.745662109
-176.799335591
-176.861187131
-176.910354363
-176.945878403
-176.974351888
-176.985109815
-177.001467743
-177.00015428
-176.982656514
-177.013708053
-177.080153343
-177.152774185
-177.204920032
-177.24433782
-177.320229915
-177.363756591
-177.416999799
-177.470542031
-177.518659265
-177.558205107
-177.617956648
-177.722316381
-177.788196115
-177.843845152
-177.890124886
-177.907798926
-177.92201352
-177.925818808
-177.979839098
-178.033556332
-178.09409537
-178.138497463
-178.148562196
-178.169554431
-178.175759165
-178.186083203
-178.231309742
-178.272558224
-178.339353514
-178.381480192
-178.423509368
-178.433483409
-178.434579392
-178.46218107
-178.473682747
-178.490518729
-178.541785963
-178.622577642
-178.685213069
-178.732667247
-178.773043926
-178.842766854
-178.901515336
-178.963723263
-178.991153553
-179.011230232
-179.001873158
-179.005809699
-179.046751514
-179.077594304
-179.133020982
-179.189410576
-179.187222115
-179.161849346
-179.201209775
-179.251602009
-179.295472297
-179.34503328
-179.41051607
-179.443014554
-179.480288175
-179.508371103
-179.550975837
-179.596077931
-179.654473221
-179.718989898
-179.731373381
-179.729534919
-179.762642292
-179.801047024
-179.840195508
-179.917180937
-179.989357474
-180.025403321
-180.033630553
-180.055023342
-180.101478075
-180.194216698
-180.278253097
-180.353579636
-180.388272425
-180.450080212
-180.489716753
-180.546661488
-180.603481776
-180.657202619
-180.727713047
-180.771283475
-180.783720707
-180.803222248
-180.79709948
-180.811747964
-180.846608948
-180.91794743
-180.97721772
-181.006876063
-181.046071907
-181.09265789
-181.124802763
-181.170695553
-181.193171259
-181.203333907
-181.235400865
-181.257801847
-181.261078524
-181.303804092
-181.364171326
-181.444963003
-181.510314542
-181.573646775
-181.616776509
-181.674205685
-181.714626115
-181.743065847
-181.744124886
-181.72925573
-181.720719908
-181.709081029
-181.708077015
-181.712844803
-181.747005785
-181.802298019
-181.859949557
-181.917819847
-181.988461524
-182.052022507
-182.099702241
-182.138513503
-182.161128098
-182.221966163
-182.288892702
-182.340994798
-182.399961614
-182.422710653
-182.472927468
-182.561722201
-182.660670547
-182.715087779
-182.759267514
-182.773441553
-182.773972395
-182.842746436
-182.925944364
-183.009798958
-183.045851608
-183.083256897
-183.120217881
-183.131938725
-183.17169568
-183.209181664
-183.251924453
-183.300176546
-183.313953223
-183.312854902
-183.317755886
-183.287180063
-183.332227992
-183.403916475
-183.455833154
-183.501103027
-183.553507759
-183.591653603
-183.595404726
-183.600215848
-183.658870025
-183.687434203
-183.726444631
-183.717350058
-183.733004791
-183.779996886
-183.812673564
-183.839662741
-183.899942057
-183.947221236
-183.98733222
-184.056880147
-184.122369324
-184.228031558
-184.42114018
-184.718191997
-185.18638423
-185.719588962
-186.229384251
-186.761961762
-187.209365941
-187.659035119
-188.06762624
-188.471139167
-188.84389904
-189.205543218
-189.553934757
-189.88700699
-190.224932278
-190.531653679
-190.742329942
-190.845065229
-190.778554963
-190.661957336
-190.602005956
-190.626044996
-190.666335007
-190.737155712
-190.799845725
-190.833014483
-190.897541995
-190.949910201
-190.991822157
-191.028961752
-191.058445096
-191.090553441
-191.117768591
-191.169513881
-191.192303474
-191.203825567
-191.231518358
-191.281469896
-191.326090741
-191.400801585
-191.461784929
-191.521458551
-191.582263285
-191.639958573
-191.694628307
-191.768511095
-191.892676386
-192.102763619
-192.454755851
-192.932001141
-193.462833373
-194.001012414
-194.398763396
-194.617940352
-194.685375362
-194.631242317
-194.529209829
-194.443001229
-194.352148324
-194.281289169
-194.299613068
-194.305875162
-194.361557952
-194.414097545
-194.445633529
-194.456673956
-194.4865073
-194.546870924
-194.603785517
-194.807152057
-195.102941928
-195.519031107
-196.021826396
-196.564700295
-197.099258502
-197.581229205
-198.041631161
-198.499902563
-198.984679656
-199.470018695
-199.942098289
-200.390956633
-200.87143984
-201.312470546
-201.741036111
-202.185428762
-202.598553355
-203.031406005
-203.467233655
-203.864618249
-204.108678956
-204.279105632
-204.374878005
-204.519287184
-204.777957335
-205.111817344
-205.475461522
-205.846448479
-206.232404737
-206.663592112
-207.07845351
-207.484702966
-207.920436728
-208.335607573
-208.769849806
-209.22919815
-209.675502188
-210.085853727
-210.513655128
-210.943822638
-211.344384594
-211.778058493
-212.229444339
-212.648993794
-213.083454776
-213.518969371
-213.945798271
-214.330902865
-214.733779959
-215.161715805
-215.574907898
-215.977865686
-216.38764167
-216.774540015
-217.157756555
-217.524613787
-217.888233937
-218.254603532
-218.586703543
-218.81213036
-218.925893843
-218.852564965
-218.758061088
-218.685516515
-218.609407777
-218.543310982
-218.539598493
-218.616668643
-218.718457543
-218.814003803
-218.901102704
-218.958061049
-218.991438142
-219.019652737
-219.044192332
-219.077915816
-219.132861659
-219.157198892
-219.137247933
-219.119016415
-219.128294066
-219.158430047
-219.177201449
-219.209871737
-219.215602026
-219.221113565
-219.270987603
-219.307080394
-219.356769432
-219.377812221
-219.376418066
-219.359489049
-219.374487531
-219.427764071
-219.484109915
-219.529164649
-219.521295076
-219.525578004
-219.549848292
-219.574431639
-219.624127482
-219.694681661
-219.739739589
-219.762747515
-219.766030997
-219.752868093
-219.743338798
-219.784112005
-219.858687988
-219.926792165
-220.001065094
-220.049932882
-220.066385115
-220.080071099
-220.090522776
-220.125296258
-220.176122798
-220.246286836
-220.321744627
-220.382115054
-220.427432287
-220.418856326
-220.355784254
-220.332508293
-220.32349483
-220.377336926
-220.450909852
-220.524095837
-220.597063487
-220.615565165
-220.629826704
-220.699283936
-220.782485474
-220.84653132
-220.898057859
-220.937381343
-220.985586077
-221.029321504
-221.073188183
-221.13490847
-221.191123065
-221.247899603
-221.289498087
-221.350255875
-221.376416997
-221.401915481
-221.40545466
-221.412884394
-221.424651348
-221.454612331
-221.476351509
-221.484881798
-221.572672642
-221.642314876
-221.690698221
-221.732865453
-221.762133242
-221.740836032
-221.731687709
-221.744979941
-221.738991621
-221.827617326
-221.878891365
-221.905712348
-221.932523332
-221.961081121
-221.982817105
-222.016719198
-222.051630737
-222.088638664
-222.116725203
-222.136448687
-222.155165919
-222.194842597
-222.240429138
-222.260243316
-222.255083049
-222.266938336
-222.310195708
-222.387659193
-222.43074837
-222.479296298
-222.501039086
-222.53331882
-222.5416705
-222.51984148
-222.533268158
-222.611169143
-222.694330543
-222.748222776
-222.787058203
-222.804816131
-222.822883922
-222.841954349
-222.882593942
-222.935217426
-222.986178408
-223.037136197
-223.085859125
-223.130439415
-223.18293526
-223.231974853
-223.303313336
-223.34766807
-223.390626414
-223.435856149
-223.494076436
-223.553652976
-223.59691396
-223.651502998
-223.690388982
-223.732556214
-223.792001503
-223.807403738
-223.853333054
-223.885744037
-223.927560437
-223.932509197
-223.942779069
-223.978158248
-223.987082285
-224.008300076
-224.053176199
-224.063452877
-224.075520109
-224.105131092
-224.143357215
-224.162521948
-224.186845987
-224.200585719
-224.208462537
-224.181911715
-224.186901031
-224.173216322
-224.226095916
-224.291184953
-224.382079688
-224.458368726
-224.499270404
-224.503523193
-224.493597786
-224.471634325
-224.460998503
-224.473287681
-224.49139922
-224.537591453
-224.603252436
-224.65950717
-224.709768152
-224.755738442
-224.811027481
-224.880542074
-224.942058059
-224.953391541
-224.962096831
-224.967557814
-224.983784492
-225.067901586
-225.143971876
-225.203114108
-225.238113149
-225.252542882
-225.251798169
-225.275900264
-225.330317497
-225.419027925
-225.499476826
-225.54659142
-225.593436709
-225.621614359
-225.580310063
-225.397258409
-225.113823697
-224.773136625
-224.439648721
-224.047970118
-223.762796103
-223.656388754
-223.750632654
-223.93409322
-224.112566286
-224.242039352
-224.303719503
-224.365927848
-224.404292442
-224.399391482
-224.40573788
-224.435352476
-224.46106332
-224.444874859
-224.504790981
-224.56834877
-224.583226003
-224.625342681
-224.643100608
-224.694465759
-224.729457991
-224.742188281
-224.780571209
-224.820729554
-224.779196092
-224.594488743
-224.302788475
-223.909295153
-223.491507387
-223.018760732
-222.65846102
-222.460902281
-222.435728681
-222.562482442
-222.746417455
-222.911549965
-222.997760671
-223.032669433
-223.08276222
-223.116438343
-223.10431502
-223.102345309
-223.171240597
-223.274385332
-223.33334937
-223.336807854
-223.346966892
-223.357422182
-223.400770664
-223.449591509
-223.480952491
-223.499370281
-223.543334875
-223.598536415
-223.622291706
-223.644643382
-223.677020613
-223.719009653
-223.795783554
-223.855982593
-223.924965381
-223.983848728
-224.015697764
-224.025809858
-224.054155703
-224.081801548
-224.151390031
-224.244913375
-224.313589914
-224.392369508
-224.45833674
-224.493029531
-224.519446765
-224.561829553
-224.632252897
-224.685047769
-224.718559309
-224.752033486
-224.749010164
-224.756392537
-224.762516576
-224.775728114
-224.827601041
-224.917532858
-224.981830786
-224.999285658
-225.016380531
-225.01729832
-225.008856802
-225.025698758
-225.044637936
-225.043983921
-225.054785599
-225.090740331
-225.148082009
-225.204339937
-225.25460092
-225.253997459
-225.273673998
-225.251269426
-225.260277354
-225.308704447
-225.281739737
-225.16730822
-225.021871704
-224.917483241
-224.945600754
-225.040160904
-225.105771329
-225.167060509
-225.228689686
-225.294128724
-225.390714152
-225.463324581
-225.500725841
-225.489797381
-225.386862114
-225.156081986
-224.784278664
-224.354550342
-223.909550077
-223.491752309
-223.121736765
-222.910635108
-222.80186887
-222.836151937
-222.999268754
-223.152498488
-223.226422248
-223.310586288
-223.441909631
-223.524637144
-223.554171042
-223.562967026
-223.564628565
-223.586152602
-223.659332198
-223.719914988
-223.727331387
-223.635700426
-223.418186965
-223.110719893
-222.798460875
-222.616167276
-222.577437981
-222.699860492
-222.903731893
-223.099519543
-223.223089137
-223.277725537
-223.303934021
-223.342695975
-223.326288765
-223.281877942
-223.287820176
-223.335059214
-223.384270198
-223.431912987
-223.454302025
-223.451497454
-223.479711632
-223.529359698
-223.561504571
-223.595709304
-223.588495981
-223.611672104
-223.623392532
-223.626319209
-223.640886998
-223.683969369
-223.734631325
-223.756286197
-223.745542737
-223.587162887
-223.339750954
-222.97449652
-222.575686254
-222.193019737
-221.825322526
-221.487368509
-221.154540049
-220.82284228
-220.48173507
-220.143922719
-219.819501066
-219.510334548
-219.309783448
-219.213512765
-219.154688749
-219.03737737
-218.815510299
-218.544996421
-218.219286848
-217.891144081
-217.63692562
-217.364436465
-217.091967448
-216.760176626
-216.441244692
-216.133300399
-215.843290409
-215.560058475
-215.267730153
-214.976185719
-214.695663092
-214.458560605
-214.349713672
-214.339994238
-214.493220359
-214.645840788
-214.740367605
-214.823575948
-214.921306099
-214.978352359
-214.998523761
-215.006623353
-215.031866143
-215.078106154
-215.126180055
-215.177097704
-215.23095341
-215.288786754
-215.338085654
-215.359303444
-215.403304982
-215.459950272
-215.503087226
-215.542633071
-215.57448211
-215.606987398
-215.616483382
-215.641022143
-215.680513821
-215.715724803
-215.774120093
-215.848921631
-215.899532615
-215.933431097
-215.981282639
-216.015659176
-216.063238214
-216.112536699
-216.173647683
-216.220233665
-216.210789092
-216.186597575
-216.163933698
-216.163969682
-216.198521222
-216.28163526
-216.390770132
-216.456434311
-216.484743209
-216.48439225
-216.529043231
-216.581751019
-216.645530754
-216.725322989
-216.768718416
-216.79890176
-216.81404191
-216.835394143
-216.860680681
-216.879138609
-216.942699594
-217.021963632
-217.065399616
-217.078523653
-217.079532137
-217.128521178
-217.186212853
-217.235026476
-217.277769266
-217.298243303
-217.309482481
-217.345174715
-217.389704448
-217.442146125
-217.459210859
-217.480337538
-217.488824077
-217.482173114
-217.510202292
-217.564882026
-217.638461759
-217.687023299
-217.719316225
-217.768089294
-217.825347083
-217.893636676
-217.970319465
-218.020796003
-218.022117127
-218.056493665
-218.123197844
-218.192968131
-218.260594671
-218.313743153
-218.344844831
-218.359409008
-218.341561243
-218.365312505
-218.403585987
-218.43345947
-218.481832399
-218.527193381
-218.589915477
-218.642532155
-218.659155777
-218.711291206
-218.77808288
-218.842902198
-218.883228321
-218.898320693
-218.936281122
-218.941310993
-218.969915727
-218.97578046
-219.006137554
-219.03260173
-219.051800216
-219.080660642
-219.123571626
-219.18525136
-219.236518594
-219.274048326
-219.310925003
-219.344520432
-219.372815721
-219.386898647
-219.421850325
-219.433974921
-219.423305347
-219.464590776
-219.514683982
-219.568969966
-219.629514976
-219.681650404
-219.711968193
-219.765806258
-219.826122937
-219.871665726
-219.905308514
-219.952722136
-219.980498814
-219.983953271
-219.999910642
-220.02073107
-220.042904553
-220.082355675
-220.156631797
-220.232651531
-220.24940682
-220.280508499
-220.330631425
-220.342873242
-220.39146492
-220.431976459
-220.495655081
-220.527369259
-220.557111492
-220.606628725
-220.665629292
-220.716805415
-220.741260704
-220.736574882
-220.766266558
-220.770811986
-220.788303803
-220.861832982
-220.929405355
-220.955691337
-220.974718015
-220.986747886
-220.998774564
-221.054189994
-221.090794171
-221.142623349
-221.20421197
-221.259763093
-221.285789771
-221.301050337
-221.317320764
-221.345087026
-221.387856344
-221.434044965
-221.482946088
-221.524015958
-221.530657776
-221.499987648
-221.475446132
-221.484271837
-221.526826015
-221.579011998
-221.673187982
-221.745010909
-221.768937587
-221.760320654
-221.755463026
-221.794344981
-221.832971659
-221.901254031
-221.97228946
-221.992553914
-222.006155593
-222.02268852
-222.063755197
-222.105138125
-222.151249666
-222.191703009
-222.222888993
-222.275858863
-222.324840681
-222.39058236
-222.467749592
-222.517266826
-222.493122253
-222.437787127
-222.449372275
-222.518266732
-222.59835841
-222.669000086
-222.704648152
-222.72826858
-222.763304564
-222.792178605
-222.811635978
-222.84474696
-222.916431831
-222.967917813
-223.006329354
-223.009700337
-223.025668126
-223.045129109
-223.024743842
-222.957232881
-222.798670809
-222.516497627
-222.191923886
-221.824306954
-221.453971131
-221.239436975
-221.183332125
-221.300383387
-221.502905343
-221.674459103
-221.802754115
-221.875758709
-221.917622887
-221.998502481
-222.023135964
-222.058737504
-222.064205293
-222.073913221
-222.139341842
-222.20766477
-222.263084642
-222.308835765
-222.341855638
-222.321436621
-222.129715659
-221.796806503
-221.399587626
-220.982284303
-220.530674592
-220.040743493
-219.570190033
-219.153661432
-218.734783943
-218.344283399
-217.935892714
-217.543558283
-217.191204544
-216.818648305
-216.468260122
-216.114031937
-215.775674588
-215.438356819
-215.08622822
-214.760645454
-214.435958105
-214.143770616
-213.84343521
-213.53794411
-213.256071205
-213.030033855
-212.782145116
-212.546822627
-212.304587637
-212.033309454
-211.760321828
-211.43760406
-211.113782544
-210.807679776
-210.487179231
-210.189556744
-209.900482727
-209.626962876
-209.358174833
-209.102686789
-208.872785689
-208.647138338
-208.409204044
-208.142617112
-207.856729621
-207.682778939
-207.435944506
-207.256555489
-207.008529111
-206.760805373
-206.546207188
-206.341449145
-206.119729294
-205.920658333
-205.644567233
-205.362916272
-205.09590184
-204.874767127
-204.626907971
-204.333905624
-204.060449523
-203.803612032
-203.528847044
-203.279103861
-203.150222483
-202.991884022
-202.822749311
-202.607451127
-202.346367112
-202.117607122
-201.869122689
-201.559004923
-201.265397017
-200.946700222
-200.632297733
-200.341648301
-200.06433581
-199.777967072
-199.471833334
-199.163245983
-198.853878355
-198.566069061
-198.273013379
-198.003572695
-197.821040068
-197.642242995
-197.401115785
-197.119990239
-196.843640251
-196.561787763
-196.276044717
-195.986619867
-195.694923629
-195.39111864
-195.091419344
-194.781698107
-194.466249226
-194.1698316
-193.911456056
-193.655453428
-193.429405939
-193.190640812
-192.951165685
-192.738657499
-192.521787928
-192.321462244
-192.111383922
-191.833018656
-191.550971584
-191.293030763
-191.03842494
-190.801834117
-190.538922601
-190.258029835
-189.945946929
-189.617279163
-189.278158338
-188.982201962
-188.690445586
-188.366549763
-188.051784495
-187.716496867
-187.376477434
-187.129534806
-186.918790234
-186.684205107
-186.406879424
-186.105440684
-185.785374447
-185.481838902
-185.175675581
-184.872793507
-184.592745325
-184.333922697
-184.109696318
-183.86223869
-183.591115507
-183.304373575
-182.995268168
-182.677688875
-182.383869441
-182.100119313
-181.875576269
-181.679161696
-181.44458018
-181.232654357
-180.978687979
-180.675990909
-180.371755781
-180.06812954
-179.763725801
-179.476599702
-179.187027212
-178.87357403
-178.560289041
-178.253869191
-177.96495934
-177.683890743
-177.400934087
-177.09431229
-176.778634246
-176.475209396
-176.280332048
-176.234761224
-176.282718319
-176.439417913
-176.604601814
-176.752016408
-176.87003739
-176.936978375
-176.974758108
-177.001835203
-177.046325213
-177.119202169
-177.19921718
-177.272578579
-177.311744287
-177.22329749
-176.948296529
-176.56933182
-176.170821276
-175.822640314
-175.560021714
-175.475752279
-175.589697291
-175.780884803
-175.913066759
-176.022811771
-176.117129003
-176.230605542
-176.303397774
-176.318231257
-176.308874602
-176.337873502
-176.361857957
-176.274329913
-176.032656453
-175.676593132
-175.285967308
-174.854536348
-174.434954831
-174.144147064
-173.989974716
-174.034290141
-174.242637653
-174.411879468
-174.532037397
-174.617686158
-174.683522976
-174.707588124
-174.750502721
-174.812091759
-174.865893297
-174.931813586
-175.005524986
-175.061382773
-175.121487926
-175.147656268
-175.150499059
-175.112314347
-175.10535394
-175.131256174
-175.166860908
-175.220406752
-175.283136902
-175.314242191
-175.351206788
-175.382265131
-175.415594864
-175.484850152
-175.554532942
-175.600728785
-175.659783936
-175.688419086
-175.568896042
-175.303974386
-174.90089662
-174.437615657
-174.036904142
-173.797395542
-173.741089164
-173.856390426
-174.030875435
-174.186238502
-174.282771014
-174.361469914
-174.471621452
-174.544101048
-174.541004253
-174.562397042
-174.581296079
-174.579114425
-174.587338464
-174.583753613
-174.593899457
-174.648929609
-174.585635451
-174.374903241
-174.157827836
-174.005142987
-173.901320497
-173.922609814
-174.059519964
-174.228105115
-174.336765541
-174.41450194
-174.482145285
-174.543431685
-174.548041281
-174.408117125
-174.102289219
-173.700581314
-173.287003963
-172.801195365
-172.298795098
-171.820117746
-171.408266787
-171.168020824
-171.122631114
-171.25778807
-171.495182386
-171.670498648
-171.756279075
-171.81634728
-171.845221321
-171.872958275
-171.909397869
-171.961897325
-171.976512475
-171.99834318
-172.035045276
-172.054604175
-171.964010435
-171.744390586
-171.35995032
-170.96145672
-170.743698676
-170.644648547
-170.687462864
-170.839551486
-170.970162053
-171.076679565
-171.18298152
-171.26701792
-171.349822513
-171.402712108
-171.434739758
-171.443363936
-171.404257282
-171.420484375
-171.492704664
-171.547650508
-171.579762049
-171.626351641
-171.631038737
-171.619312775
-171.622811813
-171.672288908
-171.721146698
-171.728539902
-171.761732415
-171.797731314
-171.863961047
-171.925728279
-171.958980931
-171.982470525
-171.971232621
-171.978322768
-171.974081254
-171.970627236
-172.019969052
-172.017104202
-171.872929492
-171.575003114
-171.229217431
-170.85453383
-170.464665787
-170.072724687
-169.689705393
-169.324576236
-168.97992208
-168.672408481
-168.390700577
-168.138251421
-167.856550321
-167.540653526
-167.23358062
-166.91688952
-166.583455366
-166.256277876
-165.912778027
-165.570668176
-165.259032076
-165.109295699
-165.092280432
-165.23064197
-165.409519204
-165.575136994
-165.658080476
-165.727111459
-165.778911332
-165.790343148
-165.820052049
-165.832001643
-165.837210542
-165.891237638
-165.926499177
-165.956476966
-165.819446282
-165.760780182
-165.737363389
-165.746587288
-165.817841882
-165.88280967
-165.961727322
-166.019351497
-166.044459844
-166.058630687
-166.092886393
-166.131250987
-166.152913082
-166.171021427
-166.223954771
-166.29604381
-166.30122896
-166.17412036
-166.003837038
-165.859639688
-165.834695254
-165.930490821
-166.051092221
-166.176903065
-166.284645158
-166.335784753
-166.356178097
-166.339306443
-166.326224232
-166.319522715
-166.348302447
-166.407098293
-166.462306637
-166.51252387
-166.563003603
-166.615189587
-166.687228069
-166.752050998
-166.819065037
-166.87505727
-166.916760477
-166.853200625
-166.639432858
-166.274717037
-165.89740163
-165.483780533
-165.049448877
-164.616735971
-164.228469872
-163.87559752
-163.552209476
-163.222440737
-162.962198109
-162.74271687
-162.565467992
-162.366360921
-162.117190237
-161.821304554
-161.542477759
-161.254291659
-160.960771673
-160.665333489
-160.396054611
-160.130928373
-159.861168245
-159.578717004
-159.292153265
-159.007470777
-158.708919538
-158.411761493
-158.116353449
-157.821177765
-157.643289583
-157.47457237
-157.302627659
-157.065673643
-156.780237821
-156.461215194
-156.193319094
-155.939339105
-155.685894116
-155.457655933
-155.238760249
-154.94257151
-154.665245826
-154.4182457
-154.155666962
-153.862907527
-153.571023093
-153.295013106
-153.022243809
-152.795742017
-152.725442029
-152.758591206
-152.888125245
-153.069886782
-153.196297766
-153.254252777
-153.334139733
-153.436160576
-153.487000728
-153.508915321
-153.576814778
-153.672703816
-153.789415078
-153.848218144
-153.885920099
-153.855738443
-153.867987484
-153.902242771
-153.94169431
-153.949020017
-153.817765167
-153.552665316
-153.151310605
-152.707993255
-152.239640906
-151.781909805
-151.338478149
-150.908511079
-150.483585673
-150.110136794
-149.757556666
-149.41950154
-149.116803216
-148.836285729
-148.568112545
-148.316402971
-148.091670345
-147.838954938
-147.707101339
-147.597830378
-147.477163861
-147.3330004
-147.088925135
-146.816015007
-146.531026266
-146.233498084
-145.942592956
-145.661999217
-145.362232979
-145.037899657
-144.716591889
-144.369074679
-144.016334411
-143.66928484
-143.361563322
-143.057556945
-142.751975569
-142.468683079
-142.2474017
-142.046665879
-141.868282697
-141.645725623
-141.402481607
-141.137281894
-140.841850935
-140.538803862
-140.257763039
-139.994397219
-139.715506952
-139.417235434
-139.098058224
-138.809182957
-138.524477553
-138.25604034
-137.948540768
-137.65603064
-137.358882596
-137.081068858
-136.902315673
-136.722536101
-136.50514153
-136.251784456
-135.967626969
-135.653241425
-135.326871574
-135.025432418
-134.731666318
-134.445859525
-134.112987728
-133.817993435
-133.518765392
-133.208475402
-132.902062357
-132.569443063
-132.242080574
-131.945945168
-131.669844068
-131.44119533
-131.247338259
-131.037687018
-130.767145779
-130.497880096
-130.236748303
-129.972641508
-129.712519157
-129.437797918
-129.14232918
-128.827775441
-128.508412397
-128.216871158
-127.926386726
-127.650945486
-127.393609941
-127.133138008
-126.887584824
-126.633762891
-126.502579709
-126.503236247
-126.667810842
-126.899393629
-127.078392113
-127.187444347
-127.253853524
-127.299837841
-127.335281603
-127.374309253
-127.403230652
-127.397851636
-127.416535537
-127.45070013
-127.495489169
-127.556910013
-127.619293358
-127.671657536
-127.703116018
-127.72595256
-127.742613542
-127.753283969
-127.783291897
-127.848862185
-127.911723169
-127.964696653
-128.00661458
-128.050948758
-128.084022795
-128.022471835
-127.799482819
-127.435867552
-127.065161591
-126.670087298
-126.264055504
-125.882341902
-125.670355247
-125.639497343
-125.775404853
-125.97863042
-126.137981542
-126.240689608
-126.345459897
-126.461080185
-126.494282282
-126.492359513
-126.524693415
-126.580386202
-126.636856491
-126.701467892
-126.765463182
-126.836986663
-126.813191952
-126.657991824
-126.383700586
-126.197899763
-126.146264218
-126.279008119
-126.453711881
-126.572247447
-126.63107343
-126.692884413
-126.757929701
-126.768125685
-126.783521114
-126.843631819
-126.859114747
-126.87651948
-126.922839353
-126.972979087
-126.864716319
-126.587130497
-126.352012868
-126.222474964
-126.232213864
-126.349295262
-126.495736108
-126.663577509
-126.780590991
-126.829467947
-126.73270782
-126.469027276
-126.087989091
-125.717737158
-125.329282031
-124.961665514
-124.651613996
-124.360977897
-124.060989298
-123.782377641
-123.54581668
-123.433859886
-123.492824759
-123.694737825
-123.868135892
-124.008465765
-124.118789525
-124.187725369
-124.192197324
-124.208222059
-124.219162209
-124.241645552
-124.271172229
-124.326636269
-124.362157113
-124.373581708
-124.424765052
-124.490251452
-124.516675491
-124.532202169
-124.55320121
-124.567728858
-124.598924842
-124.667590964
-124.760283058
-124.828922652
-124.86021294
-124.763059479
-124.480967409
-124.08645103
-123.689225347
-123.337752163
-122.978148287
-122.639096908
-122.303932475
-121.958355542
-121.655970275
-121.552395702
-121.59631377
-121.764946698
-121.98659143
-122.14197172
-122.263492704
-122.341663409
-122.35868842
-122.360104264
-122.370563164
-122.388025258
-122.425077353
-122.458851807
-122.495378902
-122.534874192
-122.557273231
-122.590212824
-122.622361308
-122.685562291
-122.781572581
-122.852436619
-122.874963297
-122.892993725
-122.884945125
-122.868847357
-122.900376536
-122.912016271
-122.913684198
-122.926717125
-122.939359913
-122.958824092
-122.969848131
-123.000589809
-123.008338987
-123.037296914
-123.067527203
-123.115728743
-123.150942921
-123.201594044
-123.230036552
-123.266129341
-123.326675186
-123.37361117
-123.394822154
-123.40247744
-123.412491618
-123.419975103
-123.458598587
-123.492365819
-123.516208608
-123.570498204
-123.652215853
-123.709389335
-123.756806569
-123.806377553
-123.827945341
-123.883581185
-123.948404114
-124.043155652
-124.156534691
-124.244016926
-124.339629853
-124.371694031
-124.38263057
-124.40542697
-124.461890451
-124.497232687
-124.556674364
-124.653734653
-124.713839385
-124.763703007
-124.806920241
-124.86071817
-124.921994152
-124.95375208
-124.992072507
-125.020589742
-125.019010167
-125.025914903
-125.038291581
-125.060993258
-124.981511603
-124.77054703
-124.434823846
-124.060304829
-123.693994008
-123.320148186
-122.941668059
-122.626786818
-122.323391692
-122.083595869
-121.890232547
-121.82422006
-121.916953125
-122.123988553
-122.295020925
-122.40752941
-122.48409178
-122.508671514
-122.518517915
-122.512136258
-122.50452238
-122.498928225
-122.530599068
-122.572638665
-122.609165758
-122.625405632
-122.625754253
-122.647150652
-122.666877748
-122.685948176
-122.734415408
-122.772557642
-122.802044181
-122.83979947
-122.870824064
-122.901707409
-122.912943392
-122.937741876
-122.972128413
-122.999080646
-123.038538993
-123.062243725
-123.074930264
-123.155459858
-123.238530147
-123.296090574
-123.313592808
-123.341410042
-123.373121024
-123.437284509
-123.528394379
-123.626329252
-123.696927181
-123.731007468
-123.750165396
-123.784888325
-123.814893058
-123.856757653
-123.935796134
-124.016190869
-124.076033102
-124.131412834
-124.202970069
-124.24784619
-124.279513424
-124.311705657
-124.371322334
-124.445460819
-124.466463052
-124.479714731
-124.477273352
-124.492534336
-124.529666708
-124.560159497
-124.579404925
-124.608884658
-124.653976337
-124.690193569
-124.722473303
-124.760261926
-124.824691102
-124.87709903
-124.782570569
-124.520246692
-124.127126702
-123.815631575
-123.634111864
-123.646260625
-123.849489386
-124.053236342
-124.186996908
-124.276758169
-124.316434847
-124.345089718
-124.355848064
-124.348103353
-124.40404864
-124.453697124
-124.478512414
-124.376903258
-124.069708687
-123.65669967
-123.236892597
-122.76829747
-122.374835258
-122.178322909
-122.156878475
-122.298507238
-122.493150998
-122.653030314
-122.784919631
-122.851550335
-122.916302987
-122.988392025
-123.001115509
-122.998977603
-123.031657892
-123.067131375
-123.086559025
-123.12448612
-123.214546409
-123.301718779
-123.37350157
-123.443709359
-123.476830759
-123.499532853
-123.508763143
-123.551105374
-123.628787608
-123.700967757
-123.763482353
-123.836008892
-123.903157791
-123.92148808
-123.953589618
-124.011813519
-124.090162418
-124.165445208
-124.234252996
-124.282423979
-124.315753714
-124.364796504
-124.430151236
-124.48010597
-124.509676813
-124.537625297
-124.546676975
-124.534385459
-124.554375053
-124.618359926
-124.700723407
-124.767565642
-124.85133593
-124.914587052
-124.921279842
-124.919872074
-124.937010696
-124.960193624
-124.965617246
-124.962725174
-124.965046157
-125.004544643
-125.023480626
-125.026407302
-125.057687591
-125.086514269
-125.108819002
-125.125661791
-125.162932637
-125.223777925
-125.267042519
-125.300769196
-125.354355181
-125.366038664
-125.359438259
-125.364565214
-125.364516892
-125.337000373
-125.347061913
-125.386173453
-125.434246934
-125.485642224
-125.546483903
-125.602782385
-125.635994481
-125.685431018
-125.758304364
-125.771428403
-125.777865496
-125.831280092
-125.877209825
-125.873240391
-125.892795264
-125.937099857
-126.020028896
-126.128649186
-126.233466835
-126.252503931
-126.257884218
-126.342529509
-126.393632157
-126.468649253
-126.525469541
-126.545728441
-126.58815498
-126.630150824
-126.679496671
-126.74034557
-126.795503357
-126.862207951
-126.920085048
-126.975865335
-127.029626319
-127.057362858
-127.094667035
-127.130315518
-127.173539559
-127.228872347
-127.23246208
-127.251179314
-127.278777795
-127.345653781
-127.425176707
-127.506146997
-127.563579785
-127.584928825
-127.606062308
-127.62854204
-127.612619273
-127.608545952
-127.61755388
-127.614365975
-127.615677513
-127.639294747
-127.65272823
-127.680858519
-127.700407001
-127.715059098
-127.766410635
-127.828572034
-127.871446075
-127.914276364
-127.932132208
-127.949890553
-127.938649036
-127.938345019
-127.969456697
-128.001171291
-128.03809533
-128.092166174
-128.112075075
-128.117502308
-128.13468829
-128.152534137
-128.197858173
-128.286969573
-128.35189042
-128.382995706
-128.436147801
-128.495859203
-128.535536295
-128.571376586
-128.58603868
-128.615959525
-128.660744952
-128.735062046
-128.810166641
-128.866516098
-128.903837496
-128.930392786
-128.983716686
-129.032053085
-129.065477541
-129.124714497
-129.206994091
-129.249781047
-129.296720639
-129.339453431
-129.356555525
-129.397286229
-129.482981935
-129.555909031
-129.602017373
-129.614350718
-129.645496563
-129.707136158
-129.781062698
-129.853632986
-129.902760079
-129.929137174
-129.933379965
-129.958269557
-130.008268041
-130.078432079
-130.121127924
-130.157961269
-130.208309751
-130.238536428
-130.24886408
-130.289052564
-130.452037851
-130.762646196
-131.213258152
-131.759726357
-132.340353312
-132.900811519
-133.297761669
-133.550858066
-133.582168774
-133.410058367
-133.242444629
-133.115552139
-133.032523679
-133.022551329
-133.059650785
-133.127105934
-133.214817335
-133.32356929
-133.392740691
-133.43539959
-133.46327099
-133.46974864
-133.46038879
-133.462626301
-133.482017008
-133.533331601
-133.561071752
-133.60231704
-133.640025385
-133.654640535
-133.667088185
-133.724517779
-133.787463484
-134.024854745
-134.374659896
-134.864680601
-135.436601723
-135.968141179
-136.474753134
-137.006110785
-137.48795024
-137.959158446
-138.429407345
-138.89772805
-139.3280332
-139.661560017
-139.831878639
-139.867120457
-139.765444772
-139.64324034
-139.549769656
-139.502795222
-139.532370094
-139.587753857
-139.651752756
-139.722930268
-139.805654584
-139.90053779
-139.968827384
-139.993986284
-140.005013934
-140.006073389
-140.006520346
-140.04821355
-140.097038006
-140.101340935
-140.098018585
-140.121289428
-140.185244579
-140.292842227
-140.538276268
-140.902427807
-141.392431706
-141.902139495
-142.433156729
-142.973479518
-143.442220501
-143.866390233
-144.319165661
-144.783568589
-145.209175267
-145.626119861
-145.942792096
-146.121197245
-146.183823366
-146.096093934
-145.908583945
-145.747320763
-145.688493273
-145.654155782
-145.657305238
-145.73837025
-145.809817065
-145.876047634
-146.00078209
-146.2528196
-146.607706971
-147.1105099
-147.671597827
-148.240853395
-148.737981598
-149.190491611
-149.474368011
-149.577893578
-149.472879282
-149.289525545
-149.135962362
-149.014501677
-148.958676132
-148.918475728
-148.968478238
-149.050943251
-149.1286359
-149.189272856
-149.215609809
-149.217887461
-149.22852136
-149.30068151
-149.531163466
-149.922571256
-150.428247656
-150.828819056
-151.119453372
-151.215022826
-151.137924227
-150.998003822
-150.828498416
-150.721144955
-150.74847455
-150.82201456
-150.922622211
-151.040164306
-151.131991398
-151.139956131
-151.111130728
-151.126762128
-151.150480472
-151.146855066
-151.129710911
-151.14970731
-151.168744405
-151.219527193
-151.260913734
-151.304572077
-151.350939726
-151.407416407
-151.581860999
-151.858135177
-152.356589632
-152.898090477
-153.382595071
-153.890108972
-154.41179787
-154.938518021
-155.458625114
-155.959219711
-156.446204859
-156.869516815
-157.159030575
-157.265143781
-157.197200183
-157.058269221
-156.934166315
-156.89707577
-156.924677867
-156.967289821
-157.004732472
-156.983388316
-156.973203605
-157.039339449
-157.199400294
-157.463155583
-157.862185872
-158.39342227
-158.919227281
-159.401244932
-159.85689772
-160.21844051
-160.548234547
-160.79827553
-161.067916514
-161.382603193
-161.679836814
-162.004838491
-162.325768227
-162.614760459
-162.904947137
-163.276627286
-163.654031882
-164.042155227
-164.442669821
-164.850008997
-165.289750537
-165.692795825
-166.081706253
-166.445682792
-166.785152525
-167.078311009
-167.19178477
-167.197909643
-167.080571875
-166.97955286
-166.957788842
-166.973763853
-167.040967754
-167.14643846
-167.285623609
-167.379190703
-167.454648492
-167.505310448
-167.512013652
-167.487220052
-167.501259649
-167.529729937
-167.531267031
-167.56289732
-167.602836915
-167.640370258
-167.646847908
-167.658608891
-167.716041682
-167.801292664
-167.860744758
-167.902784354
-167.955061031
-167.980697569
-168.024046054
-168.070329399
-168.09211552
-168.122211363
-168.109263598
-168.106893331
-168.115026259
-168.149227381
-168.22009142
-168.307653931
-168.364295607
-168.416128398
-168.46787327
-168.522721197
-168.53624218
-168.562528164
-168.599182064
-168.622405546
-168.599135977
-168.592619458
-168.61448308
-168.618116563
-168.637405741
-168.656166308
-168.655074792
-168.65970772
-168.672299537
-168.699376632
-168.753787058
-168.831960542
-168.898234026
-168.919841953
-168.91652877
-168.933321003
-168.972378791
-169.014592969
-169.066392008
-169.055507298
-169.018587724
-169.029692458
-169.067824276
-169.128582064
-169.191924298
-169.243851393
-169.299668626
-169.345295304
-169.39673712
-169.432735604
-169.477352835
-169.526210625
-169.582027857
-169.661368981
-169.725310104
-169.81020428
-169.895889153
-169.984552636
-170.05804487
-170.080972103
-170.11223878
-170.16965796
-170.364516997
-170.668509508
-171.11097438
-171.704416892
-172.383077597
-173.012882747
-173.427208037
-173.638216935
-173.619908337
-173.512830568
-173.405749606
-173.307543092
-173.248617685
-173.226172975
-173.237668264
-173.258579802
-173.313481897
-173.371708992
-173.420132474
-173.455565818
-173.463133607
-173.484162786
-173.509099325
-173.551354057
-173.622645181
-173.708377412
-173.766254091
-173.813543269
-173.823382446
-173.800459679
-173.813973858
-173.878796368
-173.911166796
-173.944984586
-173.960999319
-173.977225997
-174.037811563
-174.116331851
-174.161743392
-174.187208124
-174.201300635
-174.188521064
-174.194119687
-174.229771364
-174.254051651
-174.295256385
-174.34359598
-174.378066408
-174.430770586
-174.514062402
-174.591748246
-174.616162979
-174.65291202
-174.68925689
-174.716851763
-174.735707052
-174.776605536
-174.809242074
-174.839684307
-174.849917234
-174.866803775
-174.903896009
-174.948991297
-174.99527103
-175.090934514
-175.188872997
-175.271232868
-175.377170798
-175.480833723
-175.580602902
-175.655936246
-175.717747647
-175.732836825
-175.741407252
-175.74858129
-175.773117273
-175.837856311
-175.901945908
-175.944598001
-175.97233454
-175.997488997
-176.037566229
-176.085107907
-176.107990975
-176.16648293
-176.216080858
-176.26866059
-176.304578381
-176.323342559
-176.359469096
-176.39533633
-176.429759397
-176.472007325
-176.489418863
-176.526857485
-176.573055691
-176.618766674
-176.649255853
-176.666529335
-176.652484206
-176.67855144
-176.705675481
-176.737083824
-176.787341614
-176.836253152
-176.894395941
-176.924278591
-176.937399434
-176.93819278
-176.970038208
-177.017280441
-177.039945174
-177.086793658
-177.114223947
-177.127963261
-177.141699802
-177.195450785
-177.231536769
-177.280050947
-177.33784054
-177.377780136
-177.412641118
-177.444395852
-177.491291695
-177.531321984
-177.522537274
-177.514311313
-177.52047549
-177.56526453
-177.611679123
-177.674015524
-177.742823312
-177.8201186
-177.888532642
-177.962496122
-178.071974606
-178.189159897
-178.31403838
-178.396189918
-178.457588263
-178.525904385
-178.523365506
-178.542261352
-178.579969696
-178.619253041
-178.661154579
-178.676294312
-178.714917796
-178.756357669
-178.774950457
-178.801717691
-178.819603673
-178.838502712
-178.859586057
-178.875382457
-178.920087189
-178.980972618
-179.039411656
-179.081976252
-179.130096262
-179.157264051
-179.186831284
-179.210229352
-179.248459085
-179.291060623
-179.31598994
-179.364982173
-179.400371353
-179.425173031
-179.493061652
-179.533657495
-179.56633098
-179.585714464
-179.61550364
-179.634102818
-179.649154635
-179.688006451
-179.708917992
-179.727860779
-179.788487318
-179.835164412
-179.868716092
-179.90485263
-179.910158196
-179.924099873
-179.953014468
-180.033372257
-180.12957435
-180.22283839
-180.258705623
-180.239939107
-180.231669396
-180.248293435
-180.293391918
-180.350831513
-180.418720552
-180.465922644
-180.53707613
-180.763004473
-181.120549762
-181.571377274
-181.974193535
-182.267934102
-182.380996751
-182.349553151
-182.285636635
-182.259520533
-182.236557629
-182.229213474
-182.244696818
-182.267449468
-182.337310868
-182.385956712
-182.417281167
-182.434652568
-182.460376607
-182.496334951
-182.511037601
-182.576932612
-182.638835124
-182.687487358
-182.847285701
-183.143802935
-183.557799334
-184.076916985
-184.605043524
-185.135266866
-185.647421462
-186.138226057
-186.614767734
-187.105077467
-187.614149561
-188.117409711
-188.572817363
-189.021655706
-189.4948628
-189.956401839
-190.446361571
-190.936348251
-191.359811178
-191.716855077
-192.084685228
-192.444340517
-192.829064555
-193.237437346
-193.619085689
-194.015467784
-194.404637933
-194.805785583
-195.202605593
-195.593266855
-196.035243256
-196.511732018
-196.928596335
-197.322064401
-197.737228856
-198.185205812
-198.670373459
-199.184884166
-199.629367511
-200.010133911
-200.381918365
-200.709427821
-201.063964359
-201.453013259
-201.843846326
-202.177736477
-202.571510377
-202.994859693
-203.410286648
-203.832501659
-204.261322504
-204.713105708
-205.151147804
-205.569862399
-205.9896238
-206.370279505
-206.763225766
-207.15972258
-207.516648426
-207.902924132
-208.265090391
-208.625685264
-209.00198597
-209.380211676
-209.752443632
-210.128784475
-210.51847268
-210.914050331
-211.283900205
-211.62452827
-211.964290919
-212.355544125
-212.770755526
-213.152723732
-213.544313326
-213.978067918
-214.408544457
-214.81973447
-215.19522087
-215.55360463
-215.919480058
-216.318561319
-216.753164387
-217.194808008
-217.655567185
-218.123683169
-218.595786791
-219.085336247
-219.561010563
-220.014644463
-220.52649642
-221.022904624
-221.487038941
-221.98555034
-222.482439796
-222.942969392
-223.406265236
-223.875770386
-224.334853452
-224.753130963
-225.158027363
-225.585845568
-226.009453357
-226.421208508
-226.841010046
-227.269120891
-227.707684791
-228.153383134
-228.613253286
-229.063148435
-229.51793678
-229.985012484
-230.430485691
-230.874568895
-231.35731349
-231.835864474
-232.334621152
-232.712553385
-232.955813394
-233.128040352
-233.326281751
-233.602354402
-233.9902658
-234.400142895
-234.819328738
-235.220220279
-235.624608622
-236.037036968
-236.421902394
-236.81958699
-237.222430472
-237.648633261
-238.086689105
-238.499635644
-238.916819544
-239.302479693
-239.68169165
-239.966080272
-240.222499867
-240.417134462
-240.690586555
-241.031184484
-241.397153801
-241.810632423
-242.229357435
-242.667013001
-243.085643705
-243.521074828
-243.949974004
-244.350960683
-244.77461986
-245.247884317
-245.736895578
-246.198656978
-246.679096434
-247.130051583
-247.553497984
-247.867969383
-248.168801338
-248.461448848
-248.834849276
-249.25173401
-249.682706242
-250.109178199
-250.572739738
-251.065385442
-251.51525365
-251.964761853
-252.420253811
-252.867533959
-253.335241749
-253.803642732
-254.262859827
-254.70688206
-255.10791485
-255.518656526
-255.88147862
-256.072571687
-256.067439059
-255.948913237
-255.812241166
-255.744801733
-255.716814799
-255.720452727
-255.750818294
-255.818185943
-255.902269705
-255.964879021
-256.011778892
-256.022332098
-256.04413586
-256.07799101
-256.144436713
-256.211360059
-256.263422015
-256.330490221
-256.38031412
-256.420785104
-256.468990253
-256.498042903
-256.549748054
-256.571107509
-256.576844603
-256.563849894
-256.537340042
-256.534761442
-256.593591038
-256.650546187
-256.711660781
-256.771116486
-256.805722194
-256.834993592
-256.888710825
-256.920125976
-256.921491681
-256.914672525
-256.931905872
-256.97971727
-257.053115614
-257.133823402
-257.227922304
-257.28234676
-257.28751191
-257.318873309
-257.37784096
-257.420974304
-257.419933342
-257.445744881
-257.447585031
-257.401182126
-257.406124915
-257.415318674
-257.40416827
-257.430282865
-257.465406347
-257.514136498
-257.564754704
-257.621625548
-257.684877087
-257.716197932
-257.749184888
-257.817124897
-257.887474354
-257.925893115
-257.962679514
-257.968497303
-257.965262037
-257.967152742
-257.961693448
-257.966118459
-257.999619997
-258.088633897
-258.208323353
-258.311835308
-258.385327958
-258.416130608
-258.454717565
-258.50569216
-258.555997308
-258.581156209
-258.623195803
-258.670697341
-258.717980131
-258.760588476
-258.797903071
-258.84357072
-258.85645226
-258.852648658
-258.858157003
-258.889827848
-258.940617443
-259.011047593
-259.057462187
-259.105317336
-259.145869432
-259.191759026
-259.226233064
-259.248282105
-259.300872254
-259.308621849
-259.311340192
-259.331117843
-259.364228825
-259.416943421
-259.474208014
-259.519966359
-259.561262204
-259.593679992
-259.635759724
-259.714401265
-259.778881415
-259.840871009
-259.928396994
-259.967683531
-259.977879514
-259.971625498
-259.958412038
-259.968116769
-259.984350253
-260.004871237
-260.018607776
-260.027659454
-260.063876686
-260.084095031
-260.120571569
-260.141920608
-260.192440898
-260.239777437
-260.297075365
-260.339421208
-260.394625942
-260.440340535
-260.469127076
-260.507185419
-260.518610015
-260.546958636
-260.565076565
-260.605544352
-260.669852699
-260.725841737
-260.755197026
-260.79560662
-260.797843715
-260.827410946
-260.885900543
-260.918402636
-260.924661538
-260.950032381
-260.98516267
-261.032536152
-261.070109636
-261.106993536
-261.198662158
-261.277613142
-261.331330375
-261.35972636
-261.348229148
-261.331162076
-261.335566253
-261.348945569
-261.426452804
-261.507641842
-261.593552271
-261.647794503
-261.670405486
-261.703465915
-261.729014952
-261.764178574
-261.801493169
-261.824723458
-261.840169441
-261.872411397
-261.864188631
-261.866290865
-261.924292402
-261.976256442
-262.008280481
-262.063390908
-262.091214531
-262.145416626
-262.197993164
-262.275581092
-262.382703881
-262.444605559
-262.497275986
-262.519142805
-262.497926286
-262.489525325
-262.521845197
-262.588162431
-262.622626054
-262.605697035
-262.614398713
-262.635044143
-262.671305126
-262.696894304
-262.735645427
-262.785865436
-262.803845725
-262.841681709
-262.88872686
-262.929978952
-262.978227854
-263.006041474
-263.007100098
-262.999792469
-263.028084148
-263.058001381
-263.152538198
-263.246538764
-263.295399746
-263.287264065
-263.31651824
-263.339095059
-263.335997847
-263.39906758
-263.455056619
-263.491408298
-263.555141087
-263.611655125
-263.636369303
-263.663092786
-263.693673075
-263.768599059
-263.840065182
-263.901085055
-263.958342009
-263.941460353
-263.91775328
-263.91547371
-263.933840944
-263.998626509
-264.060999438
-264.115453614
-264.144192793
-264.191300165
-264.253414203
-264.30314338
-264.33109506
-264.341816042
-264.345712026
-264.378503008
-264.443679547
-264.50889942
-264.554260402
-264.56196944
-264.611133482
-264.623948074
-264.63496892
-264.699139208
-264.813615191
-264.92354798
-264.971503408
-264.99072106
-265.016175792
-265.024221219
-265.048192064
-265.094734296
-265.157948892
-265.203834874
-265.226408913
-265.279772952
-265.304362686
-265.347323809
-265.388747291
-265.439014665
-265.487872453
-265.534327187
-265.550732474
-265.559044015
-265.588439858
-265.644862786
-265.73711377
-265.829021559
-265.913098097
-265.963756442
-265.98651187
-266.013491048
-266.047567725
-266.10347607
-266.143459413
-266.184445398
-266.240346936
-266.27503292
-266.309856959
-266.383652246
-266.431022536
-266.441346575
-266.482901309
-266.541424236
-266.605106469
-266.665901201
-266.707237185
-266.73012067
-266.731872903
-266.723421385
-266.68894862
-266.693097104
-266.733511142
-266.782678375
-266.843176859
-266.885256591
-266.88591424
-266.889665363
-266.913803986
-266.967652469
-267.037557202
-267.099408324
-267.114147502
-267.115377514
-267.143685164
-267.200989897
-267.272863797
-267.327149781
-267.363363403
-267.384624942
-267.409904676
-267.423684547
-267.49891678
-267.556093875
-267.602639303
-267.62652584
-267.611565575
-267.600805308
-267.61247518
-267.634429915
-267.674672146
-267.696546185
-267.711854114
-267.752180652
-267.774882331
-267.83607762
-267.92132777
-267.969795003
-268.057189736
-268.157191276
-268.235664201
-268.282600187
-268.312739364
-268.332987849
-268.349601469
-268.394699953
-268.476582185
-268.538393169
-268.598837485
-268.645729718
-268.678668896
-268.71589238
-268.746253919
-268.792658098
-268.843780467
-268.912238259
-268.983768546
-269.033773835
-269.057613013
-269.038274135
-269.03782887
-269.079730408
-269.136597642
-269.223776402
-269.312396134
-269.318089481
-269.328315603
-269.332679224
-269.366483401
-269.428677719
-269.480913841
-269.524002602
-269.583228309
-269.645692347
-269.703427776
-269.722063897
-269.747040575
-269.763438642
-269.802974069
-269.823010192
-269.877898258
-269.906549936
-269.940356475
-269.961526903
-269.980688025
-269.996433453
-270.004832491
-270.039693475
-270.080898209
-270.133084191
-270.160339062
-270.193991436
-270.223161309
-270.25149993
-270.309807303
-270.362999534
-270.398126212
-270.452846503
-270.478792485
-270.556301664
-270.608134452
-270.641992379
-270.646682253
-270.660539624
-270.69636908
-270.727423814
-270.772868686
-270.80396717
-270.791325653
-270.786461219
-270.804172202
-270.830202491
-270.866547363
-270.914402097
-270.966012108
-270.948254203
-270.940545185
-270.952342279
-270.986696736
-271.032623693
-271.038741342
-271.025040243
-271.017201643
-271.011069292
-271.007299442
-271.004054592
