1.4760031318,-1.8839083946,-2.47064445589
1.4760031318,-1.8839083946,-2.47064445589
1.4760031318,-1.8839083946,-2.47064445589
1.4760031318,-1.8839083946,-2.47064445589
1.4760031318,-1.8839083946,-2.47064445589
1.4760031318,-1.8839083946,-2.47064445589
1.4760031318,-1.8839083946,-2.47064445589
1.4760031318,-1.8839083946,-2.47064445589
1.4760031318,-1.8839083946,-2.47064445589
1.4760031318,-1.8839083946,-2.47064445589
1.4760031318,-1.8839083946,2.4675901297
-1.97935608807,2.05556152654,2.4675901297
-1.97935608807,2.05556152654,2.4675901297
-1.97935608807,2.05556152654,2.4675901297
-1.97935608807,2.05556152654,2.4675901297
-1.97935608807,2.05556152654,2.4675901297
-1.97935608807,2.05556152654,2.4675901297
-1.97935608807,2.05556152654,2.4675901297
-1.97935608807,2.05556152654,2.4675901297
-1.97935608807,2.05556152654,2.4675901297
-1.97935608807,2.05556152654,2.4675901297
-1.97935608807,2.05556152654,2.4675901297
-1.97935608807,2.05556152654,2.4675901297
-1.97935608807,2.05556152654,2.4675901297
-1.97935608807,2.05556152654,2.4675901297
-1.97935608807,2.05556152654,2.4675901297
-1.97935608807,2.05556152654,2.4675901297
-1.97935608807,2.05556152654,2.4675901297
-1.97935608807,2.05556152654,0.0244346095279
-1.29197997879,0.424245907929,0.0244346095279
-1.29197997879,0.424245907929,0.0244346095279
-1.29197997879,0.424245907929,0.0244346095279
-1.29197997879,0.424245907929,0.0244346095279
-1.29197997879,0.424245907929,0.0244346095279
-1.29197997879,0.424245907929,0.0244346095279
-1.29197997879,0.424245907929,0.0244346095279
-1.29197997879,0.424245907929,0.0244346095279
-1.29197997879,0.424245907929,0.0244346095279
-1.29197997879,0.424245907929,0.0244346095279
-1.29197997879,0.424245907929,0.0244346095279
-1.29197997879,0.424245907929,0.0244346095279
-1.29197997879,0.424245907929,0.0244346095279
-1.29197997879,0.424245907929,0.0244346095279
-1.29197997879,0.424245907929,0.0244346095279
-1.29197997879,0.424245907929,0.0244346095279
-1.29197997879,0.424245907929,0.0255036236948
-1.3177890351,0.43401975174,0.0255036236948
-1.3177890351,0.43401975174,0.0255036236948
-1.3177890351,0.43401975174,0.0255036236948
-1.3177890351,0.43401975174,0.0255036236948
-1.3177890351,0.43401975174,0.0255036236948
-1.3177890351,0.43401975174,0.0255036236948
-1.3177890351,0.43401975174,0.0255036236948
-1.3177890351,0.43401975174,0.0255036236948
-1.3177890351,0.43401975174,0.0255036236948
-1.3177890351,0.43401975174,0.0255036236948
-1.3177890351,0.43401975174,0.0255036236948
-1.3177890351,0.43401975174,0.0255036236948
-1.3177890351,0.43401975174,0.0255036236948
-1.3177890351,0.43401975174,0.0255036236948
-1.3177890351,0.43401975174,0.0255036236948
-1.3177890351,0.43401975174,0.0255036236948
-1.3177890351,0.43401975174,0.0251981910757
-1.31442927629,0.435241482216,0.0251981910757
-1.31442927629,0.435241482216,0.0251981910757
-1.31442927629,0.435241482216,0.0251981910757
-1.31442927629,0.435241482216,0.0251981910757
-1.31442927629,0.435241482216,0.0251981910757
-1.31442927629,0.435241482216,0.0251981910757
-1.31442927629,0.435241482216,0.0251981910757
-1.31442927629,0.435241482216,0.0251981910757
-1.31442927629,0.435241482216,0.0251981910757
-1.31442927629,0.435241482216,0.0251981910757
-1.31442927629,0.435241482216,0.0251981910757
-1.31442927629,0.435241482216,0.0251981910757
-1.31442927629,0.435241482216,0.0251981910757
-1.31442927629,0.435241482216,0.0251981910757
-1.31442927629,0.435241482216,0.0251981910757
-1.31442927629,0.435241482216,0.0251981910757
-1.31442927629,0.435241482216,0.0251981910757
-1.31442927629,0.436310496383,0.0229074464324
-1.32114879391,0.436310496383,0.0229074464324
-1.32114879391,0.436310496383,0.0229074464324
-1.32114879391,0.436310496383,0.0229074464324
-1.32114879391,0.436310496383,0.0229074464324
-1.32114879391,0.436310496383,0.0229074464324
-1.32114879391,0.436310496383,0.0229074464324
-1.32114879391,0.436310496383,0.0229074464324
-1.32114879391,0.436310496383,0.0229074464324
-1.32114879391,0.436310496383,0.0229074464324
-1.32114879391,0.436310496383,0.0229074464324
-1.32114879391,0.436310496383,0.0229074464324
-1.32114879391,0.436310496383,0.0229074464324
-1.32114879391,0.436310496383,0.0229074464324
-1.32114879391,0.436310496383,0.0229074464324
-1.32114879391,0.436310496383,0.0229074464324
-1.32114879391,0.436310496383,0.0229074464324
-1.32114879391,0.436310496383,0.0229074464324
-1.29656146808,0.431118141858,0.029168815124
-1.29656146808,0.431118141858,0.029168815124
-1.29656146808,0.431118141858,0.029168815124
-1.29656146808,0.431118141858,0.029168815124
-1.29656146808,0.431118141858,0.029168815124
-1.29656146808,0.431118141858,0.029168815124
-1.29656146808,0.431118141858,0.029168815124
-1.29656146808,0.431118141858,0.029168815124
-1.29656146808,0.431118141858,0.029168815124
-1.29656146808,0.431118141858,0.029168815124
-1.29656146808,0.431118141858,0.029168815124
-1.29656146808,0.431118141858,0.029168815124
-1.29656146808,0.431118141858,0.029168815124
-1.29656146808,0.431118141858,0.029168815124
-1.29656146808,0.431118141858,0.029168815124
-1.29656146808,0.431118141858,0.029168815124
-1.29656146808,0.431118141858,0.029168815124
-1.29656146808,0.431118141858,0.0659734457254
-1.18370411532,0.438906673645,0.0659734457254
-1.18370411532,0.438906673645,0.0659734457254
-1.18370411532,0.438906673645,0.0659734457254
-1.18370411532,0.438906673645,0.0659734457254
-1.18370411532,0.438906673645,0.0659734457254
-1.18370411532,0.438906673645,0.0659734457254
-1.18370411532,0.438906673645,0.0659734457254
-1.18370411532,0.438906673645,0.0659734457254
-1.18370411532,0.438906673645,0.0659734457254
-1.18370411532,0.438906673645,0.0659734457254
-1.18370411532,0.438906673645,0.0659734457254
-1.18370411532,0.438906673645,0.0659734457254
-1.18370411532,0.438906673645,0.0659734457254
-1.18370411532,0.438906673645,0.0659734457254
-1.18370411532,0.438906673645,0.0659734457254
-1.18370411532,0.438906673645,0.0659734457254
-1.18370411532,0.438906673645,0.0659734457254
-1.18370411532,0.438906673645,0.103388941565
-1.10581879745,0.450054964242,0.103388941565
-1.10581879745,0.450054964242,0.103388941565
-1.10581879745,0.450054964242,0.103388941565
-1.10581879745,0.450054964242,0.103388941565
-1.10581879745,0.450054964242,0.103388941565
-1.10581879745,0.450054964242,0.103388941565
-1.10581879745,0.450054964242,0.103388941565
-1.10581879745,0.450054964242,0.103388941565
-1.10581879745,0.450054964242,0.103388941565
-1.10581879745,0.450054964242,0.103388941565
-1.10581879745,0.450054964242,0.103388941565
-1.10581879745,0.450054964242,0.103388941565
-1.10581879745,0.450054964242,0.103388941565
-1.10581879745,0.450054964242,0.103388941565
-1.10581879745,0.450054964242,0.103388941565
-1.10581879745,0.450054964242,0.103388941565
-1.10581879745,0.450054964242,0.103388941565
-1.10581879745,0.419206269713,0.128587132641
-0.951422608493,0.419206269713,0.128587132641
-0.951422608493,0.419206269713,0.128587132641
-0.951422608493,0.419206269713,0.128587132641
-0.951422608493,0.419206269713,0.128587132641
-0.951422608493,0.419206269713,0.128587132641
-0.951422608493,0.419206269713,0.128587132641
-0.951422608493,0.419206269713,0.128587132641
-0.951422608493,0.419206269713,0.128587132641
-0.951422608493,0.419206269713,0.128587132641
-0.951422608493,0.419206269713,0.128587132641
-0.951422608493,0.419206269713,0.128587132641
-0.951422608493,0.419206269713,0.128587132641
-0.951422608493,0.419206269713,0.128587132641
-0.951422608493,0.419206269713,0.128587132641
-0.951422608493,0.419206269713,0.128587132641
-0.951422608493,0.419206269713,0.128587132641
-0.951422608493,0.419206269713,0.11881328883
-0.71181071881,0.320398817435,0.11881328883
-0.71181071881,0.320398817435,0.11881328883
-0.71181071881,0.320398817435,0.11881328883
-0.71181071881,0.320398817435,0.11881328883
-0.71181071881,0.320398817435,0.11881328883
-0.71181071881,0.320398817435,0.11881328883
-0.71181071881,0.320398817435,0.11881328883
-0.71181071881,0.320398817435,0.11881328883
-0.71181071881,0.320398817435,0.11881328883
-0.71181071881,0.320398817435,0.11881328883
-0.71181071881,0.320398817435,0.11881328883
-0.71181071881,0.320398817435,0.11881328883
-0.71181071881,0.320398817435,0.11881328883
-0.71181071881,0.320398817435,0.11881328883
-0.71181071881,0.320398817435,0.11881328883
-0.71181071881,0.320398817435,0.11881328883
-0.71181071881,0.320398817435,0.11881328883
-0.442571865074,0.198378486105,0.0885754595387
-0.442571865074,0.198378486105,0.0885754595387
-0.442571865074,0.198378486105,0.0885754595387
-0.442571865074,0.198378486105,0.0885754595387
-0.442571865074,0.198378486105,0.0885754595387
-0.442571865074,0.198378486105,0.0885754595387
-0.442571865074,0.198378486105,0.0885754595387
-0.442571865074,0.198378486105,0.0885754595387
-0.442571865074,0.198378486105,0.0885754595387
-0.442571865074,0.198378486105,0.0885754595387
-0.442571865074,0.198378486105,0.0885754595387
-0.442571865074,0.198378486105,0.0885754595387
-0.442571865074,0.198378486105,0.0885754595387
-0.442571865074,0.198378486105,0.0885754595387
-0.442571865074,0.198378486105,0.0885754595387
-0.442571865074,0.198378486105,0.0885754595387
-0.442571865074,0.198378486105,0.0885754595387
-0.442571865074,0.198378486105,0.0126754536926
-0.0665843109636,0.0375682121492,0.0126754536926
-0.0665843109636,0.0375682121492,0.0126754536926
-0.0665843109636,0.0375682121492,0.0126754536926
-0.0665843109636,0.0375682121492,0.0126754536926
-0.0665843109636,0.0375682121492,0.0126754536926
-0.0665843109636,0.0375682121492,0.0126754536926
-0.0665843109636,0.0375682121492,0.0126754536926
-0.0665843109636,0.0375682121492,0.0126754536926
-0.0665843109636,0.0375682121492,0.0126754536926
-0.0665843109636,0.0375682121492,0.0126754536926
-0.0665843109636,0.0375682121492,0.0126754536926
-0.0665843109636,0.0375682121492,0.0126754536926
-0.0665843109636,0.0375682121492,0.0126754536926
-0.0665843109636,0.0375682121492,0.0126754536926
-0.0665843109636,0.0375682121492,0.0126754536926
-0.0665843109636,0.0375682121492,0.0126754536926
-0.0665843109636,0.0375682121492,0.0126754536926
-0.0665843109636,0.0375682121492,-0.0134390352404
0.00702495023928,0.00335975881009,-0.0134390352404
0.00702495023928,0.00335975881009,-0.0134390352404
0.00702495023928,0.00335975881009,-0.0134390352404
0.00702495023928,0.00335975881009,-0.0134390352404
0.00702495023928,0.00335975881009,-0.0134390352404
0.00702495023928,0.00335975881009,-0.0134390352404
0.00702495023928,0.00335975881009,-0.0134390352404
0.00702495023928,0.00335975881009,-0.0134390352404
0.00702495023928,0.00335975881009,-0.0134390352404
0.00702495023928,0.00335975881009,-0.0134390352404
0.00702495023928,0.00335975881009,-0.0134390352404
0.00702495023928,0.00335975881009,-0.0134390352404
0.00702495023928,0.00335975881009,-0.0134390352404
0.00702495023928,0.00335975881009,-0.0134390352404
0.00702495023928,0.00335975881009,-0.0134390352404
0.00702495023928,0.00335975881009,-0.0134390352404
0.00702495023928,0.00335975881009,-0.0134390352404
0.00702495023928,0.00335975881009,-0.0171042266695
-0.00167987940504,0.0100792764303,-0.0171042266695
-0.00167987940504,0.0100792764303,-0.0171042266695
-0.00167987940504,0.0100792764303,-0.0171042266695
-0.00167987940504,0.0100792764303,-0.0171042266695
-0.00167987940504,0.0100792764303,-0.0171042266695
-0.00167987940504,0.0100792764303,-0.0171042266695
-0.00167987940504,0.0100792764303,-0.0171042266695
-0.00167987940504,0.0100792764303,-0.0171042266695
-0.00167987940504,0.0100792764303,-0.0171042266695
-------------------
