0.0
-0.0373549999998
-0.0256789999998
0.000219000000418
-0.0067824999996
0.00234750000043
0.0263360000005
0.000656999997339
-0.00952699999949
-0.0538834999996
-0.0988764999998
-0.176769
-0.206267
-0.204138499981
-0.234909499994
-0.248912499994
-0.260787000013
-0.292830999993
-0.308743499993
-0.370922000019
-0.402965999969
-0.4188785
-0.450922499981
-0.466834999981
-0.515647000007
-0.531559500007
-0.5803715
-0.613052000013
-0.661864000007
-0.710676000001
-0.7278615
-0.711511000006
-0.728060000007
-0.777508500001
-0.794057499969
-0.793838499988
-0.793619499975
-0.794036999994
-0.794454500013
-0.811003500013
-0.844320499994
-0.934943000013
-1.00115950002
-1.0344765
-1.06842999998
-1.05377000001
-1.07159200001
-1.05587799998
-1.10723599998
-1.12633099998
-1.176416
-1.20973299998
-1.22691849998
-1.29377150002
-1.32772499997
-1.345547
-1.34660099999
-1.34765500001
-1.33130450001
-1.38075300001
-1.39730200001
-1.43061899999
-1.44780450002
-1.46435349999
-1.48090250002
-1.5142195
-1.531405
-1.547954
-1.564503
-1.6567955
-1.69074900001
-1.72406599984
-1.74761649996
-1.74803400014
-1.7484515
-1.78176849982
-1.81572199996
-1.84903899979
-1.91589199989
-1.94920900003
-1.98252600017
-2.01520649999
-2.03175549999
-2.04957749998
-2.03322699971
-2.04913949971
-2.11704649999
-2.16585849995
-2.19853900009
-2.21508799977
-2.25795249992
-2.30740099988
-2.33986250019
-2.38994749984
-2.40713299984
-2.42431850016
-2.4744034998
-2.49349850011
-2.52617900025
-2.52659650011
-2.55927700025
-2.5596944998
-2.5768799998
-2.59342900011
-2.62674599994
-2.72606050004
-2.74324600004
-2.77719950018
-2.82728449983
-2.87778700028
-2.89560899996
-2.91279449996
-2.91321200014
-2.94652899997
-2.99661400024
-3.04669899989
-3.09614749985
-3.1294645
-3.16341799982
-3.13157250003
-3.11585849975
-3.13240750007
-3.13282499992
-3.16614200007
-3.1994590002
-3.20093049992
-3.21747949993
-3.23339199993
-3.26670900006
-3.31679400003
-3.33397950003
-3.36729650016
-3.38448199985
-3.3687680002
-3.3859535002
-3.4031390002
-3.45386049985
-3.48717749999
-3.50372649999
-3.52091199999
-3.50583450003
-3.5559195
-3.62213599978
-3.65545299991
-3.70553799988
-3.72272349988
-3.72250450005
-3.73968999974
-3.78977500002
-3.79019250019
-3.84027749984
-3.85746299984
-3.89141649998
-3.90860199998
-3.95868699994
-3.99136749976
-4.0246844999
-4.05863800004
-4.10872300001
-4.125272
-4.15858900015
-4.1590065
-4.176192
-4.17660950018
-4.17702700004
-4.19421249973
-4.19526650022
-4.2130884999
-4.24767849973
-4.2990365
-4.34912149997
-4.39984299993
-4.4015335001
-4.38645600014
-4.40364150014
-4.4046955
-4.42251750001
-4.47323899997
-4.50719250011
-4.54178249993
-4.59250399989
-4.62709399972
-4.64427950003
-4.66273800003
-4.72959100013
-4.74741300013
-4.78136649995
-4.81532000009
-4.83314200009
-4.85096399978
-4.85201800027
-4.8853350001
-4.90315699978
-4.93711049992
-4.95493250023
-4.97275449991
-4.98993999991
-5.00712550023
-5.00754300009
-5.04255050009
-5.10982100006
-5.09410699978
-5.09516099995
-5.11234650027
-5.17261549992
-5.18916450023
-5.19021850009
-5.19127249996
-5.28040300006
-5.34725600015
-5.36444149984
-5.38099050016
-5.38204450002
-5.39923000002
-5.41641550002
-5.44929449988
-5.48197500002
-5.53205999998
-5.55115499998
-5.5844719998
-5.61778899994
-5.6672374999
-5.66829150008
-5.66807250026
-5.70202599977
-5.71984800008
-5.73767000008
-5.75549199977
-5.75654599994
-5.72470050015
-5.7089865002
-5.72680849988
-5.74463050019
-5.77922050002
-5.81381049984
-5.86516849981
-5.8836269998
-5.91758049994
-5.95217049977
-5.96999250008
-5.97168300026
-5.9733734998
-5.95829599984
-5.95998650002
-5.99457649984
-6.04593449981
-6.0643929998
-6.11575100008
-6.1503409999
-6.16879950022
-6.18598500022
-6.23797949987
-6.23967000004
-6.22522899977
-6.22564649994
-6.22606400012
-6.24452250012
-6.2623444998
-6.29693449995
-6.29798850012
-6.29904249998
-6.29945999984
-6.33404999998
-6.40195699994
-6.41850600026
-6.41892349981
-6.4532944998
-6.50443349994
-6.52034599994
-6.52076350012
-6.53794900012
-6.58972449994
-6.63980949991
-6.69053099987
-6.723848
-6.75716499983
-6.77498700014
-6.79217249983
-6.82548949996
-6.84203849997
-6.85986050028
-6.87704599997
-6.91099949979
-6.96150200025
-6.99609200007
-7.04681350003
-7.04786749989
-7.08882250003
-7.15567549982
-7.17286099982
-7.20681449996
-7.22463649996
-7.20997649985
-7.21103049972
-7.21272099989
-7.22990649989
-7.26386000003
-7.28168200004
-7.33303999999
-7.35086199999
-7.40158349995
-7.45230500023
-7.47012699992
-7.47181750009
-7.4896395001
-7.52422949992
-7.50978849995
-7.43018500007
-7.07189050003
-6.69682799985
-6.28886599971
-5.89767200002
-5.45681050024
-4.999181
-4.57508750004
-4.1180944998
-3.64497000005
-3.17184549998
-2.69935749991
-2.24300099998
-1.78600800006
-1.34578299996
-0.889426500032
-0.417574999974
0.0542765000973
0.509359999707
0.948311999809
1.40403200005
1.85975199998
2.29934049976
2.77246500014
3.24495300021
4.1266760001
4.59916400016
5.05552050009
5.52800850015
6.0011329999
6.50588399993
6.99450350013
7.49989099984
8.02077350001
8.52552450003
8.98124450028
9.45309600003
9.94171549992
10.4464664999
10.9673490001
11.4882315003
12.0091140001
12.5132285001
13.000575
13.5201844999
14.0230260002
14.4774730002
14.7028964997
14.7470545003
14.7254135
14.63861
14.5189070001
14.3992040003
14.3788360003
14.3752359998
14.3555045001
14.3357730001
14.3166780001
14.2969464998
14.2610834999
14.2426249999
14.2073985001
14.172172
14.1698450001
14.1346185
14.11616
14.098338
14.0966475001
14.0775525001
14.0268310002
14.1238390002
14.4324659998
14.774629
15.1490549999
15.5408855002
15.948211
16.372941
16.797671
17.271432
17.7451929998
18.2350855
18.7249779999
19.2639015002
19.786057
20.3075759999
20.829095
21.3499775002
21.8547284999
22.3427114998
22.8474624998
23.3528500002
23.8427425001
24.2997355
24.8225275001
25.0988914998
25.1765855
25.1884805
25.1184450002
25.0322780003
24.9287064999
24.8909339997
24.8705659997
24.8843705
24.8317394997
24.8126445001
24.7774180002
24.7428280001
24.7405009999
24.7226790002
24.7209885001
24.736066
24.7679114998
24.7662210003
24.7645305001
24.7460720001
24.7450180002
24.7278324999
24.6938790001
24.6928250002
24.6421034999
24.5584825
24.4742249998
24.4067355
24.3398824999
24.3065655001
24.2726119999
24.2547899999
24.2537360001
24.2197824999
24.2193649998
24.1686434998
24.1191949998
24.0691099999
24.0028935001
23.9689399999
23.9678860001
23.9829635
23.9974045
23.9969870001
23.9965695
23.9626159998
23.962835
23.946286
23.929737
23.9125515
23.8960025003
23.846554
23.8132369999
23.7631520002
23.7298350001
23.6965179999
23.6793324999
23.6615105003
23.6443250003
23.6439075001
23.6267220001
23.6101729998
23.5936240001
23.5596704999
23.4928175002
23.460137
23.4106885001
23.3767350002
23.3595494999
23.3262324998
23.3096835001
23.2931345001
23.2759490001
23.2916629997
23.2918819999
23.3088689998
23.275552
23.2428714999
23.2101910001
23.1607425001
23.128062
23.1121495
23.1130050001
23.0964560001
23.0646310001
23.0489374999
23.0330249999
23.0164760002
22.9814684999
22.9655559999
22.9664114997
22.9498625001
22.9326770001
22.8993600002
22.8834475002
22.8178675001
22.7845505
22.7512334999
22.750816
22.6845994999
22.6351509999
22.6186019999
22.6014164999
22.5804119999
22.5309635
22.5137780003
22.4643295
22.3981130002
22.3654325001
22.3321154999
22.3316980001
22.3230060002
22.3387199999
22.305403
22.272305
22.2389879999
22.2218025002
22.2375164999
22.2203309999
22.1863775
22.1195244999
22.0694395
22.0516175
22.0505635001
21.9998419998
21.998788
21.9816025
21.9315175
21.9136955
21.9113685002
21.8935465002
21.8598119998
21.826495
21.7596419999
21.7256884998
21.7085030001
21.675186
21.6586369999
21.6414514999
21.5954045001
21.5949869999
21.5939329998
21.5928789999
21.5763300002
21.5430130001
21.5245544998
21.4751059998
21.4256574999
21.3917039997
21.3915055
21.3749565
21.4074384998
21.4070210002
21.3904719999
21.3732864999
21.3393329998
21.3395519999
21.3391345001
21.3130380001
21.2629529998
21.2128680001
21.1789145
21.1449609999
21.1284120002
21.1118629999
21.110809
21.0613605
21.0448115
21.0102214999
20.9936725002
20.9442239999
20.8947755
20.8614584998
20.7960974999
20.6972004999
20.6806514999
20.6634659999
20.6624120001
20.6594484999
20.6261315001
20.6257140002
20.6085284999
20.6242425002
20.590289
20.572467
20.5552814997
20.5051965001
20.5041425002
20.4534209999
20.4162850001
20.381695
20.363873
20.346051
20.295966
20.2949120002
20.2770900002
20.2425
20.2066369999
20.205583
20.1548615001
20.1047764998
20.1037224999
20.0865369999
20.0693514999
20.0689339997
20.0678799999
20.0506944999
20.0496405
20.032455
20.0152695
20.0148519998
19.9808985
19.9301769997
19.9291229999
19.8964425001
19.8624889999
19.8124039999
19.7790869998
19.7619015001
19.7614840012
19.7597935013
19.7432444992
19.7092910012
19.7417730007
19.7400825008
19.7403014988
19.7069844999
19.6897989986
19.6242190013
19.5741339992
19.5401805009
19.5236314991
19.4580514987
19.4247344994
19.4230439999
19.4071315002
19.3905825011
19.3895285006
19.3555749993
19.2893584998
19.2554050015
19.2053199994
19.1720030005
19.105786501
19.072469499
19.0552840006
19.0213304995
19.020276499
19.0024545015
18.9691374995
18.9519520013
18.9341300007
18.9169444995
18.8991224989
18.8974319993
18.863478501
18.8295249997
18.7781669991
18.7435769986
18.7096235007
18.6756699993
18.6746159988
18.6735620014
18.6391909986
18.6052375007
18.5706474999
18.5205625012
18.4866089998
18.4526554984
18.4348335012
18.4002435008
18.3991895
18.3813674997
18.3803134992
18.3618549992
18.344669501
18.3211190014
18.2878019991
18.287384501
18.2701989998
18.2196964997
18.2192790014
18.1859619994
18.1526450005
18.1354594992
18.1021425003
18.0855935016
18.0696809985
18.0512224985
18.0340370016
17.9845885
18.0005215024
18.000104
18.0003230007
17.9844105007
17.9273239993
17.8604710001
17.8271539993
17.8099684993
17.7934194993
17.7762339993
17.7422805017
17.7250949985
17.6750100001
17.6578245002
17.6238710025
17.6066854994
17.5894999994
17.539415001
17.5060980002
17.4205675003
17.3866139995
17.3371655011
17.3025755004
17.3008850012
17.2991944987
17.2820089988
17.2648235019
17.2805375003
17.2304525019
17.2293984995
17.1954449988
17.1614915011
17.1275380004
17.0929479996
17.059631002
17.0263139981
16.9923605004
16.9913065012
16.9728480012
16.9713765027
16.9696859972
16.9350959995
16.9011424988
16.8833204988
16.8154135005
16.7625840004
16.7770249989
16.759203002
16.7749170003
16.7738630012
16.756040998
16.7549869988
16.7210335011
16.6775324972
16.6435789996
16.6263934996
16.592440002
16.5913859996
16.5413010012
16.5241155012
16.5398294996
16.4865620012
16.4519720004
16.4018869989
16.3847015021
16.3836474997
16.397034502
16.3469494973
16.3129959997
16.2790424989
16.2779884997
16.2608029997
16.2527475005
16.2187939996
16.1759295021
16.1593804989
16.1260635013
16.0927465005
16.0594294998
16.026748999
16.0095635021
15.9762464982
15.9596975014
15.9437850014
15.8943364998
15.8448880014
15.8111535014
15.7939679983
15.7774190014
15.7615065014
15.7610889991
15.7271355014
15.6766330006
15.6594475007
15.6261304999
15.5749915023
15.5410380015
15.4909529999
15.4898990007
15.4720770007
15.4710229983
15.4532009984
15.4353789984
15.4169204984
15.4152299991
15.3628180015
15.3282280007
15.3110425008
15.2938570007
15.2420815
15.2728729999
15.2550509999
15.2045485023
15.2196259975
15.2018040006
15.1678504999
15.1506649999
15.1160750023
15.0982530023
15.0642994984
15.0632454992
15.0789594975
15.0611375006
15.0053239991
14.9552390007
14.9380535008
14.9047365
14.9210869984
14.8538165
14.8043679984
14.7710510008
14.737734
14.7211850001
14.7371179992
14.7044375016
14.7046565023
14.6713394984
14.6547905016
14.605342
14.5558935016
14.5393444985
14.5060275009
14.4565789993
14.4406664993
14.4073494986
14.3746689978
14.3413520002
14.3086714994
14.2759910018
14.2588054987
14.2416200018
14.2579705002
14.2581895009
14.2068314994
14.1561099979
14.1221565002
14.0875664995
14.0529764987
14.0022549972
14.0012010011
13.9672475004
13.9332939996
13.9154720027
13.8970135027
13.8791914995
13.844601502
13.826143002
13.7915530012
13.7737310012
13.7552725012
13.7535819988
13.7189920012
13.7289774996
13.6627610004
13.6455754973
13.6447404988
13.6443229995
13.6439055004
13.642851498
13.6256660011
13.6084805011
13.5919315011
13.5747460011
13.5414290003
13.541011498
13.5399574988
13.507276998
13.4574110003
13.4408620004
13.4236765003
13.3903594996
13.3566249996
13.307176498
13.2906275012
13.2394885004
13.2061714997
13.1567229981
13.1072744997
13.0913619997
13.0748129997
13.0743955005
13.0578465005
13.0260215005
12.9929235005
12.9596065029
12.9430574998
12.8938280021
12.8611475013
12.8116989998
12.778381999
12.7128019999
12.6794849991
12.6461680015
12.6122145007
12.6285650022
12.6449155007
12.6612659991
12.644716999
12.6107634983
12.5774465007
12.5105935015
12.4934079983
12.4265549991
12.4422690007
12.4244470008
12.3749984992
12.3578129992
12.3238595016
12.3234419992
12.2894885016
12.2877980023
12.2538445016
12.2366589984
12.1519839993
12.1502935001
12.1324715001
12.1314174977
12.1303635016
12.1125415016
12.1443870007
12.1265650007
12.0953765007
12.0745910015
12.0735370023
12.0718464998
12.0378929991
12.0207074992
11.9861175015
11.9850634991
11.9453815015
11.9617319999
11.9451829999
11.9279974999
11.8779124983
11.8445955007
11.8280464976
11.8121339976
11.7955850007
11.8112989991
11.7450825
11.6956340016
11.6287810024
11.5793325008
11.5627835009
11.5301030001
11.5129175001
11.5131365009
11.5139919985
11.4813115009
11.4479945001
11.4475770009
11.4148965001
11.3983475001
11.3747970001
11.3588845002
11.3255674993
11.2595700009
11.1939900018
11.1774409987
11.1279925003
11.0791805018
11.0626314987
11.0293145011
11.0611600002
11.0607425011
11.0280620003
11.0115130002
10.9781959995
10.9119795004
10.8780259995
10.8614769996
10.812028498
10.7787115004
10.728626502
10.7114409988
10.7110234997
10.6938379996
10.7095520012
10.6917300012
10.6751810012
10.6418639973
10.591142502
10.5571889981
10.5393669981
10.538949502
10.5385319997
10.504578502
10.4880294989
10.5037434973
10.5033260012
10.5029084988
10.5024909995
10.4526249988
10.4193080012
10.4188904988
10.4184729996
10.4012874995
10.3841019996
10.3675529996
10.334872502
10.3350915027
10.3185424996
10.3019934995
10.2525450012
10.2362149988
10.2196660019
10.2031169988
10.1865679988
10.1700190019
10.136701998
10.0872534997
10.0707044996
10.0044880005
9.98730250052
9.93785399894
9.90390050129
9.88735149817
9.83853949983
9.80585899903
9.77317849824
9.73986150062
9.7233124975
9.70739999748
9.69085100064
9.69043349827
9.67452099826
9.69087149975
9.6736859998
9.62423750143
9.57478899985
9.54147200223
9.47589199991
9.45934299999
9.45956200073
9.47527599911
9.44195900149
9.39251049991
9.35855699918
9.34137150231
9.30741800158
9.30700049921
9.27304700156
9.23972999765
9.22190800075
9.17182299927
9.13850600165
9.08778450014
9.07059900007
9.0360089993
9.05108650086
9.03390099771
8.99931100015
8.98148900005
8.96366700007
8.94648150012
8.91252800247
8.91083750004
8.87752049933
8.86033500246
8.87541249773
8.89048999929
8.90620400075
8.8890185008
8.8879644984
8.85464750078
8.85422999841
8.85381250232
8.81985899839
8.81880499919
8.81775099999
8.83282849834
8.83241100225
8.79909399835
8.74837249992
8.69701450158
8.66306099764
8.66264350156
8.66222599918
8.66117199999
8.61045050155
8.57649700082
8.54254349997
8.52472149999
8.49140449929
8.47421899922
8.45703349927
8.40631200083
8.37299500013
8.30677849778
8.27346150016
8.22337650175
8.18942300102
8.1561060002
8.1227889995
8.10623999945
8.07228649872
8.07250549946
8.05531999951
8.03813449944
7.9882684987
7.44554650012
6.99939449903
6.48553399798
5.97103700011
5.42427700074
4.87751700136
4.313988998
3.70079349873
3.10372950009
2.45699799926
1.85929750072
1.262233499
0.648401499697
0.0513375011799
-0.54572650054
-1.12602250148
-1.68955050163
-2.23631050101
-2.79856550123
-3.32792099979
-3.89081250004
-4.53754400087
-5.23776200087
-5.8522305002
-6.44929450192
-7.01282250208
-7.62665450138
-8.22435499992
-8.80465100086
-9.3849470018
-9.94783849885
-10.5274979998
-11.1568249999
-11.8190515015
-12.4154790001
-13.0119065017
-13.625102001
-14.2215294996
-14.8018255006
-15.3814850015
-15.978549
-16.6252804977
-17.2229809995
-17.8206815011
-18.4016140021
-19.032850499
-19.5982880023
-20.0321274995
-20.1866394993
-20.2418164977
-20.2311944993
-20.1870364994
-20.1093425011
-20.0819524988
-20.0539259996
-20.0581624989
-20.0611260012
-20.0814939981
-20.117357002
-20.1525834996
-20.1555469989
-20.1572374981
-20.1582915005
-20.1767500005
-20.1945720005
-20.1949894997
-20.2179035029
-20.218957499
-20.2361429989
-20.2694599998
-20.3034135005
-20.3199625005
-20.3203799997
-20.3369289997
-20.3541144997
-20.4041995013
-20.4046170005
-20.4547019989
-20.5041505004
-20.536830998
-20.5372485004
-20.5544339973
-20.5871144981
-20.6197950019
-20.6531119996
-20.6696609996
-20.7352409987
-20.7511534987
-20.8006020003
-20.833919001
-20.8182050026
-20.8256240019
-20.8595774995
-20.8935310003
-20.9119895003
-20.945943001
-20.9637649979
-20.9815869979
-20.998772501
-20.9991899971
-21.0337799979
-21.0348340003
-21.0520195002
-21.0692050003
-21.1199265018
-21.1706479971
-21.1723385026
-21.2385550017
-21.2557404986
-21.2729260017
-21.3242840001
-21.3414695002
-21.3592915001
-21.3764770001
-21.4265619985
-21.4605155024
-21.4448014978
-21.4787549985
-21.4798090009
-21.4969944978
-21.4974120001
-21.5313655009
-21.5485509977
-21.5328369993
-21.5338910018
-21.5343084978
-21.5682619986
-21.5525480002
-21.5697334971
-21.5875555002
-21.6376405017
-21.6709574993
-21.6881430025
-21.7059649994
-21.6908875009
-21.6913050002
-21.6755909986
-21.6269774987
-21.6441630019
-21.6613484987
-21.7120700002
-21.7460234979
-21.7793405018
-21.7797579979
-21.7801755003
-21.8141289979
-21.8803455001
-21.9310669986
-21.9643840025
-22.0138325009
-21.9974819994
-21.9978995017
-21.9989535009
-22.0322704986
-22.0488194986
-22.0827729993
-22.1322215009
-22.1984380001
-22.2317549977
-22.2650720016
-22.2816209984
-22.2988065016
-22.2998605008
-22.3002780001
-22.3335949977
-22.3346490001
-22.3679660008
-22.4180509992
-22.451368
-22.4685535
-22.4689710023
-22.502288
-22.5027054992
-22.5360224999
-22.5364399992
-22.5697569999
-22.5869425
-22.5873599992
-22.6368085008
-22.6701254984
-22.6873110015
-22.7212645023
-22.7545814999
-22.7711304999
-22.8044475006
-22.854532499
-22.9039810006
-22.9205299974
-22.9538470013
-22.9549010005
-22.9553184998
-22.9550994991
-22.972284999
-22.9894705022
-22.9898879983
-22.9741739999
-22.9578235015
-22.9247049992
-22.9251225016
-22.9429445016
-23.0085245007
-23.0418415015
-23.0751584991
-23.0917075023
-23.0921249983
-23.1093105015
-23.1264959984
-23.1591764992
-23.1602304984
-23.1606480007
-23.1617019999
-23.1788875
-23.2122045007
-23.2281170007
-23.2446660008
-23.2612149976
-23.2777640007
-23.3272124991
-23.3766610007
-23.426109499
-23.4432950022
-23.4766119998
-23.5254240014
-23.5090734999
-23.5262589998
-23.5428079999
-23.5425890022
-23.5759059998
-23.6085865006
-23.6748029998
-23.7242514981
-23.7904679973
-23.8566845027
-23.8900015004
-23.8904189996
-23.8740685012
-23.9574705003
-23.942393002
-23.9757099996
-24.0264315011
-24.0597484987
-24.059529498
-24.0934829987
-24.1267999996
-24.1601170003
-24.2095655018
-24.2590140002
-24.3097355017
-24.3430524993
-24.3602379994
-24.3767869993
-24.3772044986
-24.3782584978
-24.395444001
-24.411993001
-24.4453099986
-24.5121630009
-24.5821985001
-24.6316470016
-24.681732
-24.6821494993
-24.6832034985
-24.7005875
-24.6848735017
-24.6362600017
-24.6366774978
-24.6203269994
-24.6213810018
-24.6553344995
-24.6725199994
-24.7160210002
-24.7826550018
-24.7998404986
-24.8344304994
-24.8193529978
-24.8197705002
-24.7866519979
-24.8044739979
-25.0557750024
-25.4528960012
-25.8822800015
-26.3787360017
-26.8913235027
-27.4206789982
-27.9661660007
-28.5284210009
-29.0906759979
-29.6703354988
-30.2822579982
-30.9438479998
-31.5893064975
-32.2508964992
-32.8963550001
-33.5753495024
-34.1879084985
-34.8172354987
-35.4620574996
-36.1565469995
-36.8349049988
-37.5287579988
-38.2238839988
-39.3781110007
-40.0558325
-40.7174224984
-41.3293450008
-42.007702997
-42.6699295017
-43.2992564987
-43.9447149996
-44.557274002
-45.2033689997
-45.8494639974
-46.5290949998
-47.1919579983
-47.8554574999
-48.4860575
-49.1663250024
-49.8136930002
-50.4275249995
-51.0742565003
-51.6880884996
-52.3012840021
-52.9641470006
-53.5773424999
-54.2234375008
-54.9359679984
-55.5175370025
-55.803010499
-55.9556129989
-56.0095170004
-55.9969854989
-55.9186550005
-55.8564559999
-55.8297025007
-55.8158980023
-55.8349929991
-55.870856
-55.9067190007
-55.9587135022
-55.9939399998
-55.9962669991
-55.9985939983
-56.0338204991
-56.0361475015
-56.0713739991
-56.0898324991
-56.1244224998
-56.1428809998
-56.1619759999
-56.1643029991
-56.1659935014
-56.2012200022
-56.2035470015
-56.2220055015
-56.2398275015
-56.2582860015
-56.2761080015
-56.2784350007
-56.2627209991
-56.296038
-56.3293550007
-56.3465405007
-56.3966255022
-56.4305789999
-56.4309965022
-56.4475454991
-56.4647310022
-56.4819164991
-56.5158699998
-56.5336919998
-56.5508774999
-56.6015990014
-56.9341940003
-57.3822555013
-57.8632165009
-58.3441775002
-58.9077054973
-59.4873649982
-60.0502565016
-60.6131479986
-61.159907998
-61.7556989996
-62.3856624998
-62.9988579991
-63.6281850023
-64.2575119992
-64.9203749977
-65.5664700018
-66.2286965002
-66.8741550011
-67.5860489987
-68.265043498
-68.8937339981
-69.5553239997
-70.2343185021
-70.9307174989
-71.5774489997
-71.9442165002
-72.1297184984
-72.2165220015
-72.2039904999
-72.1417914993
-72.0963604994
-72.0502929994
-72.0371250011
-72.0562199979
-72.0424154995
-72.0621470026
-72.0980100003
-72.1171050003
-72.1033005019
-72.1056275011
-72.1073180004
-72.1586759987
-72.1777709987
-72.2136340026
-72.1991930011
-72.2163785011
-72.2509684988
-72.2700635019
-72.3059264995
-72.3237484995
-72.3422069995
-72.3432610019
-72.3772144995
-72.3789049988
-72.4134949995
-72.4474485003
-72.482038501
-72.5159919987
-72.5002780003
-72.5187365003
-72.5365585003
-72.5208445019
-72.5225350011
-72.5235890003
-72.5581790011
-72.576000998
-72.6260859995
-72.6929389986
-72.7933279994
-73.1420545021
-73.5720750024
-74.0523995019
-74.549491999
-75.0130485009
-75.4921000003
-76.0711229981
-76.6501460022
-77.2459370008
-77.8417279993
-78.4704185025
-79.0991089995
-79.7277994996
-80.390025998
-81.0193530013
-81.6822159998
-82.3444424982
-82.9744060015
-83.6037329984
-84.2162920009
-84.5824230013
-84.7679249995
-84.8392335019
-84.8279749972
-84.7670489996
-84.7228909997
-84.6955010005
-84.683605999
-84.6865695013
-84.7063009982
-84.743436999
-84.7799364997
-84.7990314997
-84.8181264998
-84.819816999
-84.8556799997
-84.8754114998
-84.9106380006
-84.9284600005
-84.9307869998
-84.9492455029
-84.9515724989
-85.2402285018
-85.6038134991
-86.0009344979
-86.4651274997
-86.9454519992
-87.4425444994
-87.923505502
-88.4534974975
-88.9673580017
-89.4644505019
-89.9776744997
-90.5573339976
-91.1537614992
-91.7011579987
-92.2653224988
-92.8462549998
-93.4278240007
-93.9764935001
-94.5586990011
-95.4155574985
-96.0325719978
-96.6315454995
-97.2150240005
-97.7965929983
-98.3452625008
-98.909427001
-99.4909960019
-100.022897501
-100.587698501
-101.153135998
-101.718573501
-102.3181835
-102.9010255
-103.467099501
-104.100245498
-104.733391498
-105.366537501
-105.933884501
-106.152922498
-106.240362501
-106.295539499
-106.2681495
-106.174323998
-106.113398
-106.101502999
-106.1547705
-106.191269998
-106.211637998
-106.2146015
-106.2336965
-106.269559501
-106.222855498
-106.258081999
-106.243641
-106.278231001
-106.313457502
-106.364815497
-106.449073
-106.483663001
-106.567920498
-106.602510499
-106.637736999
-106.656195499
-106.675290499
-106.709244
-106.759965502
-106.779060498
-106.846550001
-106.896634999
-106.947356501
-106.981309998
-106.982364001
-106.983418
-106.984471999
-107.001657499
-107.018842999
-107.036028502
-107.020314498
-107.0213685
-107.055322001
-107.089275498
-107.090966001
-107.125555998
-107.125973501
-107.127664
-107.145486
-107.196207498
-107.213392998
-107.214447001
-107.232269001
-107.266859001
-107.285954002
-107.303139498
-107.320324998
-107.3052475
-107.306301499
-107.373154498
-107.423876
-107.474597498
-107.5246825
-107.575403998
-107.55969
-107.544612498
-107.579202499
-107.547357
-107.532279498
-107.550737998
-107.568559998
-107.586381998
-107.619698999
-107.669784001
-107.719868999
-107.757005
-107.790958497
-107.775244499
-107.775662001
-107.776716001
-107.827437499
-107.878795501
-107.863081499
-107.880267002
-107.880684498
-107.881738501
-107.931823499
-107.965777
-108.033266502
-108.083351501
-108.133436499
-108.184158
-108.20198
-108.252064999
-108.318917998
-108.336739998
-108.370693502
-108.421415
-108.471500002
-108.505453499
-108.539407
-108.589491999
-108.623445499
-108.674166998
-108.724252002
-108.7582055
-108.742491499
-108.743545501
-108.727195003
-108.711480998
-108.712535
-108.762620002
-108.779805499
-108.780859501
-108.798681501
-108.832634999
-108.867861499
-108.869552002
-108.887373999
-108.872296497
-108.857219002
-108.875040999
-108.908357999
-108.926816499
-108.944638503
-108.978592
-108.979645999
-108.980700002
-109.031421497
-109.082142999
-109.116732999
-109.150686497
-109.200771502
-109.201188998
-109.219010998
-109.253600999
-109.270786502
-109.287971999
-109.2728945
-109.29008
-109.291133999
-109.309592499
-109.343546
-109.394267498
-109.412089502
-109.4634475
-109.513532498
-109.547486002
-109.582076
-109.616029501
-109.683519
-109.685209502
-109.703031502
-109.704722001
-109.705775998
-109.7061935
-109.755641998
-109.788958999
-109.773244998
-109.790430501
-109.8560105
-109.889327501
-109.906513001
-109.9727295
-110.022178001
-110.021959001
-110.055276001
-110.138260501
-110.20575
-110.255198499
-110.2885155
-110.288932999
-110.3216135
-110.371061998
-110.404379002
-110.421564499
-110.421982001
-110.406268
-110.406048999
-110.4387295
-110.439783499
-110.456969002
-110.458023001
-110.475208498
-110.4762625
-110.576015001
-111.007308501
-111.488905998
-112.004039499
-112.519173
-113.068478999
-113.566844499
-114.06521
-114.597111498
-115.096113499
-115.560943
-116.025772502
-116.489965501
-116.938027002
-117.4531605
-117.984425502
-118.531822001
-119.095350001
-119.675646002
-120.272073501
-120.835601501
-121.135297001
-121.253727003
-121.295955
-121.266655498
-121.204456501
-121.175157001
-121.194888498
-121.246883
-121.249210002
-121.252173498
-121.271268501
-121.305858499
-121.3404485
-121.342138999
-121.376729
-121.394551
-121.428504501
-121.479225999
-121.5144525
-121.5322745
-121.550733
-122.063738
-122.444091001
-122.857343501
-123.287364001
-123.816083003
-124.328034001
-124.856752999
-125.468038999
-126.112860999
-126.740915
-127.3696055
-127.980891499
-128.5586415
-129.1866955
-129.881185
-130.558269999
-131.219223501
-131.880813499
-132.5256355
-133.170457501
-133.865583501
-134.560072998
-135.271966999
-135.9832245
-136.677714003
-137.371567
-138.032520501
-138.7108785
-139.422135998
-140.0998575
-140.811751501
-141.491382497
-142.154881999
-142.768714001
-143.383182501
-143.997651
-144.6288875
-145.243992499
-145.8255615
-146.440666503
-147.022872001
-147.637977
-148.304022498
-148.868823502
-149.433624499
-150.6457935
-151.260898502
-151.841831
-152.389227499
-152.9707965
-153.585265003
-154.2165015
-154.830969999
-155.428034001
-155.9754305
-156.6060305
-157.2856615
-157.9330295
-158.580397501
-159.211633998
-159.842870498
-160.457975501
-161.038908002
-161.686275999
-162.333644
-162.981012001
-163.661915997
-164.309920501
-164.940520498
-165.324055999
-165.526962498
-165.598907498
-165.588285499
-165.528632502
-165.483837999
-165.422912001
-165.442643498
-165.463011498
-165.483379501
-165.470847999
-165.473811502
-165.492906499
-165.495870001
-165.498197
-165.499250999
-165.517709499
-165.534895
-165.569485
-165.5711755
-165.587724503
-165.6055465
-165.6233685
-165.641827
-165.6590125
-165.659430002
-165.677251999
-165.6609015
-165.6787235
-165.680414
-165.7646715
-165.798625
-165.832578501
-165.883299999
-165.868222498
-165.8705495
-165.889008
-165.955224499
-165.972409999
-166.023131501
-166.057721502
-166.10717
-166.141123498
-166.175076999
-166.209030502
-166.275883498
-166.294341998
-166.294759501
-166.327440002
-166.327857498
-166.377305999
-166.4112595
-166.444576498
-166.444994
-166.461543
-166.494860001
-166.544944999
-166.562130502
-166.596084
-166.646169001
-166.680758999
-166.682449498
-166.684140001
-166.718729998
-166.704289
-166.689211502
-166.690902001
-166.725492002
-166.992288
-167.406177
-167.854238501
-168.3855035
-168.867101002
-169.414497502
-169.978662002
-170.5595945
-171.139254001
-171.718276998
-172.297936499
-172.911131999
-173.556590503
-174.2026855
-174.815881
-175.378136
-175.957159001
-176.569718
-177.199045
-177.811603999
-178.440931
-179.020590501
-179.615744999
-180.413388501
-181.058210501
-181.686264502
-182.331086499
-182.975272
-183.569789999
-184.2307435
-184.891060499
-185.584913502
-186.312939
-187.024832998
-187.736726999
-188.4479845
-189.1598785
-189.822104999
-190.517230999
-191.212993499
-191.909392499
-192.589023501
-193.235755002
-193.898618001
-194.544712998
-195.174040002
-195.803366998
-196.432057499
-196.797552002
-197.032721499
-197.103393502
-197.092134997
-197.080876499
-197.036718502
-197.008692
-196.963261
-196.966860999
-196.969824501
-197.005687499
-197.025418999
-197.043877499
-197.0952355
-197.145956999
-197.130879497
-197.165469498
-197.183291498
-197.1843455
-197.2021675
-197.269657
-197.287479
-197.305301
-197.3392545
-197.389975999
-197.423293003
-197.474014501
-197.508604499
-197.493527
-197.479085999
-197.496271499
-197.497962001
-197.515147501
-197.549100999
-197.5830545
-197.6176445
-197.651597998
-197.685551502
-197.753040998
-197.787630999
-197.822220999
-197.856811
-197.859137999
-197.860828499
-197.91155
-197.912603999
-197.929789499
-197.963743
-198.013827999
-198.080681001
-198.130765999
-198.180850998
-198.198036501
-198.231989998
-198.233043998
-198.250229501
-198.250647
-198.283964001
-198.317280998
-198.334466502
-198.367783499
-198.384969002
-198.385386498
-198.401935502
-198.402353001
-198.436306502
-198.470259999
-198.487445499
-198.521399
-198.505684998
-198.489971
-198.474893498
-198.492715498
-198.526669002
-198.527723002
-198.561676499
-198.562730502
-198.563148001
-198.597101498
-198.647823
-198.682413001
-198.716366498
-198.767088
-198.7842735
-198.801459
-198.819281
-198.820335002
-198.853652
-198.8708375
-198.922195498
-198.956148999
-199.004961001
-199.038277998
-199.071594999
-199.107458
-199.142048001
-199.175365001
-199.192550501
-199.209735998
-199.194022
-199.211207503
-199.244524501
-199.2455785
-199.262764
-199.263181499
-199.281003502
-199.314957
-199.3321425
-199.398995499
-199.4323125
-199.498529002
-199.516351002
-199.5503045
-199.5681265
-199.586585
-199.6037705
-199.6215925
-199.6561825
-199.6740045
-199.724726002
-199.7586795
-199.7932695
-199.860758999
-199.912117001
-199.929938998
-199.9148615
-199.899784001
-199.917605998
-199.935427998
-199.9371185
-199.987203502
-200.004388999
-200.038978999
-200.0729325
-200.106885998
-200.124708001
-200.158661502
-200.192614999
-200.193668999
-200.194723001
-200.180063002
-200.181753501
-200.215706999
-200.233309998
-200.217596
-200.250913
-200.284230001
-200.350864003
-200.401585498
-200.451670503
-200.468219499
-200.517668001
-200.534216998
-200.5346345
-200.517647499
-200.534833002
-200.568149999
-200.601467
-200.650915502
-200.683595999
-200.7162765
-200.748957001
-200.782273999
-200.832359
-200.865039501
-200.8686395
-200.869693499
-200.854615998
-200.888569498
-200.905755002
-200.906808998
-200.924630998
-200.942453001
-200.960275001
-200.995282498
-201.029235998
-201.047058002
-201.081011499
-201.131733001
-201.150191501
-201.201549499
-201.1703405
-201.1881625
-201.245885498
-201.720899
-202.134788
-202.648012001
-203.161235999
-203.657691999
-204.186410998
-204.731898
-205.227717497
-205.790609001
-206.370268501
-206.933796502
-207.546991998
-208.127287999
-208.7082205
-209.305284498
-209.868812498
-210.3988045
-210.995868499
-211.592296
-212.155187497
-212.752251499
-213.315142999
-213.878034503
-214.899390498
-215.4951815
-216.108376999
-216.720936002
-217.300595503
-217.896386501
-218.459278001
-219.055069
-219.700527498
-220.296954999
-220.909513999
-221.5059415
-222.135268497
-222.748464
-223.3784275
-224.0090275
-224.622859503
-225.220560001
-225.802128999
-226.349525498
-226.913689998
-227.494622502
-228.075555
-228.655851001
-229.1864795
-229.519710999
-229.689718002
-229.744258501
-229.701373501
-229.657852001
-229.5975625
-229.552768
-229.556368
-229.592231
-229.5951945
-229.647188998
-229.682415499
-229.7337735
-229.801262999
-229.868752499
-229.886574499
-229.920527999
-229.9544815
-229.987798501
-230.037883499
-230.039573999
-230.0244965
-230.025550499
-230.058231
-230.092821001
-230.111279501
-230.129101501
-230.130792
-230.132482499
-230.117405001
-230.167490003
-230.218847998
-230.269569499
-230.269987002
-230.287172499
-230.288226501
-230.273148999
-230.306466
-230.340419501
-230.357605001
-230.374790501
-230.391976001
-230.3923935
-230.409579
-230.442895998
-230.492981002
-230.510166499
-230.527351999
-230.544537499
-230.545591499
-230.546645501
-230.563194498
-230.581016501
-230.5820705
-230.5998925
-230.617077997
-230.617495499
-230.601781501
-230.618966998
-230.6193845
-230.6191655
-230.619582999
-230.653536503
-230.670085499
-230.687271
-230.720588
-230.737773497
-230.771090501
-230.772781
-230.790603
-230.807152
-230.8243375
-230.858290998
-230.892244502
-230.892661998
-230.925979002
-230.958023003
-230.974352999
-230.990902002
-231.0403505
-231.074303998
-231.123752499
-231.156433
-231.205881502
-231.238562002
-231.255110999
-231.320691002
-231.354007999
-231.386052
-231.435500498
-231.469453999
-231.469871498
-231.470289001
-231.486837998
-231.520155001
-231.588062
-231.622015498
-231.622433
-231.606719001
-231.5903685
-231.640453501
-231.657638998
-231.690956002
-231.707504999
-231.740822
-231.741239499
-231.758425002
-231.824641501
-231.858594999
-231.909316501
-231.927138501
-231.912061002
-231.913115001
-231.914168998
-231.948122501
-231.982076002
-231.999897999
-232.018356502
-232.036178499
-232.086900001
-232.104085501
-232.138038998
-232.139729501
-232.14142
-232.159242
-232.160295999
-232.161350001
-232.1640945
-232.164511999
-232.181697499
-232.232418998
-232.249604501
-232.233890499
-232.267844
-232.301161001
-232.318346498
-232.352300001
-232.369485501
-232.386034501
-232.403219998
-232.404273997
-232.421459501
-232.440554501
-232.473871501
-232.506552002
-232.539869
-232.540286502
-232.541340498
-232.575293999
-232.6079745
-232.641291497
-232.707508003
-232.724057
-232.756737501
-232.773286497
-232.806603501
-232.822516001
-232.921413001
-232.954729999
-232.971279002
-232.971696498
-233.005013502
-233.004794501
-233.021343498
-233.0714285
-233.104109
-233.1210755
-233.136988
-233.187073001
-233.221006
-233.238191503
-233.2547405
-233.288694
-233.338142502
-233.371459499
-233.421544498
-233.439366501
-233.4404205
-233.4569695
-233.490923001
-233.508108501
-233.541842998
-233.559664998
-233.576850501
-233.611221501
-233.644538499
-233.645592498
-233.662778001
-233.663832
-233.680381
-233.664667002
-233.665084498
-233.698401502
-233.682051
-233.715368001
-233.765452999
-233.782837001
-233.816154002
-233.815934998
-233.816989
-233.834811
-233.834592
-233.8517775
-233.8850945
-233.919048001
-233.936233498
-233.9372875
-233.954473
-234.003921502
-234.003702498
-234.037019502
-234.070973
-234.120839
-234.154155998
-234.170705001
-234.186617501
-234.203166501
-234.203584
-234.236264501
-234.2360455
-234.285493999
-234.302042999
-234.318592002
-234.385225997
-234.434674502
-234.467991499
-234.501945
-234.502362499
-234.518911499
-234.519328999
-234.503615
-234.537568498
-234.572158499
-234.606111999
-234.624351499
-234.626041998
-234.627732497
-234.662322498
-234.696276002
-234.730865999
-234.765456
-234.766509999
-234.8011
-234.835690001
-234.886192502
-234.920782499
-234.9553725
-234.974885002
-234.993343502
-234.993760999
-234.994815001
-235.046172999
-235.069723499
-235.070140999
-235.070558501
-235.055480999
-235.055898502
-235.056315998
-235.089633002
-235.139718
-235.140135502
-235.157320999
-235.191691999
-235.226063002
-235.209712501
-235.226898001
-235.2273155
-235.261269001
-235.295222499
-235.295640001
-235.328956999
-235.362273999
-235.380513499
-235.415103499
-235.465825001
-235.515909999
-235.566631501
-235.584453498
-235.617770502
-235.618187998
-235.652141502
-235.7022265
-235.7187755
-235.752729001
-235.786046001
-235.787099998
-235.821053502
-235.822107501
-235.855424498
-235.906146
-235.956867498
-236.0069525
-236.0247745
-236.0425965
-236.059782
-236.060836002
-236.0947895
-236.128106501
-236.145292001
-236.163114001
-236.180936001
-236.214889501
-236.232711498
-236.283433
-236.301255
-236.319077
-236.3375355
-236.371489001
-236.405442501
-236.473986
-236.525344001
-236.5760655
-236.594524
-236.595578002
-236.597268501
-236.5983225
-236.616781
-236.651370998
-236.652425
-236.6541155
-236.655169499
-236.673409001
-236.690594498
-236.708416501
-236.743006502
-236.744697001
-236.761882498
-236.779704498
-236.813657999
-236.831480002
-236.832534001
-236.833587997
-236.818510499
-236.818927998
-236.8696495
-236.903603001
-236.921425001
-236.971509999
-236.971927501
-237.005244499
-237.0398345
-237.091192501
-237.109014501
-237.159736
-237.1769215
-237.209602
-237.259050499
-237.276236002
-237.309553
-237.309334002
-237.374913998
-237.392099501
-237.424779999
-237.425197501
-237.425615
-237.4428005
-237.443218
-237.476535
-237.526619999
-237.559936999
-237.577122499
-237.609803
-237.659887999
-237.677073499
-237.711027003
-237.710807999
-237.711225501
-237.711643
-237.744960001
-237.778277002
-237.812230499
-237.862952001
-237.896905502
-237.930222499
-237.948044499
-237.932330501
-237.949515998
-237.983469502
-238.000654999
-238.066234998
-238.116956499
-238.167677998
-238.152600502
-238.1859175
-238.186971502
-238.220925
-238.2559325
-238.240218502
-238.2245045
-238.24169
-238.242107502
-238.242524999
-238.275841999
-238.309159
-238.342476001
-238.359661501
-238.360079
-238.393396001
-238.377682002
-238.427130501
-238.427548
-238.4447335
-238.429019502
-238.467428499
-238.484614002
-238.517711999
-238.534897499
-238.535314999
-238.568631999
-238.601949
-238.652033998
-238.669219498
-238.7193045
-238.770026002
-238.771716501
-238.806306502
-238.840259999
-238.857445499
-238.891399
-238.958251999
-239.008337001
-239.025522501
-239.042707997
-239.077297998
-239.045452499
-239.063274499
-239.0965915
-239.097645499
-239.115467499
-239.1487845
-239.199505998
-239.2502275
-239.284180997
-239.317498001
-239.367583
-239.4015365
-239.386459002
-239.421049003
-239.4550025
-239.4573295
-239.491283
-239.509105
-239.544967998
-239.564062998
-239.615421
-239.616474999
-239.634296999
-239.702423001
-239.737013002
-239.771603
-239.789425
-239.807247
-239.8257055
-239.844164
-239.8781175
-239.897848997
-239.882134999
-239.883189001
-239.867475
-239.867892502
-239.868309998
-239.918395
-239.968261
-240.002214501
-240.019399998
-240.020454
-240.0376395
-240.054825
-240.0552425
-240.047166501
-240.064988501
-240.082173998
-240.1494445
-240.150498499
-240.1347845
-240.168101501
-240.218823
-240.269544498
-240.320266
-240.369714501
-240.386900001
-240.387954
-240.389008
-240.439729501
-240.456914998
-240.523768
-240.557721498
-240.591675002
-240.64176
-240.691845002
-240.726434999
-240.744256999
-240.762715499
-240.763769499
-240.7480555
-240.749109499
-240.750163502
-240.800885
-240.834202001
-240.867519002
-240.884067999
-240.917385002
-240.967470001
-241.000786998
-241.068276501
-241.085461998
-241.119415498
-241.121106001
-241.1215235
-241.1393455
-241.141036002
-241.158857999
-241.159911998
-241.224
-241.274721502
-241.325443
-241.360033001
-241.363633
-241.364687002
-241.382509002
-241.4508335
-241.453359001
-241.4537765
-241.472235
-241.522320002
-241.539505498
-241.5895905
-241.640311998
-241.624598
-241.658551498
-241.643474002
-241.652165998
-241.653220001
-241.638778999
-241.6727325
-241.723235001
-241.790088
-241.791141999
-241.792196002
-241.826149502
-241.860103
-241.880471
-241.931829001
-241.981914
-242.015231001
-242.033052997
-242.067006501
-242.067424001
-242.101377498
-242.185416001
-242.218732998
-242.268818
-242.303408
-242.304462
-242.339052
-242.323337999
-242.340523502
-242.3751135
-242.382532502
-242.417122503
-242.4349445
-242.435361999
-242.435779501
-242.469732999
-242.537222501
-242.6040755
-242.637392498
-242.688114
-242.738835501
-242.756657498
-242.790610999
-242.808433002
-242.797811
-242.782096999
-242.8160505
-242.850004
-242.884594001
-242.9520835
-242.986037001
-243.003859001
-243.0055495
-243.040139498
-243.057325001
-243.058379
-243.092332498
-243.084893
-243.069815501
-243.0708695
-243.089327997
-243.123917998
-243.141103501
-243.182694999
-243.23278
-243.233834003
-243.2677875
-243.269259002
-243.286444499
-243.271367
-243.289189
-243.274747999
-243.297661999
-243.347746997
-243.3649325
-243.382118
-243.416708001
-243.466792999
-243.533645999
-243.5843675
-243.585421503
-243.553576
-243.5707615
-243.605351501
-243.622537001
-243.655853999
-243.705939
-243.707629499
-243.760897001
-243.794213999
-243.844299
-243.910515499
-243.961236998
-243.9629275
-243.931718501
-243.899873002
-243.900927001
-243.935517002
-243.988148
-244.022738001
-244.0231555
-244.008077999
-244.025899999
-244.043721999
-244.110574998
-244.161932999
-244.229422502
-244.280144
-244.314734001
-244.349323998
-244.366509501
-244.400462999
-244.401516998
-244.434833999
-244.419120001
-244.4195375
-244.403823502
-244.421008998
-244.455598999
-244.506320501
-244.540910498
-244.298082499
-243.938515
-243.595715499
-243.220016502
-242.7952865
-242.322798499
-241.914199998
-241.5056015
-241.047972
-240.558716002
-240.086227997
-239.597608499
-239.141888498
-238.686168501
-238.213680497
-237.7579605
-237.285472499
-236.796853001
-236.307597002
-235.8189775
-234.935981501
-234.446088999
-233.940065
-233.418546
-232.929926498
-232.4574385
-231.968819002
-231.448573001
-230.96059
-230.472607001
-229.968492502
-229.448882998
-228.928636998
-228.376128
-227.856518499
-227.336908999
-226.8340675
-226.347994001
-225.8786885
-225.408109999
-224.937531501
-224.370164002
-223.882181
-223.345167002
-222.872678998
-222.3995545
-221.894803501
-221.373921001
-220.836907
-220.316661
-219.8125465
-219.324563502
-218.835944
-218.378951
-217.889058498
-217.399166002
-216.877010502
-216.403886001
-215.962388002
-215.487990501
-214.998097999
-214.4914375
-214.017676499
-213.610351001
-213.466857999
-213.471731002
-213.575938999
-213.6795105
-213.815981499
-213.8686125
-213.905748498
-213.909984997
-213.930989497
-213.935226
-213.987857001
-214.023719999
-214.042814999
-214.045778501
-214.065510001
-214.0517055
-214.103063501
-214.138926499
-214.207052498
-214.225510998
-214.243969498
-214.228892
-214.2473505
-214.2651725
-214.3023085
-214.303999
-214.272153501
-214.2732075
-214.273625002
-214.290173999
-214.307995999
-214.324544999
-214.362098502
-214.412183501
-214.428732501
-214.445918001
-214.463103497
-214.480289001
-214.498111001
-214.482397002
-214.484087501
-214.46901
-214.502327001
-214.5685435
-214.602497001
-214.619682497
-214.604605002
-214.671458001
-214.704138499
-214.754223501
-214.82044
-214.853757
-214.886437501
-214.919754499
-214.953071503
-214.952852499
-214.985533
-215.034981501
-215.084429999
-215.133878498
-215.182690499
-215.265038499
-215.297719
-215.331035998
-215.364353002
-215.364770498
-215.348419999
-215.348837502
-215.366659499
-215.417381
-215.435203
-215.436257002
-215.420542998
-215.404828999
-215.4387825
-215.488867499
-215.539589
-215.572906001
-215.623627499
-215.641449502
-215.626372001
-215.659688998
-215.694278999
-215.695969502
-215.713791502
-215.747744999
-215.749435499
-215.767257498
-215.816706
-215.850659501
-215.868481501
-215.8695355
-215.886721
-215.887774999
-215.888192502
-215.8724785
-215.906432001
-215.890717999
-215.891772002
-215.909594002
-215.927415999
-215.927833501
-215.977918499
-215.995740499
-216.012925999
-216.030111499
-216.047933499
-216.048987499
-216.050041501
-216.050459
-216.0676445
-216.069334999
-216.070389002
-216.103705999
-216.137023
-216.1542085
-216.187525501
-216.205347498
-216.256068999
-216.2887495
-216.354329499
-216.3876465
-216.387427502
-216.420108
-216.436657
-216.4538425
-216.469755
-216.519203502
-216.568652
-216.601332501
-216.634012998
-216.699593001
-216.7658095
-216.831389499
-216.881474501
-216.8980235
-216.881672999
-216.865322501
-216.898003001
-216.931319999
-216.948505499
-216.9818225
-216.998371503
-216.998788999
-216.982438501
-216.999624001
-217.032941001
-217.049490001
-217.082806999
-217.099992499
-217.1333095
-217.182757998
-217.199943501
-217.233260499
-217.234314498
-217.2353685
-217.284816999
-217.301365999
-217.3353195
-217.352505003
-217.3851855
-217.385603
-217.386020499
-217.403205999
-217.436523
-217.453072
-217.453489502
-217.453906998
-217.438193
-217.437973999
-217.405492
-217.455577001
-217.488893999
-217.472543501
-217.506496998
-217.539814002
-217.556362999
-217.6058115
-217.639765001
-217.639546
-217.623195502
-217.640380999
-217.640798501
-217.641216001
-217.624865499
-217.641195501
-217.674293498
-217.723742
-217.757695501
-217.791012498
-217.840461
-217.922809
-217.972894001
-217.9733115
-217.973092503
-218.022541001
-218.039090001
-218.080044999
-218.13013
-218.1305475
-218.164501
-218.230717499
-218.297570499
-218.348292
-218.415144999
-218.432330502
-218.433384502
-218.437621001
-218.486432999
-218.51975
-218.5369355
-218.570252501
-218.602933002
-218.440543502
-218.112602501
-217.753035
-217.409599002
-217.033899999
-216.642069499
-216.234107501
-215.810013999
-215.402052001
-214.977322002
-214.552592
-214.0949625
-213.6379695
-213.1977445
-212.7407515
-212.299890001
-211.810634002
-211.355550502
-210.934003
-210.201918998
-209.795229997
-209.33951
-208.867021999
-208.411302002
-207.954945499
-207.499225502
-207.010606
-206.538117999
-206.081761502
-205.593142
-205.103886001
-204.646893001
-204.189900001
-203.7167755
-203.2107515
-202.688596
-202.150308999
-201.677821002
-201.172433499
-200.6031565
-200.066142502
-199.5781595
-199.074044998
-198.586062002
-198.098079
-197.5771965
-197.040818999
-196.568967498
-196.097116
-195.624627999
-195.119877
-194.631893998
-194.1600425
-193.688190999
-193.199571501
-192.72772
-192.222969
-191.767249
-191.3121655
-190.839677502
-190.367826001
-189.945005499
-189.818280498
-189.790253999
-189.8938255
-190.029660002
-190.181625999
-190.251025001
-190.237857003
-190.241456999
-190.228289
-190.247383997
-190.282610501
-190.319109999
-190.338204999
-190.356663502
-190.3912535
-190.426479997
-190.494606
-190.529196
-190.547018
-190.581608001
-190.616198002
-190.651424503
-190.636983501
-190.572875
-190.168095502
-189.793033
-189.402475499
-189.011281502
-188.5878245
-188.116609499
-187.644121502
-187.1561385
-186.71655
-186.227930499
-185.771574001
-185.298449497
-184.858224501
-184.401868001
-183.978410999
-183.5543175
-183.130223998
-182.673231001
-182.216874501
-181.793417499
-181.3531925
-180.945866999
-180.52241
-179.720071502
-179.264351501
-178.825399499
-178.385810999
-177.913323001
-177.441471497
-176.968983499
-176.496495502
-175.991107999
-175.4857205
-175.012595999
-174.539471501
-174.033447498
-173.527423499
-172.988500001
-172.4508495
-171.944825501
-171.439437998
-170.901150997
-170.379632
-169.841344999
-169.319825999
-168.8144385
-168.261929498
-167.757178499
-167.220164501
-166.748313
-166.260329998
-165.820741502
-165.316626999
-164.813149
-164.358701999
-163.888123498
-163.417545001
-162.94633
-162.475751502
-162.004536501
-161.516553499
-161.012439
-160.508961
-160.0551505
-159.583935502
-159.145619999
-158.690536502
-158.235453002
-157.780369502
-157.407216499
-157.297259499
-157.351800001
-157.439240001
-157.575711
-157.744445
-157.864147999
-157.884515999
-157.904883999
-157.909120501
-157.928852001
-157.915684
-157.902515998
-157.8887115
-157.9245745
-157.927538
-157.979532501
-158.031527
-158.033853999
-158.052312499
-158.087539
-158.106634
-158.158628501
-158.209986503
-158.2290815
-158.24754
-158.249866999
-158.284457
-158.3029155
-158.354909998
-158.389499999
-158.424089999
-158.45868
-158.526806003
-158.610426999
-158.645017
-158.6634755
-158.665802499
-158.651361498
-158.669820001
-158.672147
-158.657705999
-158.659396498
-158.611419501
-158.614383
-158.599941999
-158.634532
-158.652354
-158.703712001
-158.754433503
-158.788387
-158.823613498
-158.8259405
-158.860530498
-158.878352498
-158.8806795
-158.850107001
-158.8505245
-158.86771
-158.901027001
-158.950475499
-158.967660999
-158.984846499
-159.051062999
-159.084379999
-159.133828498
-159.167781999
-159.184967502
-159.185384998
-159.186439
-159.202988
-159.219537
-159.269621999
-159.302938999
-159.353024001
-159.402472499
-159.402889998
-159.452975
-159.487565001
-159.489892
-159.507714
-159.492000002
-159.509821998
-159.534009002
-159.5847305
-159.604462
-159.606788999
-159.623974499
-159.642432999
-159.693154498
-159.7600075
-159.777193
-159.811146501
-159.845736501
-159.862921998
-159.931882999
-159.932936998
-159.933991001
-159.967944501
-160.018666
-160.085519002
-160.1181995
-160.168284501
-160.202238002
-160.219423499
-160.236609002
-160.237026498
-160.237444001
-160.221093502
-160.222147498
-160.222565001
-160.206850999
-160.224036499
-160.225508001
-160.242057001
-160.308690999
-160.374907501
-160.408224499
-160.408005501
-160.441322499
-160.441740001
-160.442793997
-160.492879002
-160.476528497
-160.493714001
-160.493495
-160.5259565
-160.525737499
-160.625271002
-160.690850998
-160.739663
-160.789111498
-160.805660501
-160.773178502
-160.789727499
-160.789508498
-160.822188999
-160.920867001
-160.954183999
-161.037805002
-161.071122
-161.104439
-161.088724999
-161.089779001
-161.090196497
-161.107382
-161.140062498
-161.190147503
-161.207333
-161.207750502
-161.1914
-161.207949
-161.241902498
-161.3074825
-161.373698999
-161.407016
-161.457101002
-161.457518498
-161.490199002
-161.490616501
-161.523933499
-161.590150001
-161.606699001
-161.6071165
-161.6236655
-161.624082999
-161.674168001
-161.690717001
-161.723397499
-161.756077999
-161.789395
-161.838843502
-161.856028999
-161.888709499
-161.887854002
-161.888271501
-161.906093501
-161.889106499
-161.888887502
-161.905436499
-161.921348999
-161.937897999
-161.970359502
-162.018952499
-162.019370002
-162.035282502
-162.017659
-162.032935
-162.080891501
-162.096804001
-162.112716501
-162.128629001
-162.160036502
-162.192080499
-162.207993002
-162.2406735
-162.272717501
-162.304761499
-162.337441999
-162.402385498
-162.434429499
-162.434210498
-162.466890999
-162.515703001
-162.498079499
-162.53076
-162.5466725
-162.578716498
-162.611397001
-162.643440999
-162.659990002
-162.725570001
-162.7750185
-162.824467001
-162.857783999
-162.842070001
-162.858619001
-162.842268499
-162.892353501
-162.925670501
-162.958987499
-162.974899999
-162.975317501
-162.992502998
-162.9761525
-162.976569999
-163.067829002
-163.1172775
-163.150594501
-163.2006795
-163.218282502
-163.2515995
-163.300411501
-163.333728499
-163.350914002
-163.40078
-163.383574
-163.416254498
-163.466339503
-163.500293
-163.549741499
-163.566290502
-163.566071501
-163.566489
-163.583038
-163.599587
-163.616136
-163.649453001
-163.650507
-163.667056
-163.700372998
-163.716922001
-163.7173395
-163.750656501
-163.751074
-163.7514915
-163.735140998
-163.736195
-163.7366125
-163.7531615
-163.769710503
-163.770127999
-163.787313502
-163.803862499
-163.821048002
-163.8550015
-163.905086501
-163.905504
-163.955589002
-163.988906
-164.005455
-164.005872502
-164.0391895
-164.0712335
-164.0865095
-164.1030585
-164.152506999
-164.184551
-164.2004635
-164.233144
-164.355372499
-164.355790002
-164.340076
-164.34113
-164.3750835
-164.408400501
-164.459121999
-164.492439
-164.5096245
-164.511314999
-164.545905
-164.580494998
-164.614448499
-164.648402002
-164.650092502
-164.700814
-164.701867999
-164.7358215
-164.770411501
-164.803728502
-164.838318502
-164.8729085
-164.906862001
-164.924047501
-164.941869501
-164.959055001
-164.983241998
-164.984296
-165.000845
-165.017394
-165.018447999
-165.035633499
-165.036051002
-165.053236502
-165.070421998
-165.087607502
-165.142148
-165.1593335
-165.193287001
-165.243153002
-165.276469999
-165.293655502
-165.294072998
-165.2777225
-165.262008502
-165.261789501
-165.278338498
-165.2793925
-165.263042002
-165.278954502
-165.294867002
-165.312052499
-165.3621375
-165.361918499
-165.394599
