0.0
0.0391180645247
-0.0122270786078
-0.0271203221811
0.00733195365473
-0.00956091364246
-0.025120698457
0.0268909859205
0.0106646598581
0.0464500181798
0.0471165594211
0.0815688352567
0.0308902333653
-0.00222896000747
0.0322233158611
0.0146639073092
0.0124349473418
0.03355639831
0.0166635310335
0.0651131729641
0.0335563982778
0.0166635310657
0.0335563983113
0.0166635310335
0.0511158068955
0.0166635310335
0.051115806862
0.0342229395854
0.0511158068632
0.051115806862
0.0179966135159
-0.0171222035544
0.0173300722753
0.0517823481038
0.0173300722418
-0.000229336244355
-0.000229336276618
0.000437204997493
0.000437204997491
0.017330072274
0.0348894807937
0.0948996601035
0.0693417566557
0.0348894807937
0.0355560220343
-0.0153519160745
0.0186631547577
-0.0164556623461
0.0537819718281
0.0199962372402
0.0524488893779
0.0348894807937
0.0179966135159
0.0700082979298
0.035556022002
0.01866315479
0.0011037462058
0.00110374623934
-0.0171222035544
0.0517823481038
0.017330072274
0.0348894807937
0.0179966135494
0.0173300722418
0.0173300723076
0.0348894807937
0.0179966135159
0.0173300722753
0.017330072274
0.0966484799941
0.0355560220678
0.034889480626
0.0246620260622
0.000437205163903
0.000437204828538
0.0348894806311
0.0355560222007
0.0348894806311
0.0700082979906
0.0348894809665
0.0348894809538
0.0342229393842
0.0173300722804
0.0186631547488
-0.0171222038448
0.0166635310335
0.0711120444014
0.0511158068233
0.0342229397195
0.0173300719451
0.0448875995815
0.0517823480703
0.0339936036365
0.0524488889819
0.0179966135146
0.01799661385
0.0524488889818
0.0199962375653
0.0342229397196
0.000437204828537
0.0342229397196
0.000437204505913
0.0179966135146
0.017330072603
0.0348894806311
0.104001901304
0.0179966135146
0.0355560222007
0.0524488889819
0.0528860948037
0.0186631544262
0.0179966135146
0.000437205163898
0.0348894806311
0.0524488896398
0.0524488889818
0.0517823480703
0.0348894809665
0.0355560218653
-0.0333485293917
-0.0164556626106
0.017330072603
0.000437204828532
0.0348894809665
0.0348894809538
0.00154095090401
0.0173300722804
0.0166635310335
0.0348894809538
0.0524488893172
0.0179966135146
0.0348894809538
0.017996613192
-0.0164556619526
0.0179966135146
0.0179966135146
0.0531154302288
0.0348894809538
0.0173300722804
0.0179966135146
-0.015789121041
0.0524488893172
0.069341756421
0.0348894809538
0.0524488893172
0.0179966135146
-0.000229336083043
0.017996613192
0.0524488896398
0.000437205163909
0.0524488889818
0.0179966135146
0.0355560222007
0.0179966135146
0.0524488893172
0.0342229393842
0.0348894809538
0.0355560222007
0.0524488893172
0.0173300722677
0.0348894809665
0.000437204828543
0.0179966135146
0.000437205163909
0.000437204828532
0.017996613192
0.00110374673347
0.0186631544262
0.0362225631123
0.053781972121
0.0524488893172
0.0531154305514
0.00177028764506
-0.015789121041
0.0179966135146
0.00110374607549
0.0186631547616
0.0531154305514
0.0355560222007
0.0362225631123
0.0531154305514
0.0362225631123
0.01799661385
0.0193296959958
0.0700082979906
0.0186631547616
0.0355560218653
0.0355560222007
0.0186631547616
0.0186631544262
0.00110374673347
0.0348894806311
0.0186631544262
0.0355560222007
0.0186631550842
0.0186631544262
0.0179966135146
0.01799661385
0.000437204828532
0.0366597682762
0.0704455028318
-0.0164556626106
0.00110374639812
0.01799661385
0.0631135488438
0.017330072603
0.00110374607549
0.00110374607547
0.0933372414425
0.0700082979906
0.017996613192
0.017330072603
0.00110374607548
0.0179966135146
0.0179966135146
0.0344308081424
0.0342229397195
0.0524488893045
0.0199962372427
0.0348894806311
0.0348894809538
0.0517823480703
0.00110374641085
-0.000229336083031
0.0355560215427
0.0186631550842
0.0186631547616
0.0186631544262
0.00110374639812
-0.0333485293918
-0.0164556622752
0.0186631544262
0.0186631550842
0.0362225631123
0.0362225631123
0.0537819717984
0.0193296959958
0.0355560222007
0.0362225631123
0.0186631550842
0.00177028764504
0.00177028698706
-0.015789121041
0.00177028764506
0.0362225631123
0.0537819717984
0.0193296959958
0.053781972121
0.0362225631123
0.0193296963311
0.0179966135146
0.0544485127099
0.00177028764506
-0.0151225801294
0.000437205163886
0.000437205163886
0.0193296959958
0.0186631544262
0.0362225634476
0.00110374639812
0.00110374607546
0.000437204828544
0.0362225634476
0.0711120440661
0.017330072603
0.000437204505884
0.0359932270293
0.0535526357153
0.0166635310335
0.000437205163886
0.0179966135146
0.0542191766269
0.0524488893172
0.0531154305514
0.0348894809538
0.0348894806311
0.0186631550842
0.017996613192
0.0348894809537
0.0173300722804
0.0186631550842
0.017996613192
0.0355560218654
0.0528860948037
0.0362225631123
0.0531154305514
0.00110374607548
0.0428879758534
0.0700082976679
0.0179966135146
0.0355560222007
0.0186631547616
-0.0153519162125
0.00110374607548
0.00177028764506
0.0179966135146
0.0355560222007
0.0186631547616
0.0537819717856
0.0186631547616
0.0531154305514
0.0531154308868
0.0186631544262
0.00177028764504
0.0186631547616
0.0362225631123
-0.0151225798068
-0.0833605901396
-0.37520512305
-0.392764531736
-0.427216807526
-0.409657398517
-0.461669082993
-0.479228492002
-0.444109674642
-0.478561950767
-0.495454817549
-0.495454817884
-0.494788276637
-0.477895409198
-0.478561950432
-0.461002542081
-0.477895409198
-0.49412173539
-0.494121735403
-0.476562326381
-0.4596694596
-0.477228868286
-0.477228867951
-0.460336000512
-0.495454818206
-0.494788276637
-0.923338166321
-0.494788276637
-0.477895409198
-0.494788276637
-0.495454817549
-0.528574011193
-0.511681144076
-0.529240552104
-0.545466878632
-0.528574011193
-0.477228868286
-0.494121735067
-0.511681143753
-0.528574011193
-0.545466878632
-0.545466878632
-0.545466878309
-0.527907469946
-0.510348061272
-0.544133795815
-0.5265743878
-0.47589578547
-0.236062936726
-0.0462421500454
0.0226624025404
0.0909004125505
0.125352688353
0.125352688353
0.0213293197239
0.00376991169576
0.0206627781543
0.0206627784769
0.0199962372427
0.0206627788123
0.0375556455934
0.0193296959957
0.0368891043592
0.0368891046818
0.00243682855663
0.0368891046818
0.0193296959958
0.0186631547616
0.00177028730969
0.0199962372427
0.0531154305514
-0.101586540073
-0.323193438238
-0.358312255933
-0.392097990166
-0.410323940409
-0.426550265956
-0.444776215889
-0.444776215876
-0.496121359118
-0.496121358795
-0.513014226557
-0.513014226235
-0.564359369799
-0.54679996079
-0.546133419543
-0.546133419879
-0.545466878632
-0.52857401087
-0.511014602507
-0.528574011193
-0.529240552762
-0.513014226235
-0.478561950432
-0.54746650236
-0.289407703683
-0.0813609667596
-0.0124564148318
0.0733410038771
0.0902338713163
0.108459821572
0.0395552696441
0.0213293197239
-0.0144560388825
0.0551150546021
0.0199962369074
0.0368891043592
0.0362225634349
0.00243682889198
0.0186631544262
0.00177028764506
-0.0157891210411
-0.0333485293917
0.00177028698706
0.00177028764506
0.0193296959958
0.00110374607546
0.01799661385
0.0355560218653
0.00110374607546
0.0531154308868
0.0875677063413
0.0882342479236
0.0706748389148
0.0700082979906
0.0348894806311
0.0355560222007
0.0186631547488
0.00110374607551
0.0355560222007
0.000437205163886
0.0531154305514
0.0517823480703
0.0524488893172
0.069341756421
0.0355560222007
0.00110374607546
-0.015789121041
-0.0151225797941
0.00043720482852
0.000437205163886
0.0355560222007
-0.000229336405643
0.0173300722676
0.0173300722804
0.0179966135146
0.017330071945
0.0517823484056
0.0348894809538
0.0524488889818
0.0348894809538
0.0348894809665
0.0179966135147
0.0186631544262
0.0179966135146
0.000437205163933
0.0179966135146
0.017330072603
0.017330071945
0.0355560222007
0.0700082976679
0.0342229397195
0.0517823480703
0.0355560218653
0.01799661385
0.0348894809537
0.017330071945
0.0173300722805
0.0179966135146
-0.0164556619525
-0.000229336405737
-0.0177887447691
0.0348894806311
0.0342229397195
0.0342229393843
0.0517823480703
0.0342229397195
0.0166635310335
-0.00089587765263
0.0173300722805
0.0333270620669
0.0164341949504
0.0166635310335
0.017330071945
0.0366597685988
0.0166635310335
-0.000895877317264
0.017330071945
0.0179966135146
0.0348894806311
0.0166635310335
0.0686752155094
0.0348894809665
0.0348894809538
0.000437204828567
0.0693417567563
0.0517823480703
0.0173300722804
0.0179966135147
0.0219958609581
0.0517823480703
0.0179966131919
0.0517823484057
0.069341756421
0.0342229397196
0.0348894809537
0.00043720482852
0.00910224097514
-0.0164556619526
0.0348894806311
0.034660144548
0.0348894809538
0.017996613192
-0.0164556619526
0.0179966135147
0.0355560218781
0.0700082979906
0.0524488893172
0.0186631547489
0.00110374607546
0.0531154308868
0.00110374607551
0.0179966135146
0.0524488893045
0.0186631547615
0.0024368285567
0.0186631547615
0.0353266861177
0.0348894806311
0.0700082979905
0.0355560222007
0.017996613192
0.0348894809537
0.0173300722805
0.0179966135146
0.0482203054554
0.000437205163886
0.0011037463981
0.00110374607551
0.017330071945
0.0348894809538
0.0193296963311
0.0517823480703
0.0517823480703
0.0355560222007
0.000207868422876
0.0173300722805
-0.0340150706387
0.000437204505884
0.0173300726031
0.0179966135146
0.0355560222007
-0.000229336405643
0.00043720482852
0.0273281908954
0.0524488896398
0.0524488889819
0.0355560222007
0.0355560222007
0.017330071945
0.017330072603
0.00110374607546
0.0517823480703
0.0173300722804
0.0362225634349
0.0173300719451
0.0517823484056
0.0517823480703
0.0348894809538
0.0684458791038
0.10356469614
0.0173300722805
0.0179966135146
0.00110374607551
0.00310337012619
0.0348894806311
0.00043720482852
0.01799661385
-0.0164556626106
0.0355560222007
0.0186631547488
0.01799661385
0.0524488889818
0.00110374607551
0.0531154308868
0.0388887280745
0.036222563435
0.0186631547615
0.0186631547616
0.0524488893045
0.00110374607551
0.0186631547615
0.036222563435
0.0375556459288
0.00110374607551
0.0531154305514
0.0524488896398
0.00110374607551
0.0179966135146
0.0179966135146
0.000437205163886
0.00110374607551
0.0179966135146
0.00110374607546
0.0179966135147
0.0179966135146
0.000437205163886
0.0355560218653
0.0531154308868
0.00110374607551
0.0342229393842
0.0355560222007
0.0524488893172
0.0348894809537
0.017996613192
0.00043720386066
0.0017702873224
0.0173300745388
0.0355560199296
-0.0340150703161
0.0017702873224
-0.000229334147239
0.0348894796632
0.0179966148051
0.0686752126057
0.0524488915756
0.0355560202649
0.0173300742035
0.068675215832
0.0348894799986
0.00177028698708
0.0166635307108
0.0173300713126
0.00110374672073
0.0355560234912
0.0693417560984
0.0355560202649
0.0524488915756
0.0348894796632
0.0693417560984
0.0348894828895
0.0179966119142
0.0355560231559
0.00110374672073
0.0186631521806
0.0348894828895
0.0179966115789
0.0186631554069
0.0179966148051
0.0186631554068
0.00177028698708
0.0355560202649
0.0355560234913
0.0537819724436
0.0362225637576
0.0355560199295
0.0355560234913
0.00110374672068
0.00110374349447
0.0359932299456
0.0355560199296
0.0362225640929
0.0524488880139
0.0355560234913
0.0355560234912
0.0186631518452
0.0362225637575
0.00110374705614
0.0186631550714
0.00110374672073
0.0193296960085
0.0179966115789
0.0246620255977
0.0348894832249
0.000437202892751
0.0179966148051
0.0528860944684
0.000437203228117
0.0348894828895
0.0348894796632
0.0179966148052
0.0348894796632
0.0173300709771
0.0166635342725
0.0193296960085
0.0179966102374
0.0517823497598
-0.0166850010157
0.000437207460479
-0.000229337038185
0.0166635310462
0.0597808445194
0.0700082970354
0.0348894816755
0.0179966134637
0.0173300723186
0.0179966134637
0.0355560195942
0.0179966168173
0.0524488876787
0.0179966134637
0.0355560195942
0.0179966168173
0.0179966134637
0.0524488876786
0.0348894816754
0.0895673300821
0.0355560228205
0.0517823464062
0.0362225640929
0.00177028665172
0.00177029000528
0.0179966134637
0.0179966102373
-0.0164556606239
0.0524488876786
0.00110374873293
0.0355560228205
0.0355560195942
0.0355560228205
0.0362225640929
0.0348894783218
0.0348894849017
0.0355560195942
0.00110374537927
0.0193296960085
0.00154094961353
0.00177029323159
0.0362225608666
0.0355560228205
0.0186631547361
0.0711120424147
0.0553229230632
-0.0151225782064
0.0186631515098
-0.0164556606239
0.00110374537931
0.0186631580897
0.00110374537927
0.0355560195942
0.0455541447509
0.0355560195942
0.0179966134637
0.0355560195942
0.00110374873288
0.0524488876787
0.0179966134637
-0.0164556606239
0.0557815939133
0.0362225640929
0.0524488909049
0.0179966102374
0.00110374873293
-0.0140188360534
0.0524488942585
0.0355560195942
0.0355560228205
0.00110374537927
0.017996613591
0.00843569899382
0.0355560229478
0.0448875968986
0.0173300755449
0.0348894783218
0.0348894816754
0.0348894815481
0.034222940403
0.0179966102374
0.0348894849017
0.017330068965
0.0166635310462
0.0517823497598
0.0517823464062
0.0353266857823
0.0179966168173
0.017330068965
0.0166635310462
0.000437207460479
0.0355560195942
0.0528860951391
0.0179966134637
0.0348894816754
0.0535526330579
0.0355560228205
0.0524488910322
0.00110374537932
0.0186631547361
0.00110374873288
0.0186631547361
0.0186631547361
0.0193296960085
0.00177028665172
0.0548857156027
0.0362225640929
0.0179966134637
0.017996613591
0.0542191775566
-0.032244783329
0.0186631547361
0.0528860919129
-0.0157891161252
0.0186631515098
0.0355560228204
0.0179966134637
0.0362225608666
0.0186631547361
0.0355560261741
0.00110374537932
-0.016455660624
0.0186631515098
0.0584477621019
0.0524488876786
0.0179966134637
0.0348894816754
-0.0171222018963
0.0704455011423
0.0517823497598
0.0348894783218
0.0348894816754
0.0173300721913
-0.016684997662
0.0342229370493
-0.000229337038185
0.0348894849017
0.017330068965
0.0517823497598
0.0517823464062
0.0173300755449
0.0348894783218
0.0517823497598
0.0166635310462
0.0348894815481
0.034222940403
0.0348894783218
0.034222940403
0.0342229370493
0.0179966168173
0.0179966102374
-0.0171222018963
-0.00022933703814
0.0537819734497
0.0531154321772
0.0355560195942
0.0362225640929
0.0362225640929
0.0531154321773
0.00110374215305
0.0355560228205
0.0355560228204
0.0186631515098
0.0193296960085
0.0186631580897
0.0362225607393
0.0193296960085
0.036222564093
0.0186631547361
0.0193296960085
0.00177029000537
0.0362225607393
-0.0104567894269
0.069341755763
0.0179966168173
0.000874408341128
0.000437204234169
0.000437204106962
0.00110374873283
0.0179966102373
0.0179966134637
0.0173300723186
0.0179966134638
0.0348894816753
0.000437207460527
0.00110374537927
0.034222940403
0.0522195506404
0.0173300721913
0.017996613591
0.0348894815481
0.0353266857823
0.0517823497598
0.017330068965
0.0535526364114
0.0348894815481
0.0517823497599
0.0517823464061
0.0166635310462
0.0173300723186
0.000437204106962
0.0173300723186
0.0333270620924
0.0346601445099
0.0348894783218
0.017330075545
0.051553009368
0.0342229404029
0.0517823497599
0.034889481548
0.0686752144906
0.0348894816754
0.0348894783218
0.0355560228205
-0.0171222051227
-0.0171222018963
-0.0171222018962
0.0173300723185
0.0355560228205
0.0348894783218
0.0700082970354
0.0179966168174
0.0700082970353
-0.0164556639775
0.018663154736
0.0517823497599
0.0179966134637
0.0355560195942
0.000437207460527
0.0355560195942
0.00177028665176
0.0355560228205
0.0179966168172
0.0886714517715
0.00177028665167
0.0186631547361
0.00110374873302
0.00110374215291
0.0186631547361
-0.0333485287082
0.0186631547361
0.0326605208199
0.0217665239327
0.00110374537936
0.00177029000523
0.0355560228205
0.0179966134637
0.0362225608666
0.00110374873293
0.0415548906639
-0.0171222018963
0.0173300723186
0.0179966134637
0.0524488910322
0.0348894783218
0.017330075545
0.0166635310462
0.0173300689649
-0.0164556606238
0.0693417557629
0.0517823464062
0.0700082970354
0.0517823497598
0.0173300721913
0.034222940403
0.017996613591
-0.000229337165531
-0.000895874956974
0.0342229370495
0.0348894816753
0.00043720410687
0.034222940403
0.0173300723186
0.0246620259331
0.0166635309188
0.0348894816754
0.0691124187248
0.0686752144906
0.0173300755449
0.0517823464062
0.0511158052611
0.0173300755449
0.0348894783219
-0.0333485287083
0.000437204106962
0.034222940403
0.0173300723186
0.034889481548
0.069341755763
0.0355560229477
0.0173300721914
0.0517823497598
0.0348894783218
0.0524488876786
0.0179966168174
0.000437204106775
0.0179966135911
-0.0164556639776
0.0186631547361
0.0173300723186
0.0348894849018
0.0531154255973
0.0355560261741
0.0186631547361
0.000437200880509
0.000437207460527
0.0355560195943
0.0173300755449
-0.0164556606239
0.000437200880696
0.00043720746034
0.000437204234261
0.0522195538666
0.034889478322
0.000437207460435
0.000437204106867
0.0179966135911
0.0179966134636
0.0173300723186
0.0342229370494
-0.000229337038137
0.0173300755449
0.0173300723186
0.0517823464063
0.0171007385066
0.0173300689649
0.017330075545
0.0173300723186
0.017330068965
0.0348894849016
0.0517823464062
0.0173300723186
0.069341755763
0.0179966134637
0.0517823497599
0.0355560195942
0.0173300755449
0.0511158051338
0.034222940403
0.0342229404029
0.0348894783218
0.017330075545
0.0166635310462
0.017330068965
0.000437207460527
0.0166635310461
-0.0171222051226
0.0179966134638
0.0517823464061
0.0517823497598
0.0348894783219
0.0686752178442
0.0173300721913
-0.000229337038232
-0.0164556606239
0.0348894783218
0.0517823497599
0.0355560228204
0.0179966102374
0.0355560228204
0.000437207460527
0.0355560195942
0.0348894849018
0.0186631515098
0.0524488909048
0.0348894783219
0.0531154321773
0.017996613591
0.0362225640929
-0.0157891227052
0.0179966168174
0.0362225607393
0.0186631548634
0.0186631547361
0.0179966134637
0.0355560195942
0.00177029000542
0.034889481548
0.0179966102373
-0.0157891161251
-0.0157891227051
-0.0164556638502
0.0179966134636
0.00110374873292
0.0348894783219
0.00043720746034
0.000437200880696
0.0355560261741
0.00110374537927
0.00110374537936
-0.0157891193516
0.000437200880696
0.0348894849016
0.0531154289511
0.0537819700961
0.0355560261741
0.000437200880509
0.000437207460527
0.00110374537927
0.0531154289511
0.0355560228204
0.0355560229478
0.0186631547361
0.034889481548
0.0179966135911
0.0179966134637
0.0531154289509
0.0348894815482
0.0693417591165
0.0348894783218
0.0524488876786
0.0355560228205
0.0348894816753
0.0348894815482
0.0173300723185
0.0355560228205
-0.000229337038137
0.0179966134637
0.0179966135909
0.0522195538667
0.568337147893
0.467209283004
0.53811345835
0.538779996269
0.572565732438
0.572565732438
0.590125145148
0.642136825239
0.625243957282
0.677255643953
0.625910498427
0.625243960508
0.642803366512
0.625243957155
0.625243960508
0.607684551152
0.590125141795
0.572565732438
0.588792059377
0.554339781809
0.58945860065
0.677255643953
0.733266574904
0.643469907784
0.625243960508
0.590125141795
0.642803366512
0.625910498427
0.607684551152
0.607684551152
0.589458597296
0.607018009879
0.659029693451
0.693481970765
0.62457741601
0.624577419236
0.642136825239
0.62457741601
0.607684551152
0.607018009879
0.625243957155
0.677255640727
0.625910501781
0.625910501654
0.608351092424
0.661029313787
0.592124768838
0.454315659073
0.161804587846
0.0577812176032
-0.0111233306993
-0.0462421494129
-0.0813609647729
-0.0286827432824
-0.0293492813285
0.00443645161397
0.00310337242283
0.0213293164721
0.037555649864
0.0368891020117
0.00310336919647
0.00177028665176
0.00110374873293
0.0193296960084
0.0186631547361
0.000437204106962
0.0239954880143
0.0011037421531
0.0179966134636
0.0348894816754
0.0355560228204
0.0173300723186
0.000437204106962
0.0173300723186
0.0179966134637
0.0524488910322
0.000437204106962
0.0524488876785
0.0517823497599
0.0342229370494
0.000437207460435
0.0179966102375
0.034222940403
0.0342229436292
0.0348894783219
0.0173300723186
0.0686752144905
0.0166635310462
0.0517823497599
0.034889481548
-0.0164556606239
0.00776915784876
0.0355560195942
0.0355560228204
0.0193296960085
0.0355560228205
0.0186631515098
0.018663154736
0.0179966168174
0.000437200880605
0.0362225640929
0.00110374873293
0.0179966134636
0.017996613591
0.0531154321774
0.0531154255973
0.00177029323159
0.069341755763
0.0179966102373
0.0179966168174
0.0537819700961
0.017996613591
0.0186631547361
0.0179966134636
0.0524488876787
0.035556026174
-0.0164556672037
0.0355560228205
0.00110374873283
0.0179966102375
0.000437207460435
0.0355560228204
0.0179966102375
-0.016455660624
0.00110374873293
0.000437200880605
0.0355560228204
-0.0164556606239
0.0179966102375
0.0186631580897
0.0524488909049
0.0348894783218
0.0179966168173
0.0186631515098
-0.0157891194788
0.000437204234169
-0.0164556639775
-0.0509079380651
0.0179966168174
0.0179966102373
0.0531154321773
0.0355560195942
0.0348894849018
0.000437200880509
0.000437207460527
0.0355560195942
0.0693417589894
0.0531154289509
0.0348894849017
0.0517823464062
-0.0171222051225
0.00043720746034
0.00110374537946
0.0348894783218
0.0173300723186
0.0355560228205
0.0517823497597
0.069341755763
0.0348894783218
0.0348894849018
0.0173300689649
0.0179966168174
0.00110374537927
0.000437204234169
0.0348894783218
0.00110374873293
0.0348894815481
0.0524488876786
0.0348894816753
0.0179966134638
0.000437207460431
0.0348894783219
0.000437204234169
0.0348894815481
0.000437204234169
0.0348894815481
0.0179966135909
0.000437204106962
0.0517823497598
0.0348894783219
0.0179966168172
0.0355560228205
0.0348894783218
0.0173300723186
0.0348894815481
0.0524488876786
0.0517823497599
0.0173300689649
0.0348894849017
0.00110374537927
0.000437204234261
-0.000229337038232
0.0179966134638
0.0179966168173
0.000437200880605
-0.0164556606239
-0.0171222018963
-0.0346816144795
0.000437207460527
0.0186631547361
0.0686752144906
0.0348894816754
0.0348894783218
0.0173300755449
0.000437200880696
0.0179966168173
0.0179966102373
0.034222940403
0.00110374537927
0.000437207460527
0.00110374537936
0.0179966135909
0.0348894815481
0.0166635310462
0.0173300723186
0.017330068965
0.0173300755449
0.0517823464062
0.0517823497599
0.0517823464061
0.0179966168173
0.0348894783219
0.0511158084875
-0.0171222051227
0.0179966134637
0.0173300723186
-0.000229333811966
0.0348894783219
0.0342229404029
0.069341755763
0.0517823464062
0.069341755763
0.0693417623429
0.0348894783219
0.000437204234074
-0.0171222018962
0.0873383692267
-0.0157891193516
0.0348894783219
0.0531154321773
0.0348894783218
-0.000229337038137
0.0355560228204
0.0348894816754
0.034889481548
0.0517823497599
0.0517823464062
0.0531154321773
0.0348894783219
0.0179966135909
0.0173300721914
0.000437204234169
0.00110374537927
0.0179966168173
0.0173300723186
0.0348894783218
0.0700083002618
0.07334100327
0.0517823496326
0.0524488876786
0.000437204234165
0.00110374537936
0.0182044838859
-0.0164556606238
-0.0509079380652
0.000437200880696
-0.0171222018964
0.00110374873283
0.0355560195943
0.0179966134638
0.0455541415245
0.0697789632235
0.0179966102374
0.0362225640929
-0.0157891227052
0.000437207460527
-0.0346816144794
0.0186631547361
0.263161796479
0.415864137479
0.449649873648
0.519887507721
0.536780375806
0.554339778583
0.571232653247
0.588792059377
0.588792056024
0.607018009879
0.640803742822
0.69281542962
0.675922558182
0.69281542962
0.675922561535
0.711041380122
0.64147028074
0.659029693451
0.675256020263
0.727267703707
0.710374835623
0.726601162562
0.72793424498
1.20870368983
0.709708294478
0.692815426266
0.640803746048
0.710374832397
0.693481974118
0.659029690097
0.675922561535
0.64147028732
0.676589099454
0.676589099454
0.711707921394
0.694148508811
0.69481505331
0.660362775868
0.712374462666
0.677922181999
0.642803366512
0.677255643953
0.642803366512
0.642136828593
0.694148508811
0.642136825239
0.676589102808
0.746160192255
0.609017636923
0.298947146532
0.159804964156
0.056448138412
-0.0131229577428
-0.0820275060454
-0.0651346411871
-0.0280161987837
-0.014456036934
0.0199962339273
0.0375556466376
0.0375556465104
0.0544485147222
0.0368891020117
0.00243682792407
0.00243682792416
0.0368891053652
0.00243683115033
0.0368891020118
0.0193296960085
0.0362225640929
0.0193296960085
0.0199962372809
0.00243682792407
0.00177028987803
0.0368891053652
0.00243682792416
0.0193296960084
0.0186631547361
0.0193296960086
0.0186631547361
0.00243682792407
-0.0164556639775
0.0348894816753
0.0348894815481
0.017996613591
0.052448890905
0.0355560195942
0.000437207460527
0.0173300689649
0.0179966168174
0.0179966102373
0.0355560228205
0.0186631547361
0.0179966135909
0.0531154321774
0.348292668368
0.469208906694
0.503661180909
0.503661180782
0.590125138568
0.607018009879
0.589458603876
0.589458597296
0.572565732438
0.623910877964
0.659696234723
0.642136825239
0.659029696677
0.659029690097
0.694148508811
0.676589106034
0.693481967538
0.675922561535
0.745493650983
0.711041376895
0.658363152178
0.69281542962
0.711041380122
0.729267324171
0.677255643953
0.384078028354
0.194257238243
0.0909004158531
-0.0131229577428
-0.0651346411872
-0.0475752318304
-0.0482417731028
-0.0137894956616
0.0199962339273
-0.0144560369341
0.0206627817797
0.0375556432841
0.0199962372809
-0.014456036934
0.00243682792416
0.00177028665167
0.0537819700961
0.0199962372809
0.037555649864
-0.0151225814327
0.0179966134637
0.0362225608666
0.0199962405072
0.0375556432842
0.0186631547361
0.0193296960084
0.00110374873293
0.0355560195943
0.00177028665167
0.0362225640929
0.0355560228204
0.0362225640928
0.0355560195943
-0.0164556606239
0.0193296960086
0.0186631547361
-0.016455660624
0.00177028665167
0.00110374537927
0.036222564093
0.0186631515097
0.052448890905
0.0700082970353
0.105127115749
0.365185539678
0.45031641492
0.502994639637
0.52055404564
0.485435233634
0.501661557092
0.606351465381
0.60635147196
0.623910874737
0.623910874737
0.658363155405
0.658363148825
0.658363152178
0.693481967538
0.659029696677
0.694148508811
0.693481967538
0.65969623795
0.659029690097
0.64147028732
0.383411487081
0.194257238243
0.0746740890412
-0.0117898785516
-0.0638015554161
-0.0462421494129
-0.028682740056
-0.0124564164705
0.00310337242283
0.0206627751997
0.0388887290552
0.0382221877827
0.0199962372809
0.0199962372809
0.00177028665167
0.0375556465104
0.0206627785533
0.0368891053652
0.0186631547361
0.00243682792416
0.0193296992348
0.0024368245705
0.302279859346
0.380745318765
0.415864137479
0.486101774779
0.502994639637
0.520554048994
0.503661184135
0.555006319855
0.538113461577
0.520554048994
0.537446913724
0.607018006653
0.624577419236
0.57323227371
0.590791683067
0.608351092424
0.609017633569
0.574565356255
0.609684174841
0.897300120252
0.646136072746
0.627243584198
0.611017257386
0.609017630343
0.574565359481
0.590791683067
0.609017633569
0.557005946899
0.591458224212
0.592124762258
0.592124768838
0.627910122117
0.610350716114
0.592791306757
0.663028937604
0.663028940831
0.663028944184
0.594124389175
0.22937605373
0.0915669571257
0.0577812176032
-0.0286827400562
-0.098253836211
-0.063801555416
-0.0124564164704
0.0557815971397
0.0382221845565
0.0213293196984
0.00310337242292
0.0199962372808
0.0375556465104
-0.0489083176015
0.0368891053652
-0.0151225782064
0.036222564093
0.0368891053652
0.0537819668698
0.0882342508907
0.036222564093
0.0882342443109
0.036222564093
0.0368891053651
0.0193296960087
0.0199962371535
0.0355560229477
0.0531154321773
0.0199962339274
0.070674841534
0.0524488876786
0.0531154321775
0.035556019594
0.00110374873293
0.00110374537946
0.00110374537917
0.017996613591
0.0179966134638
0.0179966168174
-0.0164556672039
0.00110374873302
0.0355560228204
0.0355560195943
0.00177028987784
0.0362225608667
0.000437207460431
0.00177028665176
0.0186631547361
0.0531154289509
0.0179966134638
0.00110374873293
0.0186631547361
0.0362225640929
0.0199962372807
0.0179966102375
0.0179966134638
-0.0157891193517
0.00110374537936
0.0700082970353
0.0531154321775
0.053115428951
0.0524488909049
0.0531154289509
-0.0164556606239
-0.0157891227051
0.0362225640928
-0.0333485287081
-0.0157891227053
0.0193296960087
0.0186631547359
0.0186631547361
0.0348894816754
0.052448890905
0.0524488876786
0.0388887290551
0.0355560195942
-0.0164556606238
0.000437207460431
0.00110374537936
0.0531154289509
0.0537819734499
-0.0164556639776
0.0179966168174
0.000437200880509
0.00110374873293
0.0524488876786
0.0355560228205
0.070674841534
0.0524488876786
0.0524488876786
0.0531154321773
0.0186631547361
0.0524488876786
0.0700082970355
0.0186631547359
0.0355560261743
0.053115428951
0.0524488909049
0.0355560195942
0.0355560228205
0.0524488876786
0.0355560228203
0.0531154289512
0.0524488942584
0.0355560195942
-0.0164556639775
0.00110374873293
-0.0171222018963
-0.0164556672039
0.00110374873293
0.052448890905
0.0179966102372
0.00110374873302
0.018663154736
0.0355560195944
0.0368891053652
0.00177028987803
0.0186631515098
-0.0157891227052
-0.0157891161251
0.0186631515098
0.0348894815479
0.0193296960087
0.0186631580897
0.0355560195942
0.00110374537936
0.00110374873293
0.0531154255973
0.0531154321772
0.036222564093
0.0355560195942
0.0524488942585
0.000437200880509
0.0186631547361
0.036222564093
0.0179966168173
0.0179966102374
-0.0157891193516
0.0179966134637
0.00110374537936
0.0193296960085
0.0355560229477
0.0531154288238
0.0186631580897
0.0537819700962
0.0524488876783
0.0355560261744
0.0362225608666
0.0355560228204
0.0706748381805
0.00177029000514
0.0186631547361
0.00177028665176
0.0011037421531
0.00043720746034
0.0517823464063
0.0348894816755
-0.0164556639776
0.0179966168173
0.0686752144904
0.0348894816755
0.0179966134637
0.069341755763
0.0517823497597
-0.00022933703814
0.034889481548
0.0869011651198
0.070674838308
0.0517823464061
0.034889481548
0.000437204234264
0.0342229404029
0.0517823464063
0.0348894849016
0.0179966102374
0.00043720746034
-0.0164556639772
-0.000229337038324
0.0342229404029
0.00110374537936
0.0179966168173
0.00110374537936
0.0179966102374
0.00110374873293
0.104460574477
0.451649497337
0.504327718828
0.539446540768
0.539446540768
0.575231897528
0.521887131411
0.521887131411
0.557005946898
0.522553672683
0.486768316051
0.486768316051
0.486101771552
0.469208906694
0.539446537542
0.556339408852
0.57323227371
0.590125141795
0.607684551152
0.62457741601
0.590125141795
0.313840394152
0.124019607524
0.0442210557535
-0.0306823670996
-0.065134637961
-0.0306823637458
0.0206627751997
0.0544485147222
0.00243683115024
0.00310336584281
0.0199962405074
0.0362225608666
0.0362225640928
0.00177028665176
0.036222564093
0.0186631547359
0.0355560228204
0.0531154289511
0.0368891053652
0.0186631547361
0.0193296960085
0.53721758004
0.398304731348
0.432757005563
0.45031641492
0.55367324389
0.536113831307
0.553673240664
0.640137201549
0.675256020263
0.657696610906
0.658363152179
0.640137201549
0.605018386189
0.657696610906
0.727267703707
0.709041753205
0.692148888347
0.692815426266
0.675256020263
0.675256020263
0.72793424498
0.727267700481
0.745493654337
0.744827113064
0.727267707061
0.726601159209
0.692148888347
0.710374835623
0.744827109838
0.709708297704
0.745493654336
0.711707914814
0.69481505331
0.642803369865
0.643469907784
0.643469907784
0.661029317141
0.644136448929
0.609017633696
0.644136452283
0.609684171615
0.644136448929
0.697481215046
0.591458227566
0.591458220986
1.26938040956
0.644136452283
0.60835108907
0.57323227371
0.609017633696
0.64346991101
0.661029313787
0.643469907784
0.625243960508
0.57323227371
0.660362775868
0.711707918168
0.677922185225
0.677922185225
0.661029313787
0.661029317141
0.644136452283
0.608351092424
0.677922181872
0.677922185225
0.677922185225
0.713040997359
0.678588729724
0.660362772642
0.401637437583
0.212483188872
0.0753406269598
-0.0111233306992
-0.0624684729985
-0.0469086939117
-0.063801555416
0.0206627751997
0.0213293196984
0.021329323052
-0.0131229577429
0.00310337242301
0.0199962339271
0.00310337242264
0.00243682792435
0.00110374537917
0.0193296960087
0.0179966135908
0.036222564093
0.00177028665176
0.0173300755447
0.0186631515098
0.0186631547361
0.0193296960085
0.0179966134637
0.000437207460523
0.0186631515098
-0.0171222018964
0.0186631547361
0.00177028665176
0.0882342476646
0.0355560228206
0.0355560228204
0.0531154289509
-0.015789122705
0.00243683115042
0.0193296960083
0.069341755763
0.017996613591
0.0531154321774
0.0362225640928
0.0517823464063
0.0355560195942
0.0355560228204
0.0355560261742
0.0700082936817
0.0193296960085
0.00043720746053
0.0342229404029
0.0004372008807
0.0517823497597
0.0355560228206
0.0348894783218
0.000437207460523
0.0173300723186
0.034889481548
0.0524488876787
0.0179966168173
0.0355560195942
0.052448890905
0.0362225608666
0.00177028665176
0.00177028987784
0.0362225608666
-0.0151225782063
-0.0157891193514
0.00177028665158
0.0362225640928
0.279388116712
0.433423546836
0.469208906694
0.556339405626
0.504327725408
0.57323227371
0.590791683067
0.60835108907
0.607018009879
0.60635146538
0.607018009879
0.642136825366
0.675922564762
0.676589099454
0.642136825239
0.588792059377
0.606351468607
0.641470284094
0.659029693451
0.641470283967
0.659029693451
0.607018009879
0.623244333465
0.835290321457
0.675256020263
0.657696610906
0.675256017037
0.674589478991
0.622577792192
0.692148888347
0.691482343849
0.726601165789
0.762386519194
0.745493650983
0.745493654337
0.744827113064
0.745493654336
0.693481967539
0.72793424498
0.728600786252
0.729267327525
0.711707921394
0.677255643953
0.694148508811
0.676589099454
0.659029696677
0.659029690097
0.658363152178
0.382744949035
0.246268921815
0.0740075477688
-0.0117898785516
-0.0117898719718
-0.0462421460591
-0.0293492845548
-0.0475752319579
0.00376991046896
0.00310337242264
0.0375556432843
0.020662778426
0.0193296960085
0.0537819734498
0.0531154289509
-0.015789122705
0.0362225640928
0.0186631547361
0.00110374873293
0.0186631547361
0.0706748383076
0.0186631547361
0.0186631547361
0.0355560228206
0.0531154289509
0.0348894849018
0.0531154289509
0.0362225607393
-0.0157891193514
-0.0151225814328
0.0179966134637
0.00177029000533
0.0179966134637
0.0355560195942
0.0355560228204
0.0362225640928
0.0355560195944
0.035556026174
0.0706748349543
0.0362225640928
0.0362225640928
0.036222564093
0.00243682792416
0.00177028665176
0.0531154321772
0.00110374537936
0.0179966135908
0.0355560228206
0.0524488876785
0.0700083002619
0.0524488876783
0.0524488876787
0.0179966168173
0.0355560195944
0.00110374537936
0.0179966168173
0.000437204234074
0.0348894815482
0.0348894783218
0.0179966168173
0.034889478322
0.0179966168171
0.0004372008807
0.0173300755449
0.000437204234264
0.0355560228202
0.0355560195944
0.0179966134637
0.0355560228204
-0.0164556638503
-0.0164556606238
-0.0157891227052
0.0186631547361
0.0355560261742
0.00110374537936
0.0355560195942
0.00110374873293
0.000437204106775
0.0355560195944
0.0531154321772
0.0362225640928
0.0355560195942
0.0531154321776
0.0179966135908
0.0179966134637
0.0186631547361
0.00110374873311
0.0348894783216
0.017996613591
0.0537819700962
0.0355560228204
0.0511158084875
0.0348894783216
0.0348894816755
0.0375556465105
0.0362225640928
0.0348894816753
0.0179966134639
0.0179966102372
-0.0164556606238
0.0179966168171
0.034889478322
0.00110374537936
0.0179966135908
0.000437204107149
0.0186631580897
0.0355560195942
0.0179966134635
0.0700082970356
0.034889481548
0.0693417591164
0.0186631547361
0.0355560195944
0.0186631547361
0.0193296960085
0.0179966134637
0.0186631548634
0.0362225640928
0.0186631547361
0.0531154321774
0.0355560195942
0.036222564093
0.0706748381803
0.0537819734498
0.0186631515098
-0.0157891193516
-0.0157891194787
0.0186631515098
0.0186631547361
0.00177029000514
0.052448890905
0.0179966102374
0.0362225640928
0.0355560228206
0.0355560195942
0.0186631580897
0.0355560228204
0.0355560195944
0.00110374537917
0.00110374873293
-0.0153519152446
0.00177028665176
0.0355560195942
0.018433817698
-0.016455660624
0.034889481548
0.0348894816755
0.0697789632234
0.0531154255973
0.0524488942585
0.0173300689652
0.0517823497597
0.017330068965
0.000437207460523
-0.0177887463951
0.0179966168173
0.0348894783218
0.0348894815482
0.0517823497599
0.0342229370492
0.0342229404029
0.0342229404031
0.0348894783218
0.052448890905
0.0342229404029
0.00376991034166
0.00110374550647
-0.015789122705
0.0355560228204
0.0179966168175
0.00110374215291
0.0186631547361
0.0186631580897
0.0186631547361
0.0366597649735
0.0355560228206
0.0186631580897
0.0355560195942
0.0531154321772
0.0193296960085
0.0537819700962
-0.0326819874361
0.0186631547363
0.0604473825656
0.4974329759
0.433423546836
0.537446917078
0.537446913725
0.519887507721
0.553673240664
0.571232653247
0.519220963223
0.589458603876
0.607018009879
0.590125141795
0.642136822013
0.607684551152
0.608351092424
0.625243957155
0.590125141795
0.555006326435
0.625243957155
0.624577419236
0.589458597296
0.625243960509
0.589458600523
0.589458603876
1.06956149765
0.623910877964
0.642136825366
0.64147028732
0.607018009879
0.623910874737
0.589458600522
0.623910874737
0.675922558182
0.624577419236
0.641470284094
0.624577419236
0.659029690097
0.642136828593
0.659696234596
0.660362775868
0.642803369865
0.625910498427
0.609017630343
0.57323227371
0.590791683067
0.60835109565
0.60835108907
0.607684551151
0.555672864353
0.34895920964
0.178030918011
0.0571146763307
-0.0449090668681
-0.0455756081403
-0.0631350174974
-0.0469086906855
0.00376991046896
0.0375556465105
0.00310336919656
0.0544485113682
0.0368891053654
0.0537819734496
0.0706748381807
0.0706748383076
0.0186631547361
0.0355560228204
0.0355560229477
0.0348894815482
0.0524488876787
0.00177028665158
-0.0157891193514
0.00110374537917
0.0342229404031
0.0362225640928
0.0193296960085
0.0186631547361
0.00177028665176
0.00177028665176
-0.0157891193516
0.052448890905
0.0537819668697
0.0531154321772
0.000437207460714
0.0179966102372
0.00110374873293
-0.015789122705
0.0348894816753
0.0355560228206
0.0179966134635
0.017996613591
0.0179966134639
0.000437204234074
0.0179966134637
0.0348894783218
0.0524488942585
0.0179966102374
0.0179966134635
0.017996613591
0.00110374537955
0.00110374873293
0.0173300689648
0.0186631580897
0.00110374537936
0.0186631547361
0.0179966102374
0.00043720746053
-0.016455660624
0.0179966102374
0.000437207460523
-0.000229337038324
0.000437204106959
0.0355560261742
0.017330068965
0.017996613591
0.034889481548
0.0179966102374
0.0348894849016
0.00177028665176
0.0186631547359
0.0173300723188
0.0179966134637
0.035556019594
0.0355560261744
0.000437200880509
0.0348894849018
0.0335563991305
0.0171007319267
0.0173300755451
0.0517823464061
0.0355560195942
0.0517823497599
0.0342229402756
0.0517823497599
0.0342229404029
0.017330068965
0.068675217844
0.034889478322
0.0335563991305
0.0517823464063
0.0355560228204
0.000437204234257
0.00043720746053
0.017330068965
0.0348894849016
0.0711120424148
0.035556019594
0.00043720746053
-0.0164556606238
-0.0171222051225
0.0524488909048
0.0179966102374
0.0348894849016
0.017330068965
0.0348894816755
0.000437204106775
0.0179966168173
0.069341755763
0.0355560195942
0.0531154321774
0.0186631547361
-0.0157891193514
0.00110374537917
0.0011037421531
0.035556026174
0.0355560228204
0.0186631515098
0.0193296992348
0.0186631515098
0.0531154321774
0.0179966134637
0.0355560195942
0.00177029000533
0.00177028665176
0.0186631547361
0.00110374537917
0.00110374873293
0.00287403203112
0.000437204234074
0.0179966134637
0.0531154289511
0.0179966168173
-0.0164556639776
0.0355560229477
0.0348894815482
0.0179966102372
0.0355560261744
0.0179966134635
0.0173300723186
0.0179966102374
0.00110374537936
0.0179966168173
0.0199962372809
0.034889481548
0.0342229404029
0.034889478322
0.00043720746034
0.0011037421531
0.0355560228204
0.0342229404029
0.034889478322
0.0693417623429
0.0173300689648
0.0342229404031
0.017330068965
0.0348894849018
0.016663531046
0.103564696166
0.034889478322
0.0173300755449
0.0004372008807
0.0348894849014
-0.00022933703814
0.0173300689652
0.0524488909048
0.0342229404029
0.0177672764256
0.0166635310462
0.0524488910323
0.0355345528509
0.0179966168173
0.017330068965
0.0355560228206
0.0517823497597
0.0348894783218
0.0524488876787
0.0186631580897
0.00110374537936
0.0173300723184
0.0355560228206
0.0179966134637
0.035326682556
0.0186631547359
0.0179966168173
0.0359932270549
0.0348894783218
0.00110374537936
0.0179966168173
0.00110374537917
0.0173300723188
-0.016455660624
0.000437200880509
0.0348894849018
-0.0171222051227
0.0348894815482
0.0524488876785
0.0182044838861
0.0348894816753
-0.000229340391705
0.00110374873293
0.0186631547359
-0.000229337038133
0.0179966134637
0.0348894816753
0.0355560228206
0.0179966102372
0.00110374873293
0.0179966134637
0.0517823497599
-0.000229340391705
0.0348894849016
0.0355560195942
0.0522195538666
0.034889478322
0.0173300755447
0.0166635310464
0.0173300723186
0.000437204106775
0.0342229404031
-0.00022933703814
0.0517823464059
0.0173300723188
0.0173300755449
0.0697789566437
0.0517823529859
0.0348894783218
0.0355560228206
0.000437204234074
0.0173300723188
0.000437204106775
-0.016455660624
0.0355560195942
0.036222564093
0.0355560228206
0.0191003589702
0.00177028665176
0.00177028665176
0.0362225640928
0.035556026174
0.0362225607393
0.036222564093
0.00110374550647
0.036222564093
0.0362225640928
0.052886095139
0.0362225607393
0.036222564093
0.0204334447414
0.0193296960085
0.000437200880509
0.00110374873293
0.053781970096
0.0246620259333
0.000437204234074
0.00043720746053
-0.0157891227052
0.00043720746053
0.000437200880693
0.0348894849016
0.0524488876787
0.00043720746034
0.0179966102376
0.0359932270545
0.0359932302812
-0.0171222051227
0.0179966134637
0.000437204234264
0.0355560228204
0.0355560195942
0.000437207460523
0.0348894783218
0.034889481548
0.0191003589704
0.0362225640928
0.0531154321774
0.0524488876785
0.0531154321774
0.0186631515098
0.0348894849016
0.000437200880693
0.035556026174
0.0524488876787
0.0173300721913
0.0355560229479
0.0348894815479
0.0011037421531
0.0355560261742
0.00110374537936
0.0348894783216
0.0531154321776
0.0531154289509
0.052448890905
0.0186631548632
0.0186631547361
0.0179966134637
0.00110374873293
0.0355560195942
0.0348894815482
0.0179966135908
0.0186631547361
0.0186631547361
0.0355560228206
0.0186631515098
0.0531154321772
0.0186631547361
0.0186631547361
0.0193296960087
0.0355560229477
0.0355560228204
0.0717785836872
0.0537819734496
0.0531154288236
0.0193296960087
0.00110374873274
0.00177028665176
0.00110374537936
0.0193296960085
0.0362225608664
0.00110374873311
0.00177028665158
0.00110374537936
0.0191003621966
0.0179966102374
0.0186631580897
0.0362225640928
0.00177028665176
0.0179966102374
0.0186631547361
0.0355560228206
0.0186631580897
0.00110374537917
0.0011037421531
-0.0157891193516
0.000437204106959
0.0531154321772
0.0355560229477
0.0186631547361
0.0524488876787
0.00043720746053
0.0348894783218
0.0362225640928
0.0537819734498
0.0186631547361
0.0531154289509
0.0179966134639
0.0342229404029
0.0517823464063
0.0179966168173
0.0348894783218
-0.000229333812058
0.0686752112644
0.0179966168175
0.0342229370494
0.00043720746034
0.000437204234264
0.0179966134639
0.000437204234074
0.0348894815482
0.0524488876783
0.0348894816755
0.0179966134637
0.0342229404029
0.0524488876785
0.0179966134639
0.035556026174
-0.000229340391705
0.00043720746034
0.000437204234264
0.034889481548
0.0348894816755
0.0355560195942
0.0531154321772
0.0355560228206
0.0348894783218
0.0186631547361
-0.016455660624
0.0179966102376
0.035556026174
0.0179966102374
0.0686752144904
0.0531154321774
0.0531154289511
-0.0157891161253
0.034889478322
0.00110374873293
0.0355560195942
0.0366597681996
-0.0164556606238
-0.0164556638503
0.0179966134639
0.00043720746034
0.0004372008807
0.0348894816753
0.0348894815482
0.0348894816753
0.0179966134635
0.000437204234448
0.0348894815479
-0.0164556606236
0.0517823464059
0.000437204234448
0.0179966134635
-0.0164556606238
0.0402218082464
0.0179966168175
0.0346601412834
0.0179966134637
0.000437204234074
0.0348894815482
0.0348894816755
0.0524488876785
0.0179966134637
0.0524488910321
0.0531154321776
0.00177028665158
0.0362225640928
0.0355560195944
0.0179966134635
0.0355560228204
0.0700082970356
0.0524488910323
0.0179966134635
0.0179966102374
0.0362225640928
-0.0333485287081
0.0186631547359
0.0348894815482
0.00110374550666
0.0186631547361
0.0348894815479
0.0531154289513
0.0531154321772
0.0355560195942
0.0348894849018
0.0524488876787
0.0355560228202
-0.0157891193514
0.036222564093
0.035556019594
0.00243682792417
0.0355560228206
0.0186631547361
0.0375556432839
0.0199962372811
0.0537819734496
0.00110374537936
0.0186631547361
0.0713413828065
0.0362225640928
0.0362225608666
0.0186631547361
0.0186631547361
0.0193296960087
0.0193296960085
0.0355560228204
0.0206627751995
-0.0164556606238
0.00110374873293
-0.0164556639776
0.000437207460523
0.0004372008807
0.0524488910321
0.0522195538668
0.0355560228204
0.0179966102372
0.00110374873293
0.0179966134639
0.017996613591
0.000437204106775
-0.00845716573691
0.0186631547361
0.0179966102372
0.070445504496
0.00110374537917
-0.0164556606236
0.0348894816753
0.0531154288236
0.0531154289511
0.0531154321772
0.0517823497599
0.0179966134637
0.00110374550647
0.00110374537936
0.0531154321774
0.0179966102374
0.0700083002617
0.0355560195942
0.035556026174
0.0524488876787
0.052448890905
0.0362225608664
0.0186631547363
0.0193296960085
0.00110374537917
-0.0164556606238
0.00110374537917
0.00110374873311
0.0531154289509
0.0348894815482
0.0348894816753
0.017330068965
0.0348894849016
0.0524488876787
0.0348894783216
0.0706748415343
0.0179966102372
0.0355560228204
0.00177029000533
0.000437204107149
0.0186631547361
0.00177029000514
0.0186631515098
0.00110374537917
0.0671127982613
0.0531154321774
0.0531154289509
0.0362225640928
0.00376991034166
0.00110374873293
0.0186631547363
0.0715492466487
0.00264469821925
0.000437204234074
0.0193296960085
0.052448890905
0.0179966102374
0.0524488910321
0.0531154288238
-0.0164556606238
0.035556019594
-0.0157891161251
0.00910223703981
0.00110374873311
-0.0151225814328
0.0355560228204
0.052886095139
0.0700082970356
0.00110374537917
0.00110374873293
0.0355560228204
0.0355560195944
0.0213293196984
0.0537819734496
0.0524488876785
0.0348894815482
0.0186631515098
0.035556026174
0.000437204106959
0.0355560195942
0.0880049138527
0.0348894783218
0.052448890905
0.0362225640928
0.00110374550666
0.0362225640928
-0.0164556639776
0.0179966168175
0.0362225608664
0.00776916107521
0.0362225640928
0.0186631515098
0.000437204106775
0.000437207460714
0.0355560195942
0.0706748415339
0.0700082970356
0.0348894783216
0.0531154321774
0.0531154321774
0.0186631515098
0.0355560228204
0.0186631580897
-0.011123334053
-0.0164556638501
0.0355560228206
0.0355560228202
0.036222564093
0.0706748383076
0.0355560228206
0.0186631547361
0.00177028665158
0.0362225608666
0.0179966168175
0.00110374537936
0.0355560195942
-0.0077906244647
-0.0157891194789
0.00110374550666
0.0193296926549
0.036222564093
0.0179966168171
0.0435545144813
0.052448890905
0.00110374873274
0.0355560195942
0.00154095283989
0.0179966102374
-0.0157891193514
0.0186631547361
-0.0151225814328
0.0239954846607
0.0524488876785
0.0179966168175
0.0179966134635
0.0362225640928
0.0524488876787
0.0700082970354
0.0531154321774
0.00110374873293
-0.0333485320619
0.017996613591
0.0362225640928
0.0179966134635
0.034889478322
0.0524488910321
0.00177028665176
0.0557815971397
0.0348894783218
0.052448890905
0.069341755763
0.0531154289509
0.00177029000533
-0.0326819875632
-0.0333485287083
0.00110374537936
0.0362225640928
0.0551150526408
0.0362225640932
0.000437204234074
-0.0157891227052
0.0186631547363
0.0186631547359
0.0700082970354
0.0537819734496
0.0706748415343
0.0531154289509
0.0362225640928
0.0362225607395
0.0179966168171
0.0355560195944
0.00110374537936
0.0348894816753
-0.016455660624
0.000437204106959
-0.0164556606238
0.0179966102372
0.036222564093
0.0531154321772
0.0362225608666
-0.254288886671
-0.376538204189
-0.358978798186
-0.393431069047
-0.444776217799
-0.494788277681
-0.427883349715
-0.427883346489
-0.479228492014
-0.512347683684
-0.494788280908
-0.511681142412
-0.477228868324
-0.477228864971
-0.494788280908
-0.477228864971
-0.494788277681
-0.511681142412
-0.512347683684
-0.511681145766
-0.924671247733
-0.513014228183
-0.529907093041
-0.546133419853
-0.511681145766
-0.494788274327
-0.511681142412
-0.544800337436
-0.511014604493
-0.511014601139
-0.527907469351
-0.544133799389
-0.544800337436
-0.578586070251
-0.544133796163
-0.544133796163
-0.526574386806
-0.50901497745
-0.491455571446
-0.492788653864
-0.492788650638
-0.594145855918
-0.511014604493
-0.562359743439
-0.494788280907
-0.4954548156
-0.528574010496
-0.545466878708
-0.562359746665
-0.544800337436
-0.527907469224
-0.511014601267
-0.511681145638
-0.478561950869
-0.513014228183
-0.513014221603
-0.546799961126
-0.495454818827
-0.46233562393
-0.496787901371
-0.513014228183
-0.530573634314
-0.496121360099
-0.426550263944
-0.150265519655
0.00510299611254
0.109126359903
0.108459821856
0.142912096071
0.0551150558671
0.0388887258291
0.00443645161406
0.0219958609706
0.00443645496782
0.0551150558671
0.0375556432841
0.0199962372809
0.00310337242283
0.020662778426
-0.0144560401602
0.0537819734496
0.0375556432841
0.0713413794529
0.0193296960085
0.0193296960085
-0.0157891193514
0.0193296960083
0.0186631547361
0.0388887290551
0.00177028665176
-0.0333485287081
0.00110374537917
0.00043720746053
0.017330068965
0.0186631547361
0.0173300723186
0.0393259365157
0.0524488876785
0.0173300723188
0.0179966134635
0.0179966102376
0.0179966168173
0.0186631547361
-0.016455660624
0.00177028665176
-0.015789122705
0.0348894816752
0.069341755763
0.0355560228204
0.0179966102376
-0.0157891161251
0.0700082970353
0.0342229370494
0.0524488910321
0.069341755763
0.0348894815482
0.0342229404029
0.034889478322
0.0348894849016
-0.000229340391705
0.0342229404029
0.0517823497599
0.0517823464059
0.0517823464063
0.0511158084875
0.0862346238474
0.0342229404031
0.0348894783216
0.0348894849018
0.0004372008807
-0.0171222018964
0.000437207460523
0.0186631515098
0.0531154321772
0.0186631547361
0.00110374873293
-0.0164556672038
-0.0164556606238
0.0355560228206
0.0524488876785
0.0531154321774
0.0348894816753
0.0531154288238
0.0186631580897
-0.0157891227054
0.034889478322
0.0362225640928
0.00177029000533
0.0186631547361
0.0355560195942
0.00177028665176
0.0186631547361
0.0517823497599
0.0355560228204
0.0186631547361
0.00110374537917
0.017996613591
0.00110374537955
0.00043720746034
-0.0164556638501
0.0355560228204
-0.0164556639776
0.00110374873293
0.0186631547361
0.0186631515096
0.000437207460714
0.0524488876785
0.0186631547361
0.0179966134637
0.017996613591
0.0186631547361
0.00110374537936
0.00110374873274
0.000437204234264
0.0179966134639
0.00177028665157
0.00110374873293
0.0348894783218
0.034889481548
0.017996613591
0.0348894815482
0.0186631515098
0.0531154321772
0.0342229404029
0.0686752144906
0.0348894816755
-0.000229333811875
0.0342229370492
0.0173300723188
0.0179966134635
0.0166635310462
0.0517823497599
0.0517823464063
0.0342229404029
0.0342229370494
0.0686752178442
0.069341755763
0.0686752144906
0.0524488910323
0.0173300721911
-0.0171222051227
-0.0171222018962
0.0342229404031
0.0348894783216
0.0179966134639
0.0348894816753
0.0173300755449
0.0004372008807
-0.0171222018962
0.017996613591
0.034889481548
0.0173300723186
0.0348894783218
0.0179966134637
0.0348894816755
0.0517823464059
0.0179966168175
0.0348894783218
0.00110374537917
0.00110374873311
0.0517823464059
0.0173300723188
0.0355560228204
0.0179966168175
0.0342229370494
0.000437204234074
0.000437204106966
0.0179966135908
0.0348894815482
0.0173300723186
0.00043720746053
0.000437200880509
-0.0164556606238
-0.00022933703814
-0.0340150699807
0.052448890905
0.0348894783216
-0.017122201896
0.035556019594
0.0348894849018
0.017330068965
0.0517823497597
0.0355560228206
-0.000229337038133
-0.0171222018966
0.0179966102376
0.00043720746053
0.000437204234264
-0.01712220525
0.0171007385065
0.0346601412838
0.0517823497599
0.0355560228201
0.034889478322
0.0517823497599
0.0862346238474
0.052448890905
0.000437204234264
-0.000229333812065
0.0517823464063
0.0173300723186
0.0428879732085
0.052448890905
0.000437204234264
0.0355560228206
0.0693417557629
0.0700082970354
0.0531154321772
0.0700082970354
0.0179966168173
0.00110374537936
0.00443645161425
0.0511158052608
0.0348894815482
0.017996613591
0.0348894815482
0.0342229404031
-0.170053886514
-0.343419012519
-0.376538207543
-0.359645336105
-0.393431075627
-0.410323940358
-0.427216805216
-0.444109676655
-0.427216805216
-0.444776214573
-0.444776217799
-0.479228492014
-0.478561950869
-0.461002541385
-0.478561950742
-0.461669082657
-0.512347683685
-0.476562327052
-0.441443511692
-0.766636573582
-0.425883726025
-0.477228864971
-0.494788277681
-0.477228864971
-0.477895412823
-0.477228864971
-0.511681145765
-0.494788277554
-0.477895406243
-0.511681145766
-0.512347683684
-0.478561950742
-0.478561950742
-0.495454818826
-0.529907093041
-0.546799961126
-0.56369282921
-0.494788274328
-0.529240555122
-0.596145479608
-0.562359743439
-0.511014604493
-0.527907472578
-0.511014597913
-0.511014604493
-0.545466878581
-0.56169320552
-0.494121736409
-0.494121733056
-0.494788277681
-0.528574010497
-0.511014604493
-0.494121733055
-0.494121736409
-0.511681142412
-0.494121736409
-0.528574010497
-0.477228868324
-0.476562327052
-0.494788274328
-0.494121736409
-0.442776594109
-0.132706110299
-0.0293492813283
0.108459821984
0.142245558025
0.159138419657
0.072674465224
-0.0137894956617
0.00376990711521
-0.0137894956613
0.0199962339271
0.0368891085915
0.0382221845567
0.0199962372809
0.0193296992348
0.0362225608666
0.0368891020115
0.0713413828067
0.0362225640928
0.0186631547363
0.0362225640928
0.0362225640928
0.0368891053654
-0.015122581433
-0.0671342650043
-0.423884098982
-0.392764534355
-0.408990857941
-0.409657395859
-0.443443135382
-0.493455195136
-0.494788274327
-0.511014604494
-0.46033600024
-0.511681145638
-0.477895406243
-0.49545482218
-0.461002538159
-0.477895409469
-0.443443135382
-0.444109673301
-0.444109676654
-0.478561947516
-0.477895409469
-0.443443135382
-0.461002541385
-0.426550267297
-0.443443132156
-0.840206910537
-0.477228868324
-0.459669462194
-0.46033600024
-0.494788274328
-0.494121739635
-0.494788274328
-0.494788274328
-0.529240555122
-0.529240551769
-0.495454818826
-0.4954548156
-0.529907096268
-0.529907093041
-0.564359367129
-0.563026288065
-0.529907092914
-0.529240555123
-0.56369282921
-0.546133416627
-0.56369282921
-0.546133419853
-0.529240551769
-0.578586073605
-0.528574010496
-0.562359743439
-0.494121736409
-0.511014604493
-0.460335996886
-0.527907472578
-0.527240928079
-0.47589578578
-0.492788653864
-0.492788650638
-0.493455195136
-0.492788650638
-0.493455195136
-0.511014604493
-0.527907469224
-0.527240928079
-0.475229244634
-0.493455191783
-0.459002921049
-0.476562323698
-0.476562327052
-0.476562327052
-0.390764910665
-0.115146700942
0.0571146796845
0.091566953772
0.142912096071
0.17669783224
0.125352686715
0.0213293196982
0.0213293196984
0.00443645496743
0.0206627784262
-0.013789498888
-0.0137894990153
-0.0144560369341
0.037555646638
0.00310336906907
0.054448514722
0.0544485113686
0.00243682792416
0.0193296960085
0.0368891053651
0.019996237154
0.054448514722
0.0537819734496
0.0199962339271
0.0193296960089
0.00243682792398
0.0362225640928
0.0193296960085
0.0544485113684
0.0362225640928
0.0362225640932
0.0362225640928
0.0713413828063
0.0875677030386
0.0362225640932
0.0193296960085
0.00243682792398
-0.0151225814328
0.0193296992348
0.00243682792416
-0.0151225814328
0.00177028665176
-0.0502413935664
0.00310336919656
-0.0151225814328
0.0362225640928
0.0186631547361
0.0537819734496
0.0531154321774
0.035556019594
0.0368891020121
0.00243683115042
0.0362225608666
0.0186631547361
0.00243683115042
-0.0320154461637
0.000437204107333
0.017996613591
0.0348894815477
0.0517823464065
0.017996613591
0.0179966134637
0.0693417557629
0.0348894816757
0.0517823464057
0.0355560228204
0.0179966168173
0.0004372008807
0.00110374873329
0.0173300723186
0.0173300721909
0.0524488876785
0.0348894816757
0.0524488909048
0.0517823464061
0.000437204234631
0.0524488909048
0.0362225640928
0.00243682792416
0.0186631547361
-0.0164556606242
0.0186631515098
0.0253285704318
0.0531154289513
0.0206627784256
0.00243682792416
0.0179966134637
0.0193296960085
0.0531154289513
0.0700083002615
0.017996613591
0.0355560228208
0.0362225640928
0.0179966102371
0.0722157911475
0.00110374537936
0.00110374873293
0.0355560228204
0.0531154289513
0.0700083002615
0.0342229370494
0.0524488910324
0.0355560228204
0.0179966102374
0.0179966168173
0.000437200880319
0.00043720746053
-0.0171222018962
0.0011037421531
0.00043720746053
-0.0164556639774
0.0179966135906
0.00154095283989
0.0173300723186
0.0697789598698
0.0693417591168
0.0348894783218
-0.000229333811867
0.0348894783218
0.000437207460516
0.0011037421531
0.0524488942583
-0.017122208476
0.0179966168173
-0.000229337038148
0.0339936032371
-0.000229337037766
0.104231240664
0.0686752112642
0.0511158084876
0.0517823464061
0.0173300755449
-0.0340150699809
0.0173300689654
-0.000229337038514
0.0342229404029
0.103335362354
0.0348894783218
0.0875677096186
0.0348894783218
0.0348894816753
-0.0164556639774
0.00110374873293
0.000437200880319
0.0179966168173
0.0342229370497
0.0524488942583
0.0179966102374
0.00043720746053
-0.0171222051229
0.0173300721917
0.0355560195942
0.068675217844
0.0693417557632
0.0348894815477
0.0524488910324
0.0004372008807
0.0342229436292
0.000437204233883
0.0348894783221
0.0693417589891
0.0173300723186
0.000437204107333
0.0173300723182
0.000437204234264
0.0524488909048
0.017330072319
0.034222937049
0.0342229404029
0.0348894815484
0.0517823497597
0.0179966102374
0.0342229404029
-0.000895875084265
0.000437204233883
0.0186631547361
-0.0177887463945
-0.000229333812249
0.017330068965
0.0166635310466
0.0173300723182
0.0339936065914
0.0508864680956
0.00043720746053
0.0166635310458
-0.0184552876673
0.0159969897738
0.0502199301767
0.0166635310462
0.0166635310462
0.0166635310466
0.0328898578581
0.0335563959039
0.0166635342728
0.0342229370494
0.0335563991305
0.0335563959043
0.0342229404033
0.0680086732177
0.0335563991309
-0.000229337038514
0.0342229404033
0.0511158084873
-0.0184552876673
0.0342229404029
0.0166635309189
0.0335563959043
0.0342229436292
0.0335563959043
0.0173300755452
0.0686752144905
0.0517823464061
0.0517823497597
0.0348894783218
-0.0164556606238
0.017330072319
-0.0171222052502
0.0524488910321
0.0348894815484
0.0348894783218
0.0166635310458
0.00043720746053
0.0179966102378
-0.0171222018966
0.000437204234264
0.0955662045052
0.0517823464065
0.0348894816753
0.0524488876785
0.0184338209242
0.0348894783218
0.0511158084876
0.0348894783218
0.0179966168169
0.0522195506407
-0.0180180802071
0.0342229370497
0.0524488942583
0.0355560195942
0.0517823464061
0.0173300755449
-0.000229337038133
0.000437204106951
0.0173300723186
0.0173300723186
0.0173300721913
0.0348894816753
0.00110374537936
0.0173300723186
0.0348894783218
0.0173300755449
0.000437204234264
0.034889481548
0.000437204234264
0.000437204106951
-0.0171222051225
0.00110374873293
0.000437204106584
0.0173300723186
0.0173300755452
0.000437200880319
0.0179966168173
0.017330068965
0.0179966168173
0.0355560195942
0.0524488909051
0.000437204233883
0.0524488909048
0.0348894783221
0.0173300723186
0.00043720746053
0.0348894783214
0.0335563991309
0.0159969897734
0.017330072319
0.0517823464061
0.0335563991305
0.0166635310462
0.0342229404033
0.127997384933
0.00043720746053
-0.0164556638501
0.00110374537898
0.0355560228204
0.0348894816753
0.0531154288236
0.0348894816757
0.0179966134637
0.00177028665176
0.0362225640928
0.0362225608666
0.0355560228204
0.035556026174
0.00177028665176
0.0531154289509
0.00110374537936
0.0355560228204
0.0362225640928
0.0348894816757
0.0362225640928
0.0362225607393
0.0355560229477
0.0179966134637
0.0186631547361
0.017996613591
0.0253285638519
0.00110374873293
0.0173300721913
0.017330072319
0.00110374537898
0.017996613591
0.00043720746053
0.0179966134637
0.0179966102374
0.0179966168173
0.0571146763307
0.017996613591
0.0355560228204
0.052219553867
0.0348894783218
0.0179966168173
0.000437200880319
-0.0171222018962
-0.0164556606242
-0.000229337037766
0.017330068965
0.00110374873293
-0.0171222018966
0.0166635310466
0.0166635310458
0.0179966102374
0.0524488909051
-0.000229337038133
0.0342229404026
