361 728 10 12
362 728 10 12
354 728 10 12
345 728 10 12
336 728 10 12
326 728 10 12
318 728 10 12
310 728 10 12
303 728 10 12
726 728 10 12
726 728 10 12
277 728 10 12
726 728 11 11
218 728 11 11
31 728 13 11
22 728 11 11
726 728 9 10
39 728 9 10
726 728 9 10
725 728 9 10
725 208 9 10
726 200 9 10
256 194 9 10
337 728 9 10
725 728 9 10
726 728 9 10
726 728 9 10
725 728 9 10
726 728 9 10
725 728 9 10
726 728 9 10
726 728 9 10
725 728 9 10
726 728 9 10
726 728 9 10
726 728 9 10
726 728 9 10
726 728 9 10
337 728 9 10
328 728 9 10
321 728 9 10
311 728 9 10
726 728 9 10
726 151 9 10
499 728 9 10
725 728 9 10
726 728 9 10
726 75 9 10
726 728 9 10
726 728 9 10
726 47 9 10
726 41 9 10
726 728 9 10
725 728 9 10
726 728 9 10
726 728 9 10
725 728 9 10
726 728 9 10
725 728 9 10
726 114 9 10
433 98 9 10
726 77 9 10
400 64 9 10
372 51 11 10
725 728 10 11
726 728 10 11
726 61 10 11
725 728 9 11
227 728 9 10
217 62 9 10
207 486 9 10
177 56 9 10
187 43 10 10
178 728 9 10
399 728 9 10
157 728 9 10
726 728 9 10
726 728 9 10
366 728 9 10
726 728 9 10
726 728 9 11
726 47 10 11
85 728 9 11
726 67 10 10
314 58 9 11
725 47 9 10
726 728 9 10
726 280 9 10
725 257 9 10
185 46 9 10
396 45 9 10
392 728 9 10
726 728 9 10
726 728 9 10
725 728 9 10
726 728 9 10
726 728 9 10
726 728 9 10
726 91 9 10
725 68 9 10
433 55 9 10
388 728 9 11
726 728 10 11
460 728 10 11
449 728 10 11
441 728 10 11
430 728 10 11
422 728 10 11
413 728 10 11
725 728 10 11
396 728 10 11
725 728 10 11
377 728 10 11
368 728 10 11
359 728 10 11
351 728 10 11
342 728 10 11
333 728 10 11
325 728 10 11
725 336 10 11
726 325 10 11
161 315 10 11
725 304 10 11
151 296 10 11
170 286 10 11
209 277 10 11
107 728 10 11
725 728 10 11
726 728 10 11
725 728 10 11
63 233 10 11
54 728 10 11
46 213 9 11
273 202 10 10
240 190 9 10
492 179 9 11
444 169 10 10
303 159 10 10
90 152 9 10
726 141 9 10
314 131 9 10
123 123 9 10
340 114 10 10
64 106 10 11
56 99 10 11
46 728 10 11
76 728 9 10
63 728 10 10
54 728 10 10
42 728 9 10
725 728 10 11
726 728 10 11
725 258 10 11
726 248 10 11
725 238 10 11
286 226 10 11
237 217 10 11
255 207 10 11
227 197 10 11
726 187 9 11
246 177 10 11
443 168 10 11
291 157 9 11
285 148 10 11
306 138 10 11
299 128 10 11
