0
0
0
0
0
0
0
0
0
0
0
0
0
0
0
0
0
0
0
0
0
0
0
0
0
0
0
0
0
0
0
0
0
0
0
0
0
0
0
0
0
0
0
0
0
0
0
0
0
0
0
0
0
0
0
0
0
0
0
0
0
0
0
0
0
0
0
0
0
0
0
0
0
0
0
0
0
0
0
0
0
0
0
0
0
0
0
0
0
0
0
0
0
0
0
0
0
0
0
0
0
0
0
0
0
0
0
0
0
0
0
0
0
0
0
0
0
0
0
0
0
0
0
0
0
0
0
0
0
0
0
0
0
0
0
0
0
0
0
0
0
0
0
0
0
0
0
0
0
0
0
0
0
0
0
0
0
0
0
0
0
0
0
0
0
0
0
0
0
0
0
0
0
0
0
0
0
0
0
0
0
0
0
0
0
0
0
0
0
0
0
0
0
0
0
0
0
0
0
0
0
0
0
0
0
0
0
0
0
0
0
0
0
0
0
0
0
0
0
0
0
0
0
0
0
0
0
0
0
0
0
0
0
0
0
0
0
0
0
0
0
0
0
0
0
0
0
0
0
0
0
0
0
0
0
0
0
0
0
0
0
0
0
0
0
0
0
0
0
0
0
0
0
0
0
0
0
0
0
0
0
0
0
0
0
0
0
0
0
0
0
0
0
0
0
0
0
0
0
0
0
0
0
0
0
0
0
0
0.469740193073
0.838552692988
1.06824019294
0.969802692958
0.832252692989
0.747990193009
0.771615193004
0.860602692983
0.804952692997
0.725940193015
0.704415193019
0.789727693
0.863490192983
0.803377692997
0.705727693019
0.694177693021
0.787102693
0.841177692988
0.843802692988
0.879240192979
0.831990192989
0.810202692995
0.935152692967
0.838027692989
0.569612031186
0.539582031193
0.540947031193
0.578825781184
0.555450156189
0.565346406187
0.577119531184
0.616875156175
0.528491406195
0.562957656187
0.644004531168
0.526785156196
0.557668281189
0.559715781188
0.547772031191
0.451539531212
0.429870156218
0.601348281178
0.539070156193
0.454610781212
0.451539531212
0.527297031196
0
0
0
0
0
0
0
0
0
0
0
0
0
0
0
0
0
0
0
0
0
0
0
-0.0766882780432
0.0768742219217
0.648599221792
0.821061721753
0.777224221762
0.776174221762
0.69768672178
0.768299221765
0.771186721763
0.814236721754
0.857024221744
0.78299922176
0.762261721765
0.69899922178
0.797174221757
0.709236721778
0.842061721747
0.882224221738
0.853349221745
0.967011721718
0.866211721742
0.82919922175
0.742836721769
0.572736721808
0
0
0
0
0
0
0
0
0
0
0
0
0
0
0
0
0
0
0
0
0
0
0
0
0
0
0
0
0
0
0
0
0
0
0
0
0
0
0
0
0
0
0
0
0
0
0
0
0
0
0
0
0
0
0
0
0
0
0
0
0
0
0
0
0
0
0
0
0
0
0
0
0
0
0
0
0
0
0
0
0
0
0
0
0
0
0
0
0
0
0
0
0
0
0
0
0
0
0
0
0
0
0
0
0
0
0
0
0
0
0
0
0
0
0
0
0
0
0
0
0
0
0
0
0
0
0
0
0
0
0
0
0
0
0
0
0
0
0
0
0
0
0
0
0
0
0
0
0
0
0
0
0
0
0
0
0
0
0
0
0
0
0
0
0
0
0
0
0
0
0
0
0
0
0
0
0
0
0
0
0
0
0
0
0
0
0
0
0
0
0
0
0
0
0
0
0
0
0
0
0
0
0
0
0
0
0
0
0
0
0
0
0
0
0
0
0
0
0
0
0
0
0
0
0
0
0
0
0
0
0
0
0
0
0
0
0
0
0
0
0
0
0
0
0
0
0
0
0
0
0
0
0
0
0
0
0
0
0
0
0
0
0
0
0
0
0
0
0
0
0
0
0
0
0
0
0
0
0
0
0
0
0
0
0
0
0
0
0
0
0
0
0
0
0
0
0
0
0
0
0
0
0
0
0
0
0
0
0
0
0
0
0
0
0
0
0
0
0
0
0
0
0
0
0
0
0
0
0
0
0
0
0
0
0
0
0
0
0
0
0
0
0
0
0
0
0
0
0
0
0
0
0
0
0
0
0
0
0
0
0
0
0
0
0
0
0
0
0
0
0
0
0
0
0
0
0
0
0
0
0
0
0
0
0
0
0
0
0
0
0
0
0
0
0
0
0
0
0
0
0
0
0
0
0
0
0
0
0
0
0
0
0
0
0
0
0
0
0
0
0
0
0
0
0
0
0
0
0
0
0
0
0
0
0
0
0
0
0
0
0
0
0
0
0
0
0
0
0
0
0
0
0
0
0
0
0
0
0
0
0
0
0
0
0
0
0
0
0
0
0
0
0
0
0
0
0
0
0
0
0
0
0
0
0
0
0
0
0
0
0
0
0
0
0
0
0
0
0
0
0
0
0
0
0
0
0
0
0
0
0
0
0
0
0
0
0
0
0
0
0
0
0
0
0
0
0
0
0
0
0
0
0
0
0
0
0
0
0
0
0
0
0
0
0
0
0
0
0
0
0
0
0
0
0
0
0
0
0
0
0
0
0
0
0
0
0
0
0
0
0
0
0
0
0
0
0
0
0
0
0
0
0
0
0
0
0
0
0
0
0
0
0
0
0
0
0
0
0
0
0
0
0
0
0
0
0
0
0
0
0
0
0
0
0
0
0
0
0
0
0
0
0
0
0
0
0
0
0
0
0
0
0
0
0
0
0
0
0
0
0
0
0
0
0
0
0
0
0
0
0
0
0
0
0
0
0
0
0
0
0
0
0
0
0
0
0
0
0
0
0
0
0
0
0
0
0
0
0
0
0
0
0
0
0
0
0
0
0
0
0
0
0
0
0
0
0
0
0
0
0
0
0
0
0
0
0
0
0
0
0
0
-0.137209438762
-0.426418813695
-0.656250688643
-0.721429438628
-0.811860688608
-0.806912563609
-0.835236313602
-0.788143813613
-0.75418943862
-0.708120688631
-0.650790688644
-0.714775063629
-0.642600688646
-0.62809756365
-0.623831938651
-0.611888188653
-0.644306938646
-0.610352563653
-0.638335063647
-0.57776318866
-0.571961938662
-0.500640688679
-0.530986954422
-0.521602579424
-0.608109454405
-0.655543204393
-0.595483204407
-0.621588829401
-0.678918829388
-0.604185079405
-0.618176329402
-0.588487579409
-0.517848829425
-0.460860079438
-0.503686954428
-0.517848829425
-0.462907579438
-0.468026329436
-0.506587579427
-0.491743204431
-0.420251329447
-0.499080079429
-0.548220079418
-0.53730007942
-0.540541954419
-0.549073204417
-0.559481329415
0
0
0
0
0
0
0
0
0
0
0
0
0
0
0
0
0
0
0
0
0
0
0
0
0
0
0
0
0
0
0
0
0
0
0
0
0
0
0
0
0
0
0
0
0
0
0
0
0
0
0
0
0
0
0
0
0
0
0
0
0
0
0
0
0
0
0
0
0
0
0
0
0
0
0
0
0
0
0
0
0
0
0
0
0
0
0
0
0
0
0
0
0
0
0
0
0
0
0
0
0
0
0
0
0
0
0
0
0
0
0
0
0
0
0
0
0
0
0
0
0
0
0
0
0
0
0
0
0
0
0
0
0
0
0
0
0
0
0
0
0
0
0
0
0
0
0
0
0
0
0
0
0
0
0
0
0
0
0
0
0
0
0
0
0
0
0
0
0
0
0
0
0
0
0
0
0
0
0
0
0
0
0
0
0
0
0
0
0
0
0
0
0
0
0
0
0
0
0
0
0
0
0
0
0
0
0
0
0
0
0
0
0
0
0
0
0
0
0
0
0
0
0
0
0
0
0
0
0
0
0
-0.00832972243613
-0.280135347374
-0.609441597299
-0.777165972261
-0.794057847257
-0.897797847233
-0.833984097248
-0.836884722247
-0.906670347231
-0.856677222242
-0.948302847222
-0.90940034723
-0.850875972244
-0.86657347224
-0.78177284726
-0.762833472264
-0.833301597248
-0.86486722224
-0.887730972235
-0.777848472261
-0.682639722282
-0.794740347257
-0.751060347267
-0.729594454376
-0.695469454384
-0.562893829414
-0.675165079389
-0.58234507941
-0.587634454409
-0.645305704396
-0.638480704397
-0.662026954392
-0.623465704401
-0.600943204406
-0.575520079411
-0.549243829417
-0.566647579413
-0.617664454402
-0.637627579398
-0.649571329395
-0.638651329397
-0.6275607044
-0.672264454389
-0.674482579389
-0.67072882939
-0.702806329382
-0.686085079386
-0.560846329415
0
0
0
0
0
0
0
0
0
0
0
0
0
0
0
0
0
0
0
0
0
0
0
0
0
0
0
0
0
0
0
0
0
0
0
0
0
0
0
0
0
0
0
0
0
0
-0.0871913295231
-0.399093829451
-0.686426329386
-0.735225079375
-0.76150132937
-0.814224454357
-0.80074507936
-0.773786329367
-0.785559454364
-0.769861954368
-0.796479454361
-0.756894454371
-0.820537579356
-0.804840079359
-0.752287579371
-0.772933204367
-0.795967579362
-0.856198204347
-0.851932579348
-0.794602579362
-0.84681382935
-0.779416954365
-0.66953445439
-0.6260250794
-0.666804454391
0
0
0
0
0
0
0
0
0
0
0
0
0
0
0
0
0
0
0
0
0
0
0
0
0
0
0
0
0
0
0
0
0
0
0
0
0
0
0
0
0
0
0
0
-0.0495593653549
-0.404459365274
-0.632584990222
-0.704247490205
-0.747074365196
-0.828462490177
-0.749463115195
-0.68479624021
-0.695204365207
-0.750145615195
-0.692644990208
-0.652548115217
-0.591123115231
-0.673705615212
-0.563652490238
-0.483970615256
-0.548808115241
-0.55324436524
-0.579008740234
-0.531404365244
0
0
0
0
0
0
0
0
0
0
0
0
0
0
0
0
0
0
0
0
0
0
-0.0894607563519
-0.290798256306
-0.642115131226
-0.542811381249
-0.530014506252
-0.631024506228
-0.634778256227
-0.644845131225
-0.682041381216
-0.66395513122
-0.617545131231
-0.529502631252
-0.458693256267
-0.549465756247
-0.522507006254
-0.456987006268
-0.485140131261
-0.540593256249
-0.611232006233
-0.612565791064
-0.600963291066
-0.563255166074
-0.590725791069
-0.566838291074
-0.546704541078
-0.49483454109
-0.49329891609
-0.519575166084
-0.521622666084
-0.487497666092
-0.467193291097
-0.417541416108
-0.455078916099
-0.512750166086
-0.518039541085
-0.529130166082
-0.597209541067
-0.641572041057
0
0
0
0
0
0
0
0
0
0
0
0
0
0
0
0
0
0
0
0
0
0
0
0
0
0
0
0
0
0
0
0
0
0
0
0
0
0
0
0
0
0
0
0
0
0
0
0
0
0
0
0
0
0
0
0
0
0
0
0
0
0
0
0
0
0
0
0
0
0
0
0
0
0
0
0
0
0
0
0
0
0
0
0
0
0
0
0
0
0
0
0
0
0
0
0
0
0
0
0
0
0
0
0
0
0
0
0
0
0
0
0
0
0
0
0
0
0
0
0
0
0
0
0
0
0
0
0
0
0
0
0
0
0
0
0
0
0
0
0
0
0
0
0
0
0
0
0
0
0
0
0
0
0
0
0
0
0
0
0
0
0
0
0
0
0
0
0
0
0
0
0
0
0
0
0
0
0
0
0
0
0
0
0
0
-0.0507750071746
-0.390148132097
-0.645744382039
-0.763646257012
-0.694372507027
-0.699320632026
-0.686353132029
-0.612643132047
-0.673044382032
-0.756309382013
-0.826436256998
-0.798795007004
-0.842304381994
-0.816881257
-0.762110632013
-0.821317506999
-0.812786257001
-0.789922507006
-0.747607507015
-0.745389382016
0
0
0
0
0
0
0
0
0
0
0
0
0
0
0
0
0
0
0
0
0
-0.316230955211
-0.568414705153
-0.634446580138
-0.717199705119
-0.715834705119
-0.706109080122
-0.688364080126
-0.649120330135
-0.487367830172
-0.527635330163
-0.541455955159
-0.583600330149
-0.621137830141
-0.532754080161
-0.453925330179
-0.473035330175
-0.457508455178
-0.501700330169
-0.481395955173
-0.489927205171
-0.427307830185
-0.486855955172
-0.632383188007
-0.542975688027
-0.512433813034
-0.515675688033
-0.541610688027
-0.511921938034
-0.455445063047
-0.595016313015
-0.535126938029
-0.478138188042
-0.535809438029
-0.561232563023
-0.592286313015
-0.577612563019
-0.553042563025
-0.560038188023
-0.586996938017
-0.639549438005
-0.649445688003
-0.688006937994
-0.598940688014
-0.652516938002
-0.603376938013
-0.76444539288
-0.874170392854
-0.881257892853
-0.952657892836
-0.836370392863
-0.785182892874
-0.744757892884
-0.788857892874
-0.830332892865
-0.843457892862
-0.860782892857
-0.649470392905
-0.777045392877
-0.907245392847
-0.84975789286
-0.866820392856
-0.84555789286
-0.945307892838
-0.910920392845
-0.923520392842
-0.943732892838
-0.825607892865
-0.84660789286
-0.968932892832
0
0
0
0
0
0
0
0
0
0
0
0
0
0
0
0
0
0
0
0
0
0
0
0
0
0
0
0
0
0
0
0
0
0
0
0
0
0
0
0
0
0
0
0
0
0
0
0
0
0
0
0
0
0
0
0
0
0
0
0
0
0
0
0
0
0
0
0
-0.0872882581821
-0.372402633117
-0.589778883067
-0.581418258069
-0.594897633066
-0.615031383061
-0.571180758071
-0.598651383065
-0.592679508066
-0.626804508058
-0.624757008059
-0.574593258071
-0.560431383074
-0.572887008071
-0.641307633056
-0.729520758035
-0.786850758022
-0.718771383038
-0.660758883052
-0.653080758053
-0.564185133073
-0.543710133078
-0.694372008044
-0.545508098172
-0.433236848198
-0.522473723177
-0.485618723186
-0.548920598171
-0.585434348162
-0.569224973166
-0.50831184818
-0.444498098195
-0.414638723201
-0.441085598196
-0.498074348183
-0.534246848174
-0.464290598191
-0.493979348184
-0.538171223173
-0.46565559819
-0.422316848199
-0.511894973179
-0.59840184816
-0.581509973163
-0.532881848175
-0.560693723168
-0.59618372316
-0.612393098157
0
0
0
0
0
0
0
0
0
0
0
0
0
0
0
0
0
0
0
0
0
0
0
0
0
0
0
0
0
0
0
0
0
0
0
0
0
0
0
0
0
0
0
0
0
0
0
0
0
0
0
0
0
0
0
0
0
0
0
0
0
0
0
0
0
0
0
0
0
0
0
0
0
0
0
0
0
0
0
0
0
0
0
0
0
0
0
0
0
0
0
0
0
0
0
0
0
0
0
0
0
0
0
0
0
0
0
0
0
0
0
0
0
0
0
0
0
0
0
0
0
0
0
0
0
0
0
0
0
0
0
0
0
0
0
0
0
0
0
0
0
0
0
0
0
0
0
0
0
0
0
0
0
0
0
0
0
0
0
0
0
0
0
0
0
0
0
0
0
0
0
0
0
0
0
0
0
0
0
0
0
0
0
0
-0.251808927547
-0.565588302476
-0.697481427445
-0.663868302453
-0.762318927431
-0.686390802448
-0.666598302452
-0.717956427441
-0.629743302461
-0.564052677476
-0.622747677463
-0.560810802477
-0.586745802471
-0.531975177483
-0.566100177476
-0.629572677461
-0.587428302471
-0.531804552483
-0.58913455247
-0.604149552467
-0.573948927474
-0.612680802465
-0.624624552462
-0.470944973189
-0.59464809816
-0.619388723155
-0.535270598174
-0.559328723168
-0.561546848168
-0.567518723166
-0.554380598169
-0.457294973192
-0.455076848193
-0.512748098179
-0.549773723171
-0.511894973179
-0.512406848179
-0.478111223187
-0.560352473168
-0.583728098163
-0.638669348151
-0.663751223145
-0.657096848146
-0.626896223154
-0.574514348165
-0.555745598169
-0.618706223155
-0.573149348165
0
0
0
0
0
0
0
0
0
0
0
0
0
0
0
0
0
0
0
0
0
0
0
0
0
0
0
0
0
0
0
0
0
0
0
0
0
0
0
0
0
0
0
0
0
0
0
0
0
0
0
0
0
0
0
0
0
0
0
0
0
0
0
0
0
0
0
0
0
0
0
0
0
0
0
0
0
0
0
0
0
0
0
0
0
0
0
0
0
0
0
0
0
0
0
0
0
0
0
0
0
0
0
0
0
0
0
0
0
0
0
0
0
0
0
0
0
0
0
0
0
0
0
0
0
0
0
0
0
0
0
0
0
0
0
0
0
0
0
0
0
0
0
0
0
0
0
0
0
0
0
0
0
0
0
0
0
0
0
0
0
0
0
0
0
0
0
0
0
0
0
0
0
0
0
0
0
0
0
0
0
0
0
0
0
0
0
0
0
0
0
0
0
0
0
0
0
0
0
0
0
0
0
0
0
0
0
0
0
0
0
0
0
0
0
0
0
0
0
0
0
0
0
0
0
0
0
0
0
0
0
0
0
0
0
0
0
0
0
0
0
0
0
0
0
0
0
0
0
0
0
0
0
0
0
0
0
0
0
0
0
0
0
0
0
0
0
0
0
0
0
0
0
0
0
0
0
0
0
0
0
0
0
0
0
0
0
0
0
0
0
0
0
0
0
0
0
0
0
0
0
0
0
0
0
0
0
0
0
0
0
0
0
0
0
0
0
0
0
0
0
0
0
0
0
0
0
0
0
0
0
0
0
0
0
0
0
0
0
0
0
0
0
0
0
0
0
0
0
0
0
0
0
0
0
0
0
0
0
0
0
0
0
0
0
0
0
0
0
0
0
0
0
0
0
0
0
0
0
0
0
0
0
0
0
0
0
0
0
0
0
0
0
0
0
0
0
0
0
0
0
0
0
0
0
0
0
0
0
0
0
0
0
0
0
0
0
0
0
0
0
0
0
0
0
0
0
0
0
0
0
0
0
0
0
0
0
0
0
0
0
0
0
0
0
0
0
0
0
0
0
0
0
0
0
0
0
0
0
0
0
0
0
0
0
0
0
0
0
0
0
0
0
0
0
0
0
0
0
0
0
0
0
0
0
0
0
0
0
0
0
0
0
0
0
0
0
0
0
0
0
0
0
0
0
0
0
0
0
0
0
0
0
0
0
0
0
0
0
0
0
0
0
0
0
0
0
0
0
0
0
0
0
0
0
0
0
0
0
0
0
0
0
0
0
0
0
0
0
0
0
0
0
0
0
0
0
0
0
0
0
0
0
0
0
0
0
0
0
0
0
0
0
0
0
0
0
0
0
0
0
0
0
0
0
0
0
0
0
0
0
0
0
0
0
0
0
0
0
0
0
0
0
0
0
0
0
0
0
0
0
0
0
0
0
0
0
0
0
0
0
0
0
0
0
0
0
0
0
0
0
0
0
0
0
0
0
0
0
0
0
0
0
0
0
0
0
0
0
0.00902779869004
0.4031715486
0.696305298534
0.781788423514
0.739473423523
0.606385923554
0.722922798527
0.75312342352
0.70978467353
0.593930298557
0.652966548543
0.671223423538
0.658767798541
0.630444048548
0.582157173559
0.554857173566
0.522267798573
0.514760298575
0.503840298577
0.576014673561
0.59810544213
0.543846692142
0.415536692171
0.460069817161
0.515352317149
0.536168567144
0.453074192163
0.407176067173
0.504602942151
0.578654192134
0.483274817155
0.557837942139
0.557155442139
0.541287317143
0.539239817143
0.507844817151
0.562956692138
0.564492317137
0.561421067138
0.571146692136
0.538386692144
0.555277243424
0.563637868422
0.566709118421
0.554424118424
0.602540368413
0.554765368424
0.490098493438
0.591449743415
0.626939743407
0.662429743399
0.56995099342
0.575069743419
0.52575911843
0.650144743401
0.566197243421
0.595885993414
0.576775993419
0.620797243408
0.592985368415
0.509890993433
0.514668493432
0.562272868422
0.563979118422
0
0
0
0
0
0
0
0
0
0
0
0
0
0
0
0
0
0
0
0
0
0
0
0
0
0
0
0
0
0
0
0
0
0
0
0
0
0
0
0
0
0
0
0
0
0
0
0
0
0
0
0
0
0
0
0
0
0
0
0
0
0
0
0
0
0
0
0
0
0
0
0
0
0
0
0
0
0
0
0
0
0
0
0
0
0
0
0
0
0
0
0
0
0
0
0
0
0
0
0
0
0
0
0
0
0
0
0
0
0
0
0
0
0
0
0
0
0
0
0
0
0
0
0
0
0
0
0
0
0
0
0
0
0
0
0
0
0
0
0
0
0
0
0
0
0
0
0
0
0
0
0
0
0
0
0
0
0
0
0
0
0
0
0
0
0
0
0
0
0
0
0
0
0
0
0
0
0
0
0
0
0
0
0
0
0
0
0
0
0
0
0
0
0
0
0
0
0
0
0
0
0
0
0
0
0
0
0
0
0
0
0
0
0
0.299206946204
0.581761946139
0.745220696102
0.707171321111
0.758358821099
0.675605696118
0.683454446117
0.746756321102
0.831045071083
0.759211946099
0.772691321096
0.656495696123
0.638921321126
0.701711321112
0.681748196117
0.652741946124
0.655471946123
0.681406946117
0.598110895384
0.619097770379
0.559890895393
0.588726520386
0.546070270396
0.608519020381
0.623192770378
0.534126520399
0.559208395393
0.557502145393
0.516040270402
0.477820270411
0.48191527041
0.472530895412
0.48037964541
0.39609089543
0.332106520444
0.462293395414
0.546582145396
0.555625270394
0.422219664609
0.32684028963
0.50104841459
0.518622789586
0.510432789588
0.524082789585
0.559060914577
0.495247164592
0.582777789572
0.648297789557
0.554112789578
0.564862164576
0.553771539578
0.481597164595
0.587043414571
0.671332164552
0.521523414586
0.530395914584
0.54779966458
0.580047789572
0.564009039576
0.556160289578
0.54575216458
0
0
0
0
0
0
0
0
0
0
0
0
0
0
0
0
0
0
0
0
0
0
0
0
0.220540914654
0.516745914587
0.71996028954
0.757839039532
0.686688414548
0.601205289568
0.63703653956
0.660070914554
0.597451539569
0.668602164552
0.623727789563
0.596598414569
0.543363414581
0.523400289585
0.541486539581
0.582436539572
0.568615914575
0.521352789586
0.527324664584
0.510774039588
0.479720289595
0.507190914589
0.489445914593
0.423072789609
0.429215289607
0.447984039603
0.574246539573
0.521182164586
0.456685914601
0.492346539593
0.543192789581
0.476649039596
0.443889039604
0.529030914584
0.541827789581
0.493199664592
0.465217164599
0.484497789594
0.490810914593
0.54506966458
0.563155914576
0.50156028959
0.41948966461
0.515210289587
0.488251539593
0.462657789599
0.721283549751
0.749633549745
0.634133549771
0.618383549775
0.672983549762
0.612871049777
0.650671049768
0.652771049768
0.828121049727
0.791896049735
0.753833549744
0.843346049724
0.838621049724
0.766958549741
0.795046049735
0.73152104975
0.797671049733
0.854633549721
0.866183549718
0.824971049727
0.765908549741
0.723121049751
0.840983549724
0.848071049723
0
0
0
0
0
0
0
0
0
0
0
0
0
0
0
0
0
0
0
0
0
0
0
0
0
0
0
0
0
0
0
0
0
0
0
0
0
0
0
0
0
0
0
0
0
0
0
0
0
0
0
0
0
0
0
0
0
0
0
0
0
0
0
0
0
0
0
0
0
0
0
0
0
0
0
0
0
0
0
0
0
0
0
0
0
0
0
0
0
0
0
0
0
0
0
0
0
0
0
0
0
0
0
0
0
0
0
0
0
0
0
0
0
0
0
0
0
0
0
0
0
0
0
0
0
0
0
0
0
0
0
0
0
0
0
0
0
0
0
0
0
0
0
0
0
0
0
0
0
0
0
0
0
0
0
0
0
0
0
0
0
0
0
0
0
0
0
0
0
0
0
0
0
0
0
0
0
0
0
0
0
0
0
0
0
0
0
0
0
0
0
0
0
0
0
0
0
0
0
0
0
0
0
0
0
0
0
0
0
0
0
0
0
0
0
0
0
0
0
0
0
0
0
0
0
0
0
0
0
0
0
0
0
0
0
0
0
0
0
0
0
0
0
0
0
0
0
0
0
0
0
0
0
0
0
0
0
0
0
0
0
0
0
0
0
0
0
0
0
0
0
0
0
0
0
0
0
0
0
0
0
0
0
0
0
0
0
0
0
0
0
0
0
0
0
0
0
0
0
0
0
0
0
0
0
0
0
0
0
0
0
0
0
0
0
0
0
0
0
0
0
0
0
0
0
0
0
