0.0
0.0
0.0
0.0
0.0
0.0
0.0
0.0
0.0
0.0
0.0
0.0
0.0
0.0
-1.23626373626
39.6728271728
39.6728271728
62.7497502498
62.7497502498
62.7497502498
62.7497502498
62.7497502498
62.7497502498
62.7497502498
62.7497502498
62.7497502498
62.7497502498
62.7497502498
62.7497502498
62.7497502498
62.7497502498
62.7497502498
62.7497502498
62.7497502498
62.7497502498
62.7497502498
62.7497502498
62.7497502498
62.7497502498
62.7497502498
62.7497502498
62.7497502498
62.7497502498
62.7497502498
62.7497502498
62.7497502498
62.7497502498
62.7497502498
62.7497502498
62.7497502498
43.6008140795
21.6495945673
21.6495945673
21.6495945673
21.6495945673
21.6495945673
21.6495945673
21.6495945673
21.6495945673
21.6495945673
21.6495945673
21.6495945673
21.6495945673
21.6495945673
21.6495945673
21.6495945673
21.6495945673
21.6495945673
21.6495945673
21.6495945673
21.6495945673
21.6495945673
0.719362009203
0.719362009203
0.719362009203
0.719362009203
0.719362009203
0.719362009203
0.719362009203
0.719362009203
0.719362009203
-18.429574161
-18.429574161
-18.429574161
-18.429574161
-37.5785103312
-37.5785103312
-37.5785103312
-37.5785103312
-57.1437277225
-77.1437277225
-77.1437277225
-77.1437277225
-77.1437277225
-77.1437277225
-77.1437277225
-77.1437277225
-77.1437277225
-77.1437277225
-77.1437277225
-77.1437277225
-77.1437277225
-77.1437277225
-77.1437277225
-77.1437277225
-77.1437277225
-77.1437277225
-77.1437277225
-77.1437277225
-77.1437277225
-77.1437277225
-77.1437277225
-77.1437277225
-77.1437277225
-77.1437277225
-77.1437277225
-77.1437277225
-77.1437277225
-77.1437277225
-77.1437277225
-77.1437277225
-77.1437277225
-77.1437277225
-77.1437277225
-77.1437277225
-77.1437277225
-77.1437277225
-77.1437277225
-77.1437277225
-77.1437277225
-77.1437277225
-77.1437277225
-57.5785103312
-57.5785103312
-57.5785103312
-57.5785103312
-57.5785103312
-57.5785103312
-57.5785103312
-57.5785103312
-57.5785103312
-57.5785103312
-57.5785103312
-57.5785103312
-57.5785103312
-38.0132929399
-38.0132929399
-38.0132929399
-38.0132929399
-16.5847215113
-16.5847215113
-16.5847215113
-16.5847215113
-16.5847215113
-16.5847215113
-16.5847215113
-16.5847215113
-16.5847215113
-16.5847215113
-16.5847215113
-16.5847215113
-16.5847215113
-16.5847215113
-16.5847215113
-16.5847215113
-16.5847215113
