2.99705757491,-1.91063374877,-1.67010556123
2.99705757491,-1.91063374877,-1.67010556123
2.99705757491,-1.91063374877,-1.67010556123
2.99705757491,-1.91063374877,-1.67010556123
2.99705757491,-1.91063374877,-1.67010556123
2.99705757491,-1.91063374877,-1.67010556123
2.99705757491,-1.91063374877,-1.67010556123
2.99705757491,-1.91063374877,-1.67010556123
2.99705757491,-1.91063374877,-1.67010556123
-3.50667189988,2.08915911464,1.66735666766
-3.50667189988,2.08915911464,1.66735666766
-3.50667189988,2.08915911464,1.66735666766
-3.50667189988,2.08915911464,1.66735666766
-3.50667189988,2.08915911464,1.66735666766
-3.50667189988,2.08915911464,1.66735666766
-3.50667189988,2.08915911464,1.66735666766
-3.50667189988,2.08915911464,1.66735666766
-3.50667189988,2.08915911464,1.66735666766
-3.50667189988,2.08915911464,1.66735666766
-3.50667189988,2.08915911464,1.66735666766
-3.50667189988,2.08915911464,1.66735666766
-3.50667189988,2.08915911464,1.66735666766
-3.50667189988,2.08915911464,1.66735666766
-3.50667189988,2.08915911464,1.66735666766
-3.50667189988,0.421497014357,0.0242818932184
-1.28831478736,0.421497014357,0.0242818932184
-1.28831478736,0.421497014357,0.0242818932184
-1.28831478736,0.421497014357,0.0242818932184
-1.28831478736,0.421497014357,0.0242818932184
-1.28831478736,0.421497014357,0.0242818932184
-1.28831478736,0.421497014357,0.0242818932184
-1.28831478736,0.421497014357,0.0242818932184
-1.28831478736,0.421497014357,0.0242818932184
-1.28831478736,0.421497014357,0.0242818932184
-1.28831478736,0.421497014357,0.0242818932184
-1.28831478736,0.421497014357,0.0242818932184
-1.28831478736,0.421497014357,0.0242818932184
-1.28831478736,0.421497014357,0.0242818932184
-1.28831478736,0.421497014357,0.0242818932184
-1.28831478736,0.421497014357,0.0241291769088
-1.31519285784,0.432950737573,0.0241291769088
-1.31519285784,0.432950737573,0.0241291769088
-1.31519285784,0.432950737573,0.0241291769088
-1.31519285784,0.432950737573,0.0241291769088
-1.31519285784,0.432950737573,0.0241291769088
-1.31519285784,0.432950737573,0.0241291769088
-1.31519285784,0.432950737573,0.0241291769088
-1.31519285784,0.432950737573,0.0241291769088
-1.31519285784,0.432950737573,0.0241291769088
-1.31519285784,0.432950737573,0.0241291769088
-1.31519285784,0.432950737573,0.0241291769088
-1.31519285784,0.432950737573,0.0241291769088
-1.31519285784,0.432950737573,0.0241291769088
-1.31519285784,0.432950737573,0.0241291769088
-1.31519285784,0.432950737573,0.0271835030998
-1.31870533296,0.433408886501,0.0271835030998
-1.31870533296,0.433408886501,0.0271835030998
-1.31870533296,0.433408886501,0.0271835030998
-1.31870533296,0.433408886501,0.0271835030998
-1.31870533296,0.433408886501,0.0271835030998
-1.31870533296,0.433408886501,0.0271835030998
-1.31870533296,0.433408886501,0.0271835030998
-1.31870533296,0.433408886501,0.0271835030998
-1.31870533296,0.433408886501,0.0271835030998
-1.31870533296,0.433408886501,0.0271835030998
-1.31870533296,0.433408886501,0.0271835030998
-1.31870533296,0.433408886501,0.0271835030998
-1.31870533296,0.433408886501,0.0271835030998
-1.31870533296,0.433408886501,0.0271835030998
-1.31870533296,0.436005063764,0.0259617726234
-1.31748360248,0.436005063764,0.0259617726234
-1.31748360248,0.436005063764,0.0259617726234
-1.31748360248,0.436005063764,0.0259617726234
-1.31748360248,0.436005063764,0.0259617726234
-1.31748360248,0.436005063764,0.0259617726234
-1.31748360248,0.436005063764,0.0259617726234
-1.31748360248,0.436005063764,0.0259617726234
-1.31748360248,0.436005063764,0.0259617726234
-1.31748360248,0.436005063764,0.0259617726234
-1.31748360248,0.436005063764,0.0259617726234
-1.31748360248,0.436005063764,0.0259617726234
-1.31748360248,0.436005063764,0.0259617726234
-1.31748360248,0.436005063764,0.0259617726234
-1.31748360248,0.436005063764,0.0259617726234
-1.31748360248,0.436005063764,0.0279470846476
-1.28342786545,0.431270858168,0.0279470846476
-1.28342786545,0.431270858168,0.0279470846476
-1.28342786545,0.431270858168,0.0279470846476
-1.28342786545,0.431270858168,0.0279470846476
-1.28342786545,0.431270858168,0.0279470846476
-1.28342786545,0.431270858168,0.0279470846476
-1.28342786545,0.431270858168,0.0279470846476
-1.28342786545,0.431270858168,0.0279470846476
-1.28342786545,0.431270858168,0.0279470846476
-1.28342786545,0.431270858168,0.0279470846476
-1.28342786545,0.431270858168,0.0279470846476
-1.28342786545,0.431270858168,0.0279470846476
-1.28342786545,0.431270858168,0.0279470846476
-1.28342786545,0.431270858168,0.0279470846476
-1.28342786545,0.445931623885,0.0812450766803
-1.17484656936,0.445931623885,0.0812450766803
-1.17484656936,0.445931623885,0.0812450766803
-1.17484656936,0.445931623885,0.0812450766803
-1.17484656936,0.445931623885,0.0812450766803
-1.17484656936,0.445931623885,0.0812450766803
-1.17484656936,0.445931623885,0.0812450766803
-1.17484656936,0.445931623885,0.0812450766803
-1.17484656936,0.445931623885,0.0812450766803
-1.17484656936,0.445931623885,0.0812450766803
-1.17484656936,0.445931623885,0.0812450766803
-1.17484656936,0.445931623885,0.0812450766803
-1.17484656936,0.445931623885,0.0812450766803
-1.17484656936,0.445931623885,0.0812450766803
-1.17484656936,0.445931623885,0.0812450766803
-1.17484656936,0.445931623885,0.126907253236
-1.0699304647,0.452803857814,0.126907253236
-1.0699304647,0.452803857814,0.126907253236
-1.0699304647,0.452803857814,0.126907253236
-1.0699304647,0.452803857814,0.126907253236
-1.0699304647,0.452803857814,0.126907253236
-1.0699304647,0.452803857814,0.126907253236
-1.0699304647,0.452803857814,0.126907253236
-1.0699304647,0.452803857814,0.126907253236
-1.0699304647,0.452803857814,0.126907253236
-1.0699304647,0.452803857814,0.126907253236
-1.0699304647,0.452803857814,0.126907253236
-1.0699304647,0.452803857814,0.126907253236
-1.0699304647,0.452803857814,0.126907253236
-1.0699304647,0.452803857814,0.126907253236
-1.0699304647,0.452803857814,0.126907253236
-0.853531454072,0.375682121492,0.131336026213
-0.853531454072,0.375682121492,0.131336026213
-0.853531454072,0.375682121492,0.131336026213
-0.853531454072,0.375682121492,0.131336026213
-0.853531454072,0.375682121492,0.131336026213
-0.853531454072,0.375682121492,0.131336026213
-0.853531454072,0.375682121492,0.131336026213
-0.853531454072,0.375682121492,0.131336026213
-0.853531454072,0.375682121492,0.131336026213
-0.853531454072,0.375682121492,0.131336026213
-0.853531454072,0.375682121492,0.131336026213
-0.853531454072,0.375682121492,0.131336026213
-0.853531454072,0.375682121492,0.131336026213
-0.853531454072,0.375682121492,0.131336026213
-0.853531454072,0.375682121492,0.131336026213
-0.587041493908,0.263130201354,0.114995381091
-0.587041493908,0.263130201354,0.114995381091
-0.587041493908,0.263130201354,0.114995381091
-0.587041493908,0.263130201354,0.114995381091
-0.587041493908,0.263130201354,0.114995381091
-0.587041493908,0.263130201354,0.114995381091
-0.587041493908,0.263130201354,0.114995381091
-0.587041493908,0.263130201354,0.114995381091
-0.587041493908,0.263130201354,0.114995381091
-0.587041493908,0.263130201354,0.0578794813193
-0.245873258375,0.110566608114,0.0578794813193
-0.245873258375,0.110566608114,0.0578794813193
-0.245873258375,0.110566608114,0.0578794813193
-0.245873258375,0.110566608114,0.0578794813193
-0.245873258375,0.110566608114,0.0578794813193
-0.245873258375,0.110566608114,0.0578794813193
-0.245873258375,0.110566608114,0.0578794813193
-0.245873258375,0.110566608114,0.0578794813193
-0.245873258375,0.110566608114,0.0578794813193
-0.245873258375,0.110566608114,0.0578794813193
-0.245873258375,0.110566608114,0.0578794813193
-0.245873258375,0.110566608114,0.0578794813193
-0.245873258375,0.110566608114,0.0578794813193
-0.245873258375,0.110566608114,0.0578794813193
-0.245873258375,0.110566608114,0.0578794813193
0.0105374253589,-0.00015271630955,-0.00946841119207
0.0105374253589,-0.00015271630955,-0.00946841119207
0.0105374253589,-0.00015271630955,-0.00946841119207
0.0105374253589,-0.00015271630955,-0.00946841119207
0.0105374253589,-0.00015271630955,-0.00946841119207
0.0105374253589,-0.00015271630955,-0.00946841119207
0.0105374253589,-0.00015271630955,-0.00946841119207
0.0105374253589,-0.00015271630955,-0.00946841119207
0.0105374253589,-0.00015271630955,-0.00946841119207
0.0105374253589,-0.00015271630955,-0.00946841119207
0.0105374253589,-0.00015271630955,-0.00946841119207
0.0105374253589,-0.00015271630955,-0.00946841119207
0.0105374253589,-0.00015271630955,-0.00946841119207
0.0105374253589,-0.00015271630955,-0.00946841119207
0.0105374253589,-0.00015271630955,-0.00946841119207
0.0105374253589,-0.00015271630955,-0.00839939702522
-0.00580321976288,0.0125227373831,-0.00839939702522
-0.00580321976288,0.0125227373831,-0.00839939702522
-0.00580321976288,0.0125227373831,-0.00839939702522
-0.00580321976288,0.0125227373831,-0.00839939702522
-0.00580321976288,0.0125227373831,-0.00839939702522
-0.00580321976288,0.0125227373831,-0.00839939702522
-0.00580321976288,0.0125227373831,-0.00839939702522
-0.00580321976288,0.0125227373831,-0.00839939702522
-0.00580321976288,0.0125227373831,-0.00839939702522
-0.00580321976288,0.0125227373831,-0.00839939702522
-0.00580321976288,0.0125227373831,-0.00839939702522
-0.00580321976288,0.0125227373831,-0.00839939702522
-0.00580321976288,0.0125227373831,-0.00839939702522
-0.00580321976288,0.0125227373831,-0.00839939702522
-0.00580321976288,0.0125227373831,-0.00839939702522
-0.00580321976288,0.0125227373831,-0.00839939702522
-0.00580321976288,0.00962112750162,-0.0102319927398
-0.00519235452468,0.00962112750162,-0.0102319927398
-0.00519235452468,0.00962112750162,-0.0102319927398
-0.00519235452468,0.00962112750162,-0.0102319927398
-0.00519235452468,0.00962112750162,-0.0102319927398
-0.00519235452468,0.00962112750162,-0.0102319927398
-0.00519235452468,0.00962112750162,-0.0102319927398
-0.00519235452468,0.00962112750162,-0.0102319927398
-0.00519235452468,0.00962112750162,-0.0102319927398
-0.00519235452468,0.00962112750162,-0.0102319927398
-0.00519235452468,0.00962112750162,-0.0102319927398
-0.00519235452468,0.00962112750162,-0.0102319927398
-0.00519235452468,0.00962112750162,-0.0102319927398
-0.00519235452468,0.00962112750162,-0.0102319927398
-0.00519235452468,0.00962112750162,-0.0102319927398
-0.00519235452468,0.00962112750162,-0.0102319927398
-0.00519235452468,0.00962112750162,-0.0102319927398
-0.00473420559603,0.00549778714378,-0.00855211333477
-0.00473420559603,0.00549778714378,-0.00855211333477
-0.00473420559603,0.00549778714378,-0.00855211333477
-0.00473420559603,0.00549778714378,-0.00855211333477
-0.00473420559603,0.00549778714378,-0.00855211333477
-0.00473420559603,0.00549778714378,-0.00855211333477
-0.00473420559603,0.00549778714378,-0.00855211333477
-0.00473420559603,0.00549778714378,-0.00855211333477
-0.00473420559603,0.00549778714378,-0.00855211333477
-0.00473420559603,0.00549778714378,-0.00855211333477
-0.00473420559603,0.00549778714378,-0.00855211333477
-0.00473420559603,0.00549778714378,-0.00855211333477
-0.00473420559603,0.00549778714378,-0.00855211333477
-0.00473420559603,0.00549778714378,-0.00855211333477
-0.00473420559603,0.00549778714378,-0.00855211333477
-0.00473420559603,0.00549778714378,-0.00855211333477
-0.00473420559603,0.00549778714378,-0.00855211333477
-0.00351247511964,0.00656680131063,-0.00962112750162
-0.00351247511964,0.00656680131063,-0.00962112750162
-0.00351247511964,0.00656680131063,-0.00962112750162
-0.00351247511964,0.00656680131063,-0.00962112750162
-0.00351247511964,0.00656680131063,-0.00962112750162
-0.00351247511964,0.00656680131063,-0.00962112750162
-0.00351247511964,0.00656680131063,-0.00962112750162
-0.00351247511964,0.00656680131063,-0.00962112750162
-0.00351247511964,0.00656680131063,-0.00962112750162
-0.00351247511964,0.00656680131063,-0.00962112750162
-0.00351247511964,0.00656680131063,-0.00962112750162
-0.00351247511964,0.00656680131063,-0.00962112750162
-0.00351247511964,0.00656680131063,-0.00962112750162
-------------------
