0.0
-0.11603
-0.176873888891
-0.183238888886
-0.264835555556
-0.309877222223
-0.319071111112
-0.311048333331
-0.28580888889
-0.291223333334
-0.286736666664
-0.337436111112
-0.388135555553
-0.458173333341
-0.510287222224
-0.507214999987
-0.522773888876
-0.518751111105
-0.535724444473
-0.533359444459
-0.550332777758
-0.567062777778
-0.547481111118
-0.565161666674
-0.58284222223
-0.619153888911
-0.654758333335
-0.708993888883
-0.763229444466
-0.780910000022
-0.780666666675
-0.834902222223
-0.871213888904
-0.925449444418
-0.980392222189
-1.0167038889
-1.01646055556
-1.01550999999
-1.03389777777
-1.05228555554
-1.08859722222
-1.14353999999
-1.19848277777
-1.25342555554
-1.30766111112
-1.36260388889
-1.38028444445
-1.41659611113
-1.4715388889
-1.48992666664
-1.56325722222
-1.59956888891
-1.63588055555
-1.69082333332
-1.76439722222
-1.8007088889
-1.83772777777
-1.87403944445
-1.90964388887
-1.94595555555
-1.9822672222
-2.03721
-2.07281444446
-2.07257111111
-2.12751388889
-2.14590166666
-2.20084444443
-2.21923222221
-2.25554388889
-2.27463888889
-2.29302666667
-2.34796944444
-2.38428111112
-2.40266888886
-2.43898055555
-2.49392333332
-2.51231111102
-2.51206777768
-2.5483794445
-2.54884333319
-2.58515500002
-2.62146666649
-2.621223333
-2.67616611109
-2.67592277795
-2.71294166665
-2.73132944442
-2.74900999997
-2.74876666649
-2.74781611113
-2.7841277776
-2.82043944442
-2.81948888871
-2.87372444457
-2.89140500013
-2.89116166665
-2.90954944442
-2.92722999997
-2.9635416668
-2.98097888887
-2.99865944442
-3.05289499993
-3.08920666675
-3.12551833358
-3.12527500009
-3.16158666656
-3.21582222242
-3.28868888886
-3.30707666663
-3.2709855554
-3.05211944474
-2.68561888875
-2.28185611093
-1.8974316666
-1.53234555575
-1.18518333325
-0.874576111048
-0.60052388881
-0.308547777888
-6.2222356469e-05
0.272575555439
0.509365555497
0.710307777818
1.0022838891
1.27562888876
1.53104999973
1.78717833327
2.06123055551
2.24354166657
2.20510833343
2.11148888907
1.96268333314
1.79595388886
1.68370333324
1.60942222236
1.53584833336
1.49882944432
1.4611033334
1.4420083334
1.34909611091
1.27481500004
1.2198722223
1.1462983333
1.07272444465
1.03524166653
1.01756111097
0.999173333188
0.943523333238
0.869949444235
0.851561666807
0.814786110897
0.796398333469
0.796641666611
0.777546666613
0.741234999789
0.705873888678
0.706117222162
0.669805555694
0.633493888871
0.596474999833
0.541532222098
0.505220555274
0.524095000026
0.542262222207
0.542505555691
0.524825000136
0.50714444458
0.489463889025
0.471076110898
0.471319444382
0.434300555344
0.398696111091
0.381015555536
0.344703889068
0.326316110942
0.289297222247
0.271616666691
0.216673888956
0.16173111122
0.161974444362
0.107031666627
0.088643888843
0.0516250001474
-0.00331777758792
-0.0575533334508
-0.0938649999184
-0.148807777654
-0.185119444477
-0.185583333208
-0.22306611099
-0.258670555585
-0.294982222408
-0.313369999836
-0.386236666611
-0.422548333435
-0.440936110862
-0.495878888954
-0.568745555728
-0.587133333156
-0.62344499998
-0.64183277775
-0.715406666753
-0.733794444537
-0.771520555447
-0.771984444534
-0.77174111105
-0.808760000088
-0.845071666555
-0.882090555607
-0.918402222074
-0.954713888898
-0.991732777936
-1.0459683331
-1.13746611114
-1.19240888888
-1.21079666666
-1.21055333352
-1.22894111095
-1.26595999999
-1.28434777777
-1.31995222237
-1.35626388883
-1.37465166662
-1.4107200003
-1.42910777773
-1.4465449998
-1.48285666662
-1.48261333348
-1.50100111091
-1.57386777768
-1.61017944451
-1.62856722193
-1.64695500006
-1.66463555562
-1.64646833343
-1.64693222252
-1.628765
-1.64644555555
-1.68275722202
-1.68251388888
-1.7367494444
-1.77376833344
-1.79215611087
-1.82846777769
-1.86477944416
-1.90155500007
-1.88338777788
-1.93833055562
-1.95671833339
-2.01166111113
-2.06660388886
-2.10291555568
-2.10550111109
-2.14181277791
-2.17812444438
-2.26962222208
-2.34319611108
-2.39813888882
-2.43374333341
-2.45283833341
-2.45305888866
-2.50800166675
-2.5636516667
-2.6372255557
-2.6742444444
-2.71055611122
-2.76620611117
-2.78459388895
-2.82019833355
-2.83858611098
-2.89423611094
-2.93125499998
-3.00412166641
-3.00434222235
-3.02343722235
-3.06045611105
-3.09747500009
-3.13449388878
-3.1342505553
-3.15263833342
-3.18894999989
-3.22526166672
-3.29812833315
-3.38891888896
-3.44315444448
-3.46154222225
-3.51648499999
-3.51529111115
-3.51504777766
-3.55135944413
-3.56903999969
-3.60535166651
-3.64166333333
-3.65934388889
-3.71450722221
-3.73218777777
-3.80551833329
-3.86116833359
-3.89748000006
-3.89723666658
-3.89699333344
-3.91538111122
-3.89721388904
-3.89743444429
-3.93374611111
-3.93350277797
-3.9884455557
-4.02475722217
-4.06531222198
-4.1016238888
-4.13793555527
-4.2108022224
-4.21055888892
-4.24757777796
-4.26596555538
-4.26572222224
-4.28411000003
-4.33834555553
-4.39328833327
-4.42935666661
-4.44774444473
-4.5019799999
-4.57484666667
-4.62978944441
-4.72128722211
-4.81278500015
-4.77715777766
-4.79554555579
-4.85048833352
-4.86887611095
-4.94244999995
-5.03465499987
-5.0895977776
-5.12661666665
-5.18131611125
-5.18107277776
-5.2180916668
-5.27303444454
-5.29071500009
-5.32702666656
-5.34541444434
-5.38243333338
-5.38148277803
-5.39987055545
-5.45481333319
-5.47320111132
-5.52814388905
-5.56445555552
-5.60147444457
-5.63707888916
-5.65405222215
-5.74484277762
-5.79978555536
-5.83609722218
-5.87240888865
-5.85424166647
-5.87192222202
-5.9079905557
-5.94430222217
-5.96198277773
-5.99900166678
-5.99922222203
-6.03553388885
-6.07255277789
-6.12749555562
-6.18243833336
-6.18219499987
-6.18195166673
-6.20033944452
-6.20080333325
-6.2184838888
-6.21824055566
-6.23638499996
-6.23614166682
-6.25382222237
-6.29013388884
-6.32644555567
-6.36275722213
-6.39906888896
-6.41674944451
-6.48866555523
-6.50634611079
-6.54336500018
-6.56246000018
-6.58014055574
-6.59782111129
-6.59757777781
-6.61596555558
-6.63435333336
-6.68858888887
-6.7435316666
-6.77984333343
-6.85270999986
-6.92557666663
-6.96188833346
-6.98027611089
-7.01729499992
-7.03639000028
-7.07199444453
-7.12693722227
-7.18258722222
-7.20168222221
-7.25662500031
-7.32949166674
-7.36651055578
-7.40282222224
-7.45776499998
-7.47615277776
-7.47590944428
-7.51197777796
-7.52965833352
-7.65771111117
-7.98575555543
-8.38761722218
-8.88192722234
-9.3403894444
-9.76088222208
-10.21793
-10.674977778
-11.0761322222
-11.4959177776
-11.8067455554
-11.8989505557
-11.882197778
-11.7916277777
-11.6645027779
-11.6291188889
-11.6288755554
-11.6486777776
-11.6864038889
-11.7599777779
-11.8342588891
-11.8712777778
-11.8710344443
-11.8535744444
-11.8913005556
-12.0924633332
-12.4025838888
-12.7499666669
-13.1525355555
-13.5364733332
-13.90178
-14.2677938887
-14.6703627777
-15.0535933331
-15.4375311112
-15.8207616667
-16.2412544444
-16.6617472224
-17.0270538888
-17.4482538887
-17.8694538889
-18.2720227776
-18.6925155556
-19.0950844446
-19.5342083331
-19.9740394443
-20.4138705555
-20.7992227776
-21.2211300001
-21.6609611112
-22.0283894443
-22.1578566664
-22.3797722223
-22.6382427777
-22.91393
-23.2261722223
-23.5570455558
-23.8141016668
-24.1256366664
-24.4737266664
-24.822523889
-25.1706138889
-25.5373350002
-25.8854249998
-26.2155911111
-26.5823122223
-26.9296950001
-27.2784922222
-27.6265822222
-27.9933033331
-28.2682833332
-28.3977505556
-28.6920688888
-28.9863872224
-29.336598889
-29.6674722221
-30.0162694443
-30.4023288891
-30.7504188887
-31.135063889
-31.537632778
-31.9409088888
-32.3255538891
-32.7109061112
-33.0955511112
-33.4615650002
-33.8827650001
-34.2480716669
-34.6685644445
-35.1076883335
-35.4557783334
-35.7859444444
-36.1720038891
-36.5401394448
-36.8889366666
-37.274996111
-37.6789794444
-38.0464077779
-38.4510983335
-38.8185266666
-39.1852477779
-39.5533833332
-39.902887778
-40.2703161111
-40.6191133336
-40.9865416667
-41.4084488888
-41.7751699997
-42.1605222222
-42.5272433331
-42.7298205555
-42.7496227781
-42.7335772222
-42.6437144442
-42.6090377778
-42.5736538888
-42.556901111
-42.5946272223
-42.6137222223
-42.6693722223
-42.7063911113
-42.761333889
-42.7617977778
-42.7808927778
-42.7999877781
-42.8004516665
-42.8188394446
-42.8185961111
-42.818352778
-42.8560788889
-42.9110216666
-42.9659644447
-43.0029833334
-43.0034472222
-43.0024966668
-43.0029605555
-43.0583672224
-43.0760477779
-43.0944355553
-43.1128233335
-43.167058889
-43.2033705555
-43.2403894445
-43.25807
-43.3123055556
-43.348617222
-43.3670050002
-43.3667616667
-43.4386777777
-43.5115444445
-43.56578
-43.6200155556
-43.656327222
-43.6919316666
-43.7275361109
-43.763847778
-43.8567600002
-43.9109955557
-43.9838622221
-43.9656949999
-43.9652083333
-44.0194438888
-44.0743866666
-44.1479605556
-44.2029033333
-44.257846111
-44.313496111
-44.3684388891
-44.4226744442
-44.4780811111
-44.4964688888
-44.5693355553
-44.5877233334
-44.5874799999
-44.6237916667
-44.6421794445
-44.6791983332
-44.71551
-44.7331905556
-44.7702094446
-44.7878900002
-44.8421255553
-44.8605133335
-44.914748889
-44.9862011113
-45.0404366665
-45.0588244446
-45.0585811111
-45.058337778
-45.0939422222
-45.0929916665
-45.1293033333
-45.1649077779
-45.2012194444
-45.2189
-45.2186566665
-45.2177061111
-45.217462778
-45.2907933331
-45.3636599999
-45.3999716667
-45.4176522223
-45.3987777776
-45.3985344444
-45.3803672222
-45.4350666668
-45.4527472224
-45.4711349998
-45.5074466666
-45.5437583331
-45.5987011108
-45.6350127777
-45.6713244441
-45.6904194445
-45.7081
-45.7623355556
-45.8344950001
-45.8528827779
-45.8533466666
-45.8896583331
-45.9259699999
-45.9622816664
-45.9799622219
-46.0155666665
-46.0518783334
-46.1061138892
-46.161056667
-46.2332161112
-46.2874516667
-46.3603183335
-46.4145538886
-46.4508655554
-46.4513294445
-46.4697172223
-46.4881050001
-46.5244166666
-46.5607283334
-46.6156711111
-46.6706138888
-46.7434805556
-46.7618683334
-46.7988872224
-46.8717538889
-46.9087727779
-46.9637155557
-46.9634722222
-46.9818600003
-47.0181716668
-47.0365594445
-47.054947222
-47.0912588888
-47.1282777778
-47.1466655556
-47.2199961111
-47.2563077779
-47.2926194444
-47.3468549999
-47.4010905554
-47.455326111
-47.4737138887
-47.4913944446
-47.4911511115
-47.4909077787
-47.4720333336
-47.5083450015
-47.5632877778
-47.563044445
-47.5993561129
-47.6170366653
-47.6175005554
-47.6172572223
-47.6535688902
-47.7271427785
-47.7820855548
-47.7818422217
-47.8002300009
-47.8179105568
-47.8176672237
-47.7994999983
-47.7806255571
-47.7990133324
-47.8544199988
-47.8900244438
-47.9449672236
-47.9633549989
-47.9996666668
-48.0359783347
-48.072289999
-48.1086016669
-48.1821755552
-48.1998561111
-48.2547988875
-48.2731866666
-48.2729433335
-48.3092550014
-48.3090116683
-48.3460305559
-48.4009733322
-48.4372850001
-48.4915205567
-48.527832221
-48.599991667
-48.6542272236
-48.708462777
-48.7634055568
-48.8176411099
-48.8720972238
-48.963351668
-49.0003705556
-49.0732372206
-49.1102561118
-49.1279366677
-49.1691988901
-49.2241416664
-49.2604533343
-49.2967649986
-49.3337838895
-49.3700955538
-49.388483333
-49.4434261129
-49.7176988871
-50.1568227771
-50.6152849985
-51.0544088881
-51.5121638901
-51.9692116653
-52.3524422229
-52.7543038886
-53.1382416656
-53.5042555574
-53.8881933344
-54.0155388891
-54.0160027793
-53.9247255558
-53.8348627788
-53.7457072216
-53.7282472234
-53.7659733319
-53.8029922217
-53.8213799994
-53.8583988892
-53.8588627771
-53.8593266652
-53.8597905568
-53.8602544413
-53.8984444448
-53.9347561123
-53.9158816662
-53.9536077781
-53.9906266679
-54.0269383319
-54.0644211097
-54.1007327772
-54.1004894465
-54.1375083327
-54.1566033328
-54.1929150002
-54.2289833336
-54.2652950012
-54.2843900011
-54.3393327771
-54.3756444446
-54.4569977805
-54.476092777
-54.4944805583
-54.5494233343
-54.5857350018
-54.6406777778
-54.6956205538
-54.7319322213
-54.7682438888
-54.8045555528
-54.8594983324
-54.9137338896
-54.9500455536
-55.0049883332
-55.0405927749
-55.0776116681
-55.0952922237
-55.0771249998
-55.1127294451
-55.1676722211
-55.2405388868
-55.2768505543
-55.3131622219
-55.3315499996
-55.3305994467
-55.3482799987
-55.3845916663
-55.4216105561
-55.476553332
-55.512865003
-55.5857316653
-55.6034122243
-55.6038761124
-55.6222638866
-55.6220205559
-55.6404083337
-55.6401649996
-55.6585527773
-55.7125450004
-55.7302255559
-55.7842177755
-55.8577916635
-55.9127344464
-55.9676772224
-55.9674338882
-55.9492666678
-56.0032588909
-56.0395705549
-56.0572511104
-56.0570077763
-56.0574716678
-56.0751522234
-56.0935399976
-56.1112205532
-56.1661633362
-56.2203988865
-56.2574177797
-56.2937294437
-56.3121172215
-56.348892777
-56.3486494429
-56.3856683361
-56.4040561104
-56.4403677779
-56.4401244437
-56.4764361113
-56.494823889
-56.5674472205
-56.6037588881
-56.5304055575
-56.2922011115
-55.944331664
-55.7240511114
-55.7252222216
-55.8367655557
-56.0214188898
-56.1688099998
-56.2975700014
-56.4076988877
-56.4626416671
-56.5175844466
-56.5538961106
-56.6444433354
-56.6807549994
-56.698435555
-56.6981922208
-56.6986561123
-56.7163366679
-56.7889599994
-56.8618266651
-56.9167694447
-56.9710049984
-57.0259477779
-57.0629666642
-57.0992783351
-57.1355900027
-57.1530272205
-57.2079700001
-57.244281664
-57.2626694453
-57.2989811128
-57.3173688871
-57.3536805547
-57.3720683325
-57.4090872221
-57.408843888
-57.4265244436
-57.4262811128
-57.4625927804
-57.5347522204
-57.6255427794
-57.6804855553
-57.6988733332
-57.7165538887
-57.7167744425
-57.7165311118
-57.4790338881
-57.0946094459
-56.6557061122
-56.235433887
-55.8703477755
-55.5045544452
-55.1753161131
-54.8095227759
-54.4623605541
-54.0793505528
-53.9335944445
-53.9899516684
-54.101494999
-54.2675172246
-54.4335394466
-54.5257444465
-54.5627633328
-54.5997822226
-54.6554322242
-54.6558961088
-54.6922077763
-54.7105955576
-54.7110594421
-54.7294472234
-54.7657588909
-54.8207016669
-54.8756444428
-54.9312944446
-54.9676061086
-55.0046250018
-55.0237199984
-54.9145188918
-54.6583905561
-54.3277377796
-53.9426061117
-53.5588888882
-53.1751716646
-52.8273022241
-52.4622161126
-52.2426427786
-52.2431066667
-52.3546500007
-52.5034555553
-52.6701849996
-52.8376216661
-52.9312411104
-52.9696744446
-52.9880622224
-53.0437122241
-53.0448833309
-53.0826094428
-53.1203355583
-53.1766927788
-53.2328066649
-52.8681844449
-52.447205001
-52.0262255571
-51.5880294421
-51.1870955545
-50.8033783346
-50.438292223
-50.0732061115
-49.7267511119
-49.3437411106
-49.0152100008
-48.7046027806
-48.4850294433
-48.5041244432
-48.5977438911
-48.7637661097
-48.930495554
-49.06067
-49.1740916666
-49.2122816666
-49.2127455546
-49.212966112
-49.2499849982
-49.2690800017
-49.2867605573
-49.3244866692
-49.3428744435
-49.4157411127
-49.4520527767
-49.4704405545
-49.4709044461
-49.4892922203
-49.5442349998
-49.5439916691
-49.5989344451
-49.6359533349
-49.6357099972
-49.6906527767
-49.7455955561
-49.8005383356
-49.8547738893
-49.8724544449
-49.9453211107
-49.9637088884
-49.9641727765
-49.9825605578
-50.0188722218
-50.0551838893
-50.0735716671
-50.1464383328
-50.1648261107
-50.238400002
-50.274711666
-50.3289472233
-50.3838900028
-50.4022777771
-50.4385894446
-50.4928250019
-50.5477677779
-50.5847866641
-50.6218055573
-50.6581172213
-50.6765049992
-50.6762616684
-50.6946494463
-50.7316683325
-50.76798
-50.7863677777
-50.8047555556
-50.8589911128
-50.8953027768
-50.9323216666
-50.9872644426
-51.0235761136
-51.0240399981
-51.1339255536
-51.1702372212
-51.2065488921
-51.2246933322
-51.2065261118
-51.3154611109
-51.3517727784
-51.3701605561
-51.3878411117
-51.4427838912
-51.4798027775
-51.5347455534
-51.5903955586
-51.5543044415
-51.5540611107
-51.5729127801
-51.5905933357
-51.5903500015
-51.6452927775
-51.6636805587
-51.682068333
-51.7183800005
-51.7546916681
-51.809634444
-51.8466533337
-51.8291933321
-51.5916961084
-51.2438266679
-50.804216112
-50.366019997
-49.9837172214
-49.7648511097
-49.8018699995
-49.9127061078
-50.0780211112
-50.2985222212
-50.3914344468
-50.392605557
-50.4296244433
-50.5024911125
-50.5574338885
-50.5944527783
-50.631471668
-50.6684905542
-50.705509444
-50.7425283337
-50.7795472235
-50.7800111115
-50.561852222
-50.2505377762
-49.8668205562
-49.4465483344
-49.0449072247
-48.6074183355
-48.1706366684
-47.8062577791
-47.4598027796
-47.0767927783
-46.712413889
-46.3480349996
-46.07469
-46.0393061085
-46.0784466649
-46.2086211109
-46.3760577775
-46.543494444
-46.6378211106
-46.7128094465
-46.7677522224
-46.8427405549
-46.8804666668
-46.8995616668
-46.7172505533
-46.4424911127
-46.5712511109
-46.3405827787
-46.0313899995
-45.6842277777
-45.3198488884
-44.9733938889
-44.6083077773
-44.2073738897
-43.8609188902
-43.5323877803
-43.1673016688
-42.7663677778
-42.4019888919
-42.056241111
-41.7836033336
-41.5482277766
-41.2762972214
-41.0222905559
-40.7496527785
-40.4590911113
-40.113343334
-39.7675955565
-39.4763266672
-39.1119477778
-38.7482761107
-38.4025283334
-38.056780556
-37.7117400009
-37.3666994457
-37.0037349974
-36.6586944457
-36.3143611128
-35.9521038901
-35.5712155555
-35.1544794449
-34.9922138913
-34.8665033359
-34.4129688894
-34.1596694462
-33.8698150012
-33.5620366666
-33.2721822215
-33.0009588885
-32.7290283333
-32.4563905559
-32.1471977767
-31.8372977788
-31.5467361116
-31.2368361103
-30.9269361089
-30.6349600008
-30.2892122235
-29.9434644426
-29.6894577771
-29.6547811079
-29.730476666
-29.879282224
-30.0467188905
-30.2141555535
-30.2712199997
-30.3275772236
-30.3832272218
-30.4395844457
-30.4959416662
-30.4978199987
-30.4989911089
-30.5360099987
-30.5737361106
-30.6480172208
-30.7036672225
-30.7227622225
-30.7788761087
-30.8524500002
-30.9081000019
-30.9816738898
-31.0366166658
-31.0557116693
-31.0196205557
-30.8186783337
-30.5066566657
-30.1215250012
-29.718469447
-29.3340449978
-28.9496205555
-28.5651961098
-28.182186112
-27.7984688885
-27.433382777
-27.0510800014
-26.6874083308
-26.3065199997
-25.9263388907
-25.7103016679
-25.7673661106
-25.8796166669
-26.0456388889
-26.266139999
-26.4135311126
-26.4878122192
-26.5441694431
-26.5646788876
-26.6210361115
-26.5670211116
-26.3115999982
-25.8913277765
-25.4345005565
-25.0328594433
-24.6312183336
-24.2482083357
-23.8472744447
-23.4642644435
-23.118516666
-22.9741750022
-22.7932783332
-22.5206405557
-22.2487100005
-21.957441111
-21.7020200012
-21.4465988877
-21.1001438882
-20.8260916698
-20.4975605529
-20.1511055534
-19.8046505538
-19.4940433337
-19.1655122238
-18.8376883327
-18.4919405554
-18.2006716659
-17.90940278
-17.5995027752
-17.4358227771
-17.292188332
-17.0575200007
-16.8228516694
-16.586061668
-16.2955000008
-15.9870144439
-15.677114446
-15.3858455565
-15.0228811082
-14.6771333343
-14.3679405551
-13.9684211121
-13.5861183331
-13.2403705556
-13.0594738901
-12.897208333
-12.6625399982
-12.427871667
-12.1738650015
-11.901227224
-11.5920344448
-11.2642105572
-10.9363866661
-10.5899316665
-10.224845555
-9.8418355537
-9.47674944215
-9.11166333416
-8.72865333631
-8.34564333503
-7.98055722348
-7.57891611023
-7.15935111068
-6.739078889
-6.52162722179
-6.26903500068
-5.99781166773
-5.67140222109
-5.38154777958
-5.00065944493
-4.69217388802
-4.36505722268
-3.98346166578
-3.62049722442
-3.2754566658
-2.89315389021
-2.52948221961
-2.16510333374
-1.81935555642
-1.45426944487
-1.09059777784
-0.726926110661
-0.346037776017
-0.127878886556
-0.129050000334
-0.222669444638
-0.352843887222
-0.555421110958
-0.722150555246
-0.870956109809
-0.983427223461
-1.05770833366
-1.07680333361
-1.09589833369
-1.11428611138
-1.11474999948
-1.115213891
-1.1529399995
-1.18995888917
-0.989016663755
-0.641854445487
-0.370631108973
-0.353171110772
-0.428159443097
-0.575550556708
-0.705017777037
-0.778591668544
-0.852165556493
-0.888477220484
-0.906865001731
-0.961807777701
-0.998119445249
-1.01721444177
-0.999754443569
-1.03606611112
-1.07237777511
-0.85351166695
-0.505642222869
-0.0839555566841
0.319100000944
0.72215555515
0.867911667018
0.848109444818
0.75449000038
0.587760556092
0.438954998105
0.3274116675
0.289685555577
0.197480555648
0.159754447147
0.159290555624
0.140195552122
0.103176665876
0.0661577796308
0.0112150001028
-0.026511111821
-0.0456061083421
-0.0826250015691
-0.00997888968513
0.281997225439
0.66571444541
1.06806278092
1.47041110945
1.83620444667
2.20270499918
2.56779111072
2.950801112
3.29725611157
3.60786333169
3.95502555694
4.32011166507
4.64864277834
5.01302166421
5.34084555536
5.68659333267
5.90475222213
5.83047110851
5.73685166763
5.58875333532
5.40339277905
5.25458722106
5.12441277848
5.03220777855
4.97726499902
4.97680111106
4.95770611098
4.90300666574
4.86669499819
4.82967611195
4.7740261103
4.71908333077
4.69998833425
4.6636766667
4.64458166676
4.62690111119
4.60780611124
4.57103055559
4.55335000003
4.55359333432
4.55383666847
4.5170611094
4.4441944437
4.38925166774
4.35223277793
4.31592111038
4.29753333269
4.26005055493
4.26029388908
4.22327499928
4.18696333529
4.15065166774
4.13297110875
4.1332144429
4.07827166693
4.07851500109
4.02357222512
3.98726055414
3.93231777818
3.89600611063
3.89554222253
3.85852333286
3.82221166531
3.76656166708
3.72954278084
3.69323110987
3.65621222006
3.61919333382
3.54561944587
3.49067666634
3.43502666469
3.41734610912
3.36240333315
3.34401555533
3.34355166737
3.28885222199
3.23390944602
3.19759777505
3.14336222476
3.08841944181
3.07003166754
3.01508888801
2.96014611205
2.9238344445
2.88681555825
2.85050388728
2.79675500188
2.77836722405
2.77861055478
2.74159166854
2.70528000099
2.65033722502
2.59539444549
2.5770066678
2.55932611223
2.54164555666
2.48670277714
2.39520499946
2.35818611322
2.30324333369
2.30348666442
2.30373000213
2.30326611061
2.26695444306
2.32167666522
2.57780499734
2.96222944655
3.41834944425
3.63792277822
3.61882777827
3.52520833384
3.37781722378
3.19387110847
3.04577277616
2.93493666781
2.89791777801
2.87953000032
2.86043500024
2.84204721899
2.84158333445
2.84111944293
2.80410055668
2.74915777715
2.69375110966
2.74847333182
3.00460166394
3.24351333557
3.2810188867
3.26121666792
3.16759722362
3.05605388945
2.92729389138
2.85371999987
2.77943888625
2.72378888802
2.68677000178
2.63112000013
2.59410111032
2.55708222408
2.50213944113
2.42856555318
2.37362277721
2.31797277898
2.29887777548
2.31704499936
2.66445055534
2.6826177758
2.60833666915
2.4616527778
2.33289277616
2.27865722245
2.18645222252
2.05722833279
2.03954777722
2.00323611323
1.96575333546
1.94736555421
1.94760888837
1.92922111054
2.12945611384
2.51246610813
2.93273833336
3.37093444476
3.58980055648
3.58862944626
3.47708610867
3.32969499862
3.16367278001
2.99765055798
2.85025944437
2.74013055471
2.70381889072
2.68613833516
2.70359833336
2.73827500258
2.73876166747
2.73829777595
2.71990999812
2.68289111188
2.64657944433
2.60956055466
2.59117277684
2.55486111285
2.5364733316
2.5360094435
2.64521055709
2.91926277551
3.30368722471
3.7253738909
4.10979833312
4.54799444466
4.91378777833
5.29821222411
5.70056055606
6.13875666404
6.54039777729
6.90477666659
7.26915555246
7.63424166401
7.96206555516
8.32644444445
8.47220055618
8.41584333228
8.3401477777
8.20855888718
8.04112222064
7.89160944396
7.8166211115
7.76026388759
7.70461388937
7.66688777744
7.61053055696
7.57280444504
7.55370944496
7.51598333304
7.49688833309
7.47779333301
7.42214333137
7.44031055525
7.42050833305
7.36485833482
7.30850111092
7.27218944337
7.21653944514
7.21536833492
7.2149044434
7.14133055545
7.10431166921
7.048661664
6.91990166935
6.8642516677
6.80930888817
6.77299722063
6.75485277709
6.69990999756
6.64567444385
6.59073166432
6.55442000033
6.51740111053
6.49972055496
6.46411611322
6.42734055415
6.37239777818
6.31745499865
6.26251222268
6.24412444486
6.20781277745
6.20734888935
6.1889611081
6.18920444225
6.18874055771
6.17035277646
6.1328699987
6.13311333285
6.09680166886
6.04185888933
5.74895499814
5.3284622191
4.92518611109
4.48535499781
4.02760000179
3.56984499879
3.13001388907
2.65362778107
2.19445833369
1.77255111014
1.33272000042
0.911519999122
0.489612775569
0.0497816658497
-0.390756666125
-0.775401665719
-0.995902775756
-1.0515527774
-1.01616888948
-0.925598887871
-0.890214999946
-0.763090000057
-0.489037778215
-0.086689442707
0.332875553289
0.752440556267
1.22648444369
1.70052833467
2.15664833237
2.55828944563
3.01511666558
3.45331277698
3.87358500221
4.29314999821
4.69408388921
5.05775555638
5.14691111006
5.07121555548
4.92241000091
4.79152833265
4.60616777638
4.45736222182
4.30926388951
4.21776611184
4.18145444429
4.47225944563
4.87390055546
5.33072777884
5.75100000052
6.17127222233
6.57291333202
6.92007555385
7.28586888765
7.65166222488
8.01674833643
8.21769055486
8.47240444261
8.76367333205
9.0370183352
9.34691833306
9.65681833093
9.98464222208
10.2945422234
10.6409972229
11.0605622225
11.4249411118
11.7900272233
12.2095922229
12.6105261139
13.0114599979
13.428196112
13.8104988876
14.1928016666
14.557180556
14.8298183334
15.1562277766
15.4826372232
15.7904155545
16.0989011114
16.4253105546
16.7517200012
17.0967605564
17.4418011115
17.768917777
18.1146655543
18.4417822232
18.7688988921
19.1139394437
19.4403488903
19.7846822233
20.1103844442
20.4181627789
20.7266483324
21.0172099996
21.1249966652
21.1768900019
21.375003335
21.5731166681
21.7898611097
22.0073127804
22.2075477802
22.4808927763
22.7714544435
23.062723333
23.3898399983
23.7169566672
24.0447805548
24.3912355579
24.7921694455
25.1744722245
25.5567750001
25.9018155552
26.2654872223
26.5940183322
26.7025122235
26.8819944447
27.0994461084
27.3355288876
27.6074594464
27.9510855571
28.2237233345
28.5329161102
28.8972949995
29.2803050007
29.6640222208
30.0291083324
30.4128255524
30.8144666656
31.2340316686
31.6170416664
31.963496666
32.3823544467
32.7281022206
32.9641849998
33.0891883331
33.5764488888
33.8297483321
34.1203099993
34.4101644442
34.7724216669
35.1167549998
35.4603811105
35.7681594452
36.0759377764
36.3478683316
36.6742777748
36.9820561095
37.3256822237
37.6162438909
37.9254366665
38.216705556
38.5438222213
38.6716544469
38.7973649988
39.0506644421
39.2494850008
39.5034916663
39.7574983318
40.0115050007
40.2827283338
40.5919211094
40.9004066663
41.1916755558
41.5374233331
41.8286922225
42.1744399999
42.5194805551
42.827966112
43.1737138893
43.5366783342
43.8810116671
44.1529422224
44.2965766675
44.531952221
44.7852516678
45.0213344469
45.2753411124
45.5286405557
45.8005711109
46.1090566644
46.3996183316
46.6722561124
46.9814488916
47.2727177775
47.5639866669
47.8552555528
48.183079444
48.5109033316
48.8200961107
49.1285816677
49.4736222193
49.6538116661
49.5967472235
49.4665727774
49.3363983314
49.1324066667
49.0208633325
48.9465822223
48.9088561104
48.8166511104
48.7789249985
48.7605372207
48.7407349985
48.721640002
48.6846211088
48.6476022225
48.5733211089
48.5363022226
48.4985761141
48.4615572209
48.4424622244
48.4068577791
48.4063938876
48.387298891
48.3689111098
48.3139683338
48.2396872236
48.2026683304
48.1470183322
48.0720300033
48.1081211135
48.3456183336
48.6762711136
49.0979577798
49.4830894443
49.8488827745
50.2325999981
50.5976861096
50.8896622212
51.1816383329
51.4729072222
51.453105
51.3236377797
51.1569083354
50.9715477757
50.8413733331
50.7298300025
50.6928111093
50.6185299991
50.5635872231
50.5079372249
50.4709183316
50.4525305574
50.4334355539
50.4329716693
50.523541664
50.7975938894
51.217866111
51.6195072243
52.0204411119
52.275155003
52.2926150012
52.2362577773
52.0702355553
51.922137223
51.7554077787
51.6252333361
51.5695833309
51.5318572224
51.5858722223
52.314630001
52.7886738885
53.2634249981
53.6836972234
54.0853383331
54.4676411087
54.8327272202
55.1612583301
55.3256455573
55.5072494451
55.7440394465
55.9442744463
56.1452166683
56.4006377747
56.6739827778
56.9473277776
57.2206727771
57.5305727786
57.8404727764
58.1682966676
58.4961205552
58.8239444428
59.1696922236
59.4982233335
59.8260472211
60.2083500001
60.5548050032
60.9378149975
61.3029011091
61.4658738884
61.3316994432
61.1821866665
61.0319666674
60.8253894446
60.8062944445
60.7140894411
60.6591466652
60.6221277789
60.5844016634
60.4719305568
60.3976494466
60.3415355568
60.3045166671
60.2495738876
60.2311861133
60.2307222218
60.193703332
60.1566844458
60.1196655561
60.0640155543
60.0090727784
59.9906849971
59.9902211126
59.9890499988
59.9520311125
59.9150122229
59.8772861108
59.8768222228
59.8591416673
59.8037349998
59.7473777793
59.6945566665
59.6761688887
59.6577811109
59.6214694469
59.5854011101
59.5490894425
59.4941466666
59.4757588887
59.4752950008
59.4576144452
59.4205955554
59.4208388897
59.3658961102
59.3102461119
59.255303336
59.2003605564
59.1640488889
59.1088855557
59.0718666659
59.0534788881
59.0343838881
59.0346272223
58.9796844463
58.9247416668
58.8877227771
58.8514111096
58.7964683336
58.760156666
58.7052138901
58.6689022225
58.5960355568
58.559016667
58.5399216671
58.5036099995
58.4672983355
58.412355556
58.3760438885
58.3017627784
58.2647438886
58.2284322246
58.2473066638
58.4303249995
58.7237155555
59.0909233337
59.5126099999
59.9156655541
60.3187211119
60.6852216678
61.0330911119
61.4361466661
61.802647222
62.1870716678
62.57149611
62.9731372233
63.3561472245
63.5936444447
63.6283211105
63.5519183336
63.4024055568
63.2528927766
63.0847488879
62.9904222248
62.9512816684
62.9494033325
62.9303083324
62.854856112
62.798498888
62.7607727795
62.7051227779
62.6867350001
62.6683472223
62.6492522223
62.6122333361
62.5938455548
62.5568266686
62.5384388907
62.5386822215
62.5202944437
62.4835188881
62.4472072206
62.3922644446
62.3193977789
62.2830861114
62.2288505541
62.2104627798
62.1741511123
62.1378394447
62.1015277808
62.0838472218
62.0661666662
62.0664100003
62.0300983328
62.030341667
61.9940299995
61.9584255577
61.9034827747
61.8492472244
61.8315666689
61.7945477756
61.7212172218
61.6856127765
61.6493011126
61.5757272246
61.5387083314
61.4837655554
61.4288227759
61.4290661136
61.3743666648
61.5753088902
61.8500683309
61.9234216684
61.9036194462
61.7927833343
61.663316114
61.5718183328
61.4989516671
61.4440088911
61.4069899979
61.3878950014
61.3329522218
61.2968838886
61.2784961108
61.2049222228
61.1499794468
61.1129605536
61.1311277775
61.2955149978
61.6426772196
61.879467221
61.9514061107
61.8771250005
61.7662888887
61.6368216648
61.5274000008
61.4552405538
61.3630355539
61.325309442
61.3062144455
61.26943889
61.2883133325
61.5444416682
61.89160389
62.27532111
62.6231905541
62.9889838913
63.3361461131
63.5550122249
63.5179933316
63.406450001
63.2590588874
63.0923294431
62.9628622228
62.8513188886
62.7784522229
62.7600644417
62.7223383332
62.7039505589
62.6313272204
62.5763844444
62.5400727769
62.6858288922
62.9605883363
63.3457200008
63.8032544464
64.1504166682
64.2044316681
64.1301505545
64.0186072203
63.851877776
63.703072225
63.6280838891
63.5724338909
63.4809361097
63.5170272234
63.7545244436
64.0837627757
64.4674799992
64.8511972192
65.1997738889
65.5841983312
66.0051777751
66.4261572226
66.8098744425
67.1756677763
67.266237778
67.1912494455
67.0603677772
66.875007221
66.7254944443
66.5939055538
66.536841111
66.4998222214
66.4434650009
66.4236627787
66.3654272223
66.3463322222
66.2906822206
66.2171083326
66.1614583344
66.1244394412
66.0867133327
66.0485233327
65.975656667
65.7006766655
65.3540011121
64.9335083331
64.4950916677
64.0373366647
63.561657779
63.0859788863
62.6289311125
62.1346211112
61.6782805527
61.221232779
60.7648922239
60.2712894449
59.7970250001
59.322053333
58.8284505541
58.3721099991
57.9516172234
57.8042261134
57.7837166689
57.8514122217
57.921936667
58.0283088881
58.0629855539
58.0245522232
57.986118889
57.9118377754
57.8554805549
57.799123331
57.7793211088
57.7602261123
57.7590549985
57.7399599986
57.7022338901
57.6831388866
57.6274888883
57.5718388901
57.5527438902
57.4970938884
57.4600749987
57.4230561125
57.3674061107
57.330387221
57.2568133331
57.2018705535
57.1469277776
57.0740611119
57.0370422221
57.0000233324
56.9995594443
56.9804644444
56.9441527768
56.870822223
56.8165866657
56.7802750017
56.7062372223
56.669218336
56.6321994428
56.613811665
56.5954238907
56.5591122232
56.5034622215
56.4836599993
56.4466411095
56.4275461096
56.409865554
56.3907705575
56.371675554
56.298101666
56.2610827798
56.2054327781
56.1698283363
56.1521477773
56.1144216688
56.1139577772
56.1328322234
56.0958133336
56.0408705542
55.9859277782
55.9489088884
55.9118900022
55.8927949987
55.8744072244
55.8380955568
55.8197077756
56.0199427753
56.3305500024
56.7515294464
57.1897255543
57.6272144436
58.0639961106
58.4462988897
58.7748299995
58.8840311131
58.8463049976
58.7168377773
58.5508155553
58.3661622212
58.199432777
58.125858889
58.0709161095
58.0338972232
58.0699883334
58.0690605574
58.0506727761
58.0136538899
57.9773422223
57.9037683344
57.8667494446
57.8118066652
57.7747877789
57.7019211097
57.6649022234
57.5734044457
57.5163399996
57.4979522218
57.4967811115
57.4783933337
57.4234505578
57.3871388868
57.3501200005
57.3317322227
57.2584016655
57.2213827792
57.1843638894
57.1107900015
57.0924022202
57.0381666665
56.9841744434
56.9657866691
56.9483494443
56.9299616665
56.8936499989
56.874554999
56.8561672212
56.8564105553
56.8200988913
56.7474755528
56.6925327768
56.6368827786
56.6184950008
56.6001072231
56.618274447
56.563331664
56.5456511085
56.5272633342
56.5267994427
56.5077044462
56.4893166683
56.4522977787
56.4159861111
56.4155222196
56.3785033333
56.3049294454
56.2865416676
56.2315988916
56.1945799984
56.1761922241
56.1570972206
56.1200783344
56.0837666668
56.0833027753
56.083546113
56.0651583352
56.0288466642
55.9739038882
55.9189611087
55.846094443
55.7732277807
55.7555472218
55.7006044422
55.6642927782
55.6272738884
55.5723311125
55.553236109
55.5355555534
55.5171677791
55.4801488859
55.4617611116
55.4068183321
55.3518755561
55.3148566699
55.2419900006
55.1870472247
55.1693666691
55.1144238861
55.0781122222
55.0413366665
55.0236561145
54.9687133315
54.9503255537
54.8953827777
54.8411472205
54.7862044445
54.7864477787
54.7508433334
54.7324555557
54.7150183343
54.6438094437
54.6440527778
54.644296112
54.6079844444
54.553041665
54.5353611095
54.5356044436
54.4990722223
54.4441294463
54.3526316651
54.2976888891
54.3165633352
54.3347305557
54.3163427779
54.2979550002
54.2795672224
54.2425483361
54.2062366651
54.205772777
54.1687538908
54.1503661095
54.1319783353
54.0949594455
54.0758644455
54.039552778
54.0032411104
53.9662222208
53.9292033345
53.874260555
53.819317779
53.8009299978
53.7639111115
53.7648616679
53.7464738901
53.7460099986
53.7089911123
53.6719722191
53.6356605551
53.5807177756
53.5444061116
53.4901705543
53.4352277784
53.3802849988
53.3618972246
53.306954445
53.2706427811
53.2336238878
53.1973122203
53.1430766666
53.1246888887
53.087206111
53.0508944434
53.0145827794
52.9789783341
52.9247427769
52.8339522215
52.7424544472
52.669587778
52.59601389
52.5776261088
52.5599455567
52.5229266669
52.467983891
52.4130411114
52.3774366661
52.3411250022
52.1937338885
51.8829061112
51.4624133356
51.040506112
50.5999677766
50.1959844428
49.8844494432
49.8481377756
49.9021527755
50.0120611114
50.0847072233
50.1394294419
50.1568894436
50.1198705538
50.0828516676
50.0823877761
50.0640000018
50.0269811086
50.0085933343
50.0088366685
49.9904488872
50.0265400008
50.0798477786
50.0973077768
50.078919999
49.8218638872
49.6027772217
49.2367633341
48.834901667
48.3778538897
47.9028822227
47.4279105556
46.9529388887
46.4600433319
45.9664405565
45.4728377774
44.9971588917
44.521479999
44.0271700012
43.5507838898
43.0550594442
42.6331522206
42.4305750003
42.1900283339
41.9136338881
41.6379466679
41.3063661118
40.9934166677
40.6818816645
40.3151605546
39.9663633311
39.6727522212
39.3432933317
38.9944961117
38.6091438898
38.2603466663
37.9301805581
37.5813833345
37.2146622247
36.8486483301
36.4640033305
36.1338372223
35.9864461123
35.7286827748
35.4716266667
35.1780155532
34.8292183331
34.4804211095
34.1309166672
33.7641955574
33.4340294422
33.0307533342
32.6640322243
32.3166494451
31.9320044421
31.5108044442
31.1261594448
30.7415144452
30.3210216696
29.8998216683
29.4614049995
29.1140222203
28.7659322224
28.3633633331
27.9421633354
27.5216705563
27.0452844448
26.5875294453
26.1297744423
25.6533883343
25.1956333349
24.6826922252
24.2055988915
23.7829844423
23.36037
22.9370483321
22.5151411121
22.1118650005
21.6534027788
21.2322027775
20.810295554
20.6256422235
20.6044255568
20.6563188901
20.7454744438
20.8339227787
20.8678922222
20.8660138863
20.8455044418
20.807071111
20.7514211094
20.6585088908
20.5835205549
20.5637183327
20.5453305549
20.4710494447
20.1781455535
19.7942077761
19.3737150005
18.9338838908
18.5133911117
18.3480761084
18.3282738896
18.3450266657
18.436303886
18.4910261116
18.5457483338
18.5639155542
18.5261894457
18.5257255542
18.4894138902
18.4703188867
18.4698550022
18.4514672209
18.3767222192
18.3583344449
18.3213155551
18.2838327773
18.1916277774
18.0814988878
17.8072261121
17.4412122209
17.0565672213
16.6525838911
16.2299694454
15.8066477775
15.4205883334
15.0352361081
14.6326672222
14.1928361125
13.7350811095
13.3138811117
12.9106050002
12.4714811091
12.0309427772
11.6283738879
11.2071738866
10.8046049972
10.5855183351
10.5112372215
10.527990001
10.6178527804
10.6711605546
10.687449446
10.6683544461
10.6127044443
10.5018683359
10.3917394463
10.3367966667
10.2632227754
10.2434205566
10.2795116668
10.2790477752
10.260660001
10.2236411112
10.2052533335
10.1316794455
10.0760294438
10.0390105541
10.0206227763
10.0201588883
9.98313999849
9.92749000027
9.89117833272
9.81760444477
9.76266166538
9.70771888585
9.67140722186
9.61646444233
9.57944555609
9.5983199988
9.57993222097
9.52618333557
9.4898716646
9.45355999705
9.41724833306
9.41749166721
9.39910388939
9.3627922254
9.34511166641
9.29016888688
9.29041222103
9.25410055704
9.23500555354
9.21661777928
9.18125666814
9.18079277661
9.14377389037
9.10746222282
9.07044333315
9.0341316656
8.97918888963
8.96150833406
8.90585833584
8.86954666829
8.79597278034
8.75895388712
8.74056611285
8.7042544453
8.66723555563
8.6280949992
8.60970722137
8.57268833513
8.51703833348
8.48072666593
8.40739611214
8.40693222061
8.38854444635
8.3701566651
8.33313777886
8.33338111301
8.29636221978
8.26005055579
8.24237000022
8.16950333097
8.13248444473
8.07754166876
8.04193722346
7.98699444394
7.91342055599
7.87710888844
7.84008999877
7.85825722265
7.8398694414
7.80380111157
7.73093444231
7.69462277832
7.6762350005
7.56588555704
7.51094277751
7.45529277586
7.40034999989
7.36403833234
7.34565055452
7.30816777675
7.27256333146
7.23625166747
7.21739999812
7.18108833413
7.14477666658
7.07215333504
7.01721055551
6.97948444359
6.9431727796
6.90686111205
6.86984221882
6.81443555475
6.75878555311
6.74039777884
6.740641113
6.74088444373
6.70386555392
6.68547777966
6.62982777801
6.55696111218
6.50201833279
6.46499944298
6.42868777899
6.39166888919
6.3553572252
6.29995055771
6.24500777818
6.19006500221
6.15375333466
6.11673444499
6.06274222187
6.02572333563
5.9887044424
5.89720666473
5.8788188869
5.84180000066
5.82341221941
5.82294833487
5.80456055362
5.76824888607
5.74986111181
5.73076610831
5.67511611008
5.65672833581
5.60178555629
5.60202888702
5.58434833145
5.53011277774
5.45653888623
5.43885833422
5.4570255581
5.69452277823
6.02376111034
6.44544777652
6.86642722045
7.26877555596
7.63456888621
8.01828610973
8.38266499903
8.7284127799
9.03831277777
9.33028888591
9.64018889076
9.98593666465
10.3316844455
10.6595083331
10.9314388883
10.8571577781
10.7269833321
10.5788849998
10.3583838898
10.174437778
10.0456777764
9.99073500041
9.95371611061
9.95325221908
9.95278833454
9.93510777897
9.93464388745
9.89762500121
9.89716110968
9.86084944569
9.82383055589
9.80615000032
9.78705500037
9.78729833453
9.76820333459
9.71350388921
9.6592683355
9.64041666615
9.60339777991
9.56708610893
9.54869833467
9.49375555514
9.45673666889
9.42042500135
9.4020372201
9.36596889026
9.29310222101
9.25608333477
9.20184777749
9.1655361135
9.12851722028
9.09220555628
9.07381777846
9.03679888879
8.99977999899
8.96276111274
8.92574221952
8.92669277593
8.88967388968
8.78025222228
8.45079333281
8.04963889143
7.59259111068
7.11691222138
6.65915722194
6.22074055659
5.80024777755
5.30664500208
4.92341444344
4.52226000206
4.15766055539
4.06686999997
4.06569888962
4.13693055357
4.2633483312
4.35321111056
4.35274722259
4.35157610881
4.31385000031
4.25819999866
4.18462611071
4.12897611249
4.12921944665
4.09290777567
3.57950277445
3.23211999881
2.79228888909
2.35245777924
1.91262666952
1.5652438869
1.41785278027
1.08627222075
0.792661110728
0.481126111118
0.133036113228
-0.215053888086
-0.600406109936
-1.02160611123
-1.42488222281
-1.8467894428
-2.26869666978
-2.67197277779
-3.07454166711
-3.53229666669
-3.99075888839
-4.44922111009
-4.86971388913
-5.32817611083
-5.78593111041
-6.0788350016
-6.19108555788
-6.15640888865
-6.0665461093
-5.94083555392
-6.05025722132
-6.34316111251
-6.7278061121
-7.07660333225
-7.51714166764
-7.9390488912
-8.36095611119
-8.74560111079
-9.14746277785
-9.56866277915
-9.93396944451
-10.29927611
-10.7018449993
-11.0850755544
-11.4138272216
-11.5977733334
-11.8913844468
-12.185702779
-12.5165761128
-12.8660805586
-13.2148777788
-13.5629677801
-13.9289816677
-14.3136266673
-14.6610094429
-15.0442400016
-15.4647327772
-15.8665944443
-16.2870872233
-16.7255038886
-17.1639205574
-17.6209683347
-18.1145711102
-18.552987779
-18.9921116666
-19.3946805559
-19.8158805572
-20.2736355566
-20.6955427802
-21.1353738899
-21.5759122219
-22.0343744436
-22.4935438875
-22.9706372212
-23.4298066652
-23.8710522194
-24.3302216633
-24.771467221
-25.1940816668
-25.6346199988
-26.019972224
-26.4598033338
-26.9203872222
-27.3422944422
-27.6545366641
-27.748156112
-27.9707788886
-28.3016522225
-28.5966777769
-28.909627221
-29.2770555565
-29.5706666664
-29.8635705576
-30.2116605555
-30.5597505534
-30.9257644444
-31.2924855543
-31.6584994455
-32.0424372228
-32.4822683325
-32.9041755561
-33.3074516677
-33.6920966672
-34.0760344446
-34.296535558
-34.3894477767
-34.6099488867
-34.829742778
-35.1419849999
-35.4714438892
-35.8560888888
-36.2586577782
-36.6977816658
-37.1541222243
-37.6290938913
-38.1219894445
-38.6335161133
-39.1450427785
-39.6565694438
-40.1688033347
-40.6631133324
-41.1753472198
-41.6875811108
-42.1639672223
-42.385175558
-42.6443533363
-42.9393788907
-43.2523283349
-43.6197566668
-43.968553887
-44.3359822225
-44.7206272221
-45.1239033337
-45.5271794417
-45.9304555567
-46.3337316683
-46.6811144439
-47.0664666658
-47.4876666671
-47.8909427751
-48.3121427764
-48.7140044435
-49.1352044448
-49.4460322222
-49.629978334
-49.9242966661
-50.1992766676
-50.5115188895
-50.8782399993
-51.2449611092
-51.5751272208
-51.9791105546
-52.3830938883
-52.8050011119
-53.1710149995
-53.5742911111
-53.9775672191
-54.3622122221
-54.3454594462
-54.1846083336
-54.3900144426
-54.7015494458
-54.9951605557
-55.3260338861
-55.6748311097
-56.0974455555
-56.4641666688
-56.8308877787
-57.2155327747
-57.6188088897
-58.0227922235
-58.4081444418
-58.8121277791
-59.1788488889
-59.6193872209
-60.0420016666
-60.4459850004
-60.8320444444
-60.9801427802
-61.2192749987
-61.4949622224
-61.8072044443
-62.1187394439
-62.4489055556
-62.8335505586
-63.1816405565
-63.5669927748
-63.9344211104
-64.3011422202
-64.6499394438
-65.0345844434
-65.4199366687
-65.6590688907
-65.9706038903
-66.3007699985
-66.649567222
-66.9424711098
-67.2719299991
-67.6379438903
-68.0039577779
-68.4072338895
-68.7911716668
-69.1571855545
-69.5790927779
-70.0002927758
-70.440123889
-70.7516588886
-70.952821668
-71.2457255556
-71.5744772228
-71.8666738884
-72.1954255556
-72.5786561107
-72.9805177777
-73.4189344431
-73.8759822238
-74.2957677772
-74.7521083322
-75.2822661094
-75.7744544439
-76.285273887
-76.5416227765
-76.7807550019
-77.1123355545
-77.4811783345
-77.8306827768
-78.2712211123
-78.6752044426
-79.0978188883
-79.5383572238
-79.979602778
-80.401509998
-80.823417225
-81.3005105553
-81.740341665
-82.1801727783
-82.6386349999
-83.059127779
-83.5348066647
-83.9739305558
-84.1951388915
-84.2135266657
-84.1595116658
-84.0503105558
-83.9776644439
-83.9415733337
-83.9054822236
-83.9425011098
-83.9788127774
-83.997200555
-84.0521433346
-84.0712383345
-84.0717022226
-84.0900899969
-84.1264016679
-84.126865556
-84.2001961132
-84.2178766687
-84.236264443
-84.2360211089
-84.2730400021
-84.3100588883
-84.3650016679
-84.4378683335
-84.4376249994
-84.4560127771
-84.4736933326
-84.5100050002
-84.5463166677
-84.5639972233
-84.5823849976
-84.6007727788
-84.6191605567
-84.6375483309
-84.6552288899
-84.7280955557
-84.7644072232
-84.6372822234
-84.6011911097
-84.6195788875
-84.6379666687
-84.6742783327
-84.7105900003
-84.7655327798
-84.8391066677
-84.8940494437
-84.9303611113
-84.9301177805
-84.9671366668
-84.9668933326
-84.9852811139
-85.0402238898
-85.1324288898
-85.1873716657
-85.2243905555
-85.2434855555
-85.2439494436
-85.2444133316
-85.2993561111
-85.3722227768
-85.4099488887
-85.4469677785
-85.4839866647
-85.5389294443
-85.6301838912
-85.6858338894
-85.7594077774
-85.7957194449
-85.8506622209
-85.8869738885
-85.9232855524
-85.9588899977
-85.9952016653
-86.0315133328
-86.1041366678
-86.1583722251
-86.1946838891
-86.1765166652
-86.1762733345
-85.920852221
-85.5550588908
-85.1333722212
-84.693054443
-84.2720749991
-83.8510955552
-83.4853022213
-83.1008777791
-82.7530083316
-82.3692911081
-82.2235349998
-82.2798922237
-82.4100666663
-82.5760888883
-82.7428183326
-82.8357305548
-82.8920877787
-82.9111827752
-82.9661255547
-83.0217755564
-83.0215322222
-83.0389694471
-83.093912223
-83.1302238906
-83.1658283359
-83.2021399999
-83.2384516674
-83.2568394452
-83.2929077785
-83.2926644443
-83.3289761119
-83.3839188879
-83.4388616674
-83.4565422194
-83.5107777767
-83.5105344459
-83.5468461135
-83.6017888894
-83.6925794414
-83.7840772227
-83.8017577782
-83.83736222
-83.8729666653
-83.8734305568
-83.8925255533
-83.9288372209
-84.0024111088
-84.0200916678
-84.0384794456
-84.0752550011
-84.1478783327
-84.2386688882
-84.3115355539
-84.3851094419
-84.4400522214
-84.4942877751
-84.5126755564
-84.5310633342
-84.5673749982
-84.6409488897
-84.6586294417
-84.6949411093
-84.7491766665
-84.7854883305
-84.8210927758
-84.8387733314
-84.8937161109
-84.9479516646
-84.9842633322
-85.0384988894
-85.092491109
-85.0922477783
-85.1285594458
-85.1469472201
-85.163920557
-85.2002322209
-85.1813577782
-85.2169622201
-85.2346427757
-85.2343994449
-85.2707111125
-85.3063155578
-85.3419199995
-85.3603077773
-85.4506116644
-85.486923332
-85.541866108
-85.559546667
-85.5583527764
-85.5946644439
-85.6309761115
-85.6486566671
-85.7028922208
-85.7392038883
-85.7927322233
-85.8469677771
-85.9012033343
-85.9919938899
-86.0283055539
-86.0108455557
-86.0113094436
-86.0469138889
-86.1018566685
-86.1381683324
-86.17448
-86.2473466692
-86.2657344435
-86.2841222213
-86.3018027803
-86.3015594462
-86.3378711102
-86.356258888
-86.4291255537
-86.464729999
-86.5010416665
-86.5380605562
-86.556448334
-86.6297788878
-86.6488738878
-86.6851855553
-86.7214972229
-86.7585161091
-86.813458892
-86.8863255543
-86.9226372219
-86.9775800013
-87.0145988875
-87.069541667
-87.124484443
-87.1794272225
-87.2343699985
-87.2713888917
-87.289776666
-87.3631072198
-87.4173427771
-87.472285553
-87.5458594444
-87.6008022239
-87.8019649997
-88.2224577754
-88.7361061107
-89.2131994444
-89.6902927781
-90.1659716674
-90.6416505566
-90.9159233323
-90.971573334
-90.9354822238
-90.8076500018
-90.7156655557
-90.6616505558
-90.6269738901
-90.6632855541
-90.7182283336
-90.7552472233
-90.8288211112
-90.8472088891
-90.9028588873
-90.9033227788
-90.8856194429
-90.9047144464
-90.9789955566
-91.2905305562
-91.6744683336
-92.0584061109
-92.4803133345
-92.9208516664
-93.324127778
-93.7080655553
-94.1292655566
-94.6049444424
-95.0999616658
-95.5591311097
-95.9444833316
-96.2932805552
-96.7151877787
-97.1191711124
-97.5604166666
-98.0195861106
-98.4235694478
-98.8634005541
-99.3397866656
-99.7789105566
-100.237372778
-100.65857278
-101.079065555
-101.536820555
-101.902834446
-102.031594444
-102.014134446
-101.904933332
-101.832994442
-101.870720554
-102.108438335
-102.437897221
-102.803911109
-103.170632222
-103.591832224
-104.030956111
-104.45144889
-104.871941669
-105.310358335
-105.530152222
-105.585802224
-105.551125555
-105.461262775
-105.372814444
-105.320213889
-105.35794
-105.450145
-105.523718888
-105.57936889
-105.617095002
-105.636189999
-105.63665389
-105.637117778
-105.637581666
-105.893930556
-106.278575555
-106.736330555
-107.175454442
-107.651840554
-108.127519446
-108.584567224
-109.004352777
-109.424845556
-109.900524442
-110.303093331
-110.742924444
-111.164831664
-111.549476667
-111.678236666
-111.91807611
-112.231025554
-112.543974998
-112.874848332
-113.223645555
-113.553811664
-113.938456667
-114.305177777
-114.671191668
-115.092391665
-115.458405557
-115.823712222
-116.245619442
-116.611633333
-116.959016112
-117.325737222
-117.692458332
-118.077103332
-118.481793887
-118.866438887
-119.251083887
-119.635021664
-119.982404443
-120.38426611
-120.805466112
-121.172187221
-121.556124999
-121.86695278
-122.196411666
-122.581763887
-122.967823331
-123.353882779
-123.720603889
-124.086617776
-124.471970002
-124.819352777
-125.185366669
-125.587935554
-125.990504444
-126.374442224
-126.757672776
-127.160241665
-127.362111667
-127.619875001
-127.877638331
-128.171249445
-128.502122779
-128.850920002
-129.236979443
-129.64096278
-130.063577222
-130.468267778
-130.834988888
-131.256896112
-131.679510557
-132.102125
-132.524739445
-132.984616111
-133.369968333
-133.498728331
-133.793046667
-134.068733887
-134.343713889
-134.636617776
-134.984707778
-135.333505001
-135.664378335
-135.939358333
-136.269524445
-136.619028887
-136.98575
-137.260022776
-137.589481669
-137.973419446
-138.339433334
-138.705447222
-139.072168332
-139.401627224
-139.493124999
-139.67707111
-139.896864998
-140.115951667
-140.446117779
-140.776283887
-141.143005
-141.509018888
-141.892956669
-142.313449444
-142.715311112
-143.098541667
-143.573513334
-144.048485001
-144.523456664
-144.979797223
-145.455476112
-145.894600003
-146.370278889
-146.772140556
-147.010565556
-147.359362776
-147.707452777
-148.092804999
-148.460233334
-148.882140554
-149.286123888
-149.708031112
-150.185124442
-150.643586667
-151.084124999
-151.524663335
-151.927939446
-152.367770556
-152.788970557
-153.191539443
-153.612032222
-153.995969999
-154.271657223
-154.547344443
-154.859586665
-155.134566667
-155.48336389
-155.814237224
-156.200296665
-156.54980111
-156.879967222
-157.228057223
-157.557516113
-157.86834389
-158.252281668
-158.581740554
-158.911906669
-159.260703889
-159.59087
-159.938960002
-160.324312224
-160.617923333
-160.692911666
-160.658235
-160.513186114
-160.386768333
-160.315536666
-160.316707779
-160.335802776
-160.409376664
-160.446395557
-160.502045555
-160.539064441
-160.576790557
-160.577254445
-160.577718333
-160.596813333
-160.597277221
-160.633588889
-160.70716278
-160.725550554
-160.72530722
-160.743695001
-160.780713888
-160.799101665
-160.817489447
-160.835877221
-160.891283888
-160.910378888
-160.965321664
-161.020264444
-161.038652222
-161.03911611
-161.057503891
-161.112446667
-161.168096665
-161.223039445
-161.295198888
-161.350141668
-161.369236668
-161.368993333
-161.497973889
-161.589471667
-161.626490556
-161.626247222
-161.643927778
-161.643684447
-161.679996111
-161.716307779
-161.734695556
-161.77100722
-161.806368335
-161.842680003
-161.93298389
-161.987926666
-162.024238333
-162.07847389
-162.096154442
-162.168070555
-162.185751111
-162.204138892
-162.222526666
-162.258131112
-162.257887778
-162.256937221
-162.293248889
-162.311636666
-162.348655556
-162.421522222
-162.457833889
-162.494145557
-162.493902223
-162.51229
-162.548358334
-162.566038889
-162.565795559
-162.602107223
-162.674973892
-162.729209442
-162.784152225
-162.802539999
-162.893551109
-162.912646112
-162.948957776
-163.003900556
-163.04021222
-163.058600001
-163.094911669
-163.112592224
-163.13027278
-163.148660554
-163.148417223
-163.203359999
-163.258302779
-163.295321665
-163.332340558
-163.350728333
-163.424302224
-163.441982776
-163.479708892
-163.516020556
-163.552332223
-163.589351109
-163.644293889
-163.753715556
-163.790027224
-163.808414998
-163.844726666
-163.863114447
-163.900133333
-163.918521111
-163.97346389
-164.009775558
-164.064718334
-164.10173722
-164.101493886
-164.137805557
-164.174117224
-164.192504999
-164.247447778
-164.283759442
-164.338702222
-164.356382777
-164.410618331
-164.429006112
-164.428762778
-164.446443334
-164.464123889
-164.500435553
-164.536747221
-164.590982778
-164.645218332
-164.699453889
-164.717134445
-164.771370002
-164.807681666
-164.88101222
-164.899400001
-164.917080557
-164.89820611
-164.916593892
-164.989217223
-165.007605001
-165.025285557
-165.062304446
-165.080692224
-165.080448886
-165.134684444
-165.170996111
-165.225938887
-165.262250555
-165.317193334
-165.353505002
-165.408204443
-165.425884999
-165.462196667
-165.499215556
-165.554158336
-165.608393889
-165.608150555
-165.626538333
-165.662142778
-165.698454442
-165.73476611
-165.789001667
-165.843944443
-165.880963336
-165.880719999
-165.899107777
-165.935419444
-166.026673891
-166.082323889
-166.137266665
-166.155654443
-166.210597219
-166.228985
-166.30185167
-166.356794445
-166.393813332
-166.448048889
-166.465729445
-166.48458111
-166.53952389
-166.539280556
-166.575592223
-166.611903891
-166.684770556
-166.739713336
-166.776732222
-166.813751108
-166.850062776
-166.885667221
-166.959705001
-166.975971112
-166.95851111
-166.993872225
-167.046913888
-167.064594443
-167.118122778
-167.154434446
-167.20867
-167.263612779
-167.336479445
-167.372791113
-167.427026666
-167.444707225
-167.444463888
-167.426296667
-167.426760555
-167.444441111
-167.443490554
-167.443247224
-167.461635002
-167.497946666
-167.534258333
-167.589201109
-167.644143889
-167.698379442
-167.73469111
-167.771002777
-167.84409
-167.88110889
-167.934637222
-167.989579998
-168.026598891
-168.099222222
-168.11761
-168.190233332
-168.263099997
-168.336673889
-168.372985553
-168.409297224
-168.427685002
-168.428148886
-168.502186666
-168.556422223
-168.629996111
-168.649091111
-168.667478889
-168.703790556
-168.740809446
-168.812725555
-168.849037223
-168.867425001
-168.904443887
-168.922124442
-168.939804998
-168.992846668
-168.973972222
-169.028207779
-169.101074445
-169.155310002
-169.190914448
-169.227226112
-169.264245001
-169.299849447
-169.29889889
-169.353134444
-169.370815
-169.425050557
-169.406176111
-169.442487778
-169.496236667
-169.513917223
-169.531597778
-169.60422111
-169.658456667
-169.694768335
-169.749003888
-169.766684444
-169.91266111
-170.240705554
-170.586673889
-170.988535556
-171.39039722
-171.810889999
-172.363922221
-172.783707778
-173.240048333
-173.677757776
-174.134098331
-174.571807775
-175.028148333
-175.48519611
-175.960167777
-176.453770553
-176.838415556
-176.96788278
-177.007730555
-176.955837222
-176.866681668
-176.814081109
-176.873023888
-176.929381112
-177.003662222
-177.060019446
-177.079821664
-177.136178888
-177.173905
-177.211631112
-177.248650002
-177.285668888
-177.322687778
-177.341782778
-177.396725558
-177.433744444
-177.453303332
-177.471691113
-177.526633889
-177.563652779
-177.637226667
-177.674245556
-177.728944998
-177.765256666
-177.820199442
-177.893066111
-177.948008887
-178.112616668
-178.441368335
-178.843229999
-179.263722778
-179.702139443
-180.159187224
-180.414828891
-180.489110001
-180.472357222
-180.400418332
-180.310555556
-180.256540557
-180.220449446
-180.184358336
-180.240008334
-180.240472222
-180.295415002
-180.332433888
-180.368745556
-180.368966109
-180.405984999
-180.497239446
-180.534258332
-180.808531112
-181.136575553
-181.519806112
-181.940298891
-182.361498889
-182.801330002
-183.241161108
-183.680992221
-184.065637225
-184.46820611
-184.888698889
-185.327822777
-185.730391666
-186.17022278
-186.573498891
-186.977482221
-187.398682223
-187.76469611
-188.14934111
-188.533986109
-188.863444999
-188.974281111
-189.123086665
-189.326371111
-189.584841667
-189.859821669
-190.208618889
-190.613309445
-191.016585557
-191.401937775
-191.824552224
-192.245752222
-192.649028333
-193.070935557
-193.473504446
-193.875366113
-194.314490001
-194.771537778
-195.192030554
-195.649785557
-196.108247778
-196.51152389
-196.932723888
-197.371847779
-197.77512389
-198.176985554
-198.579554443
-199.073864444
-199.512988332
-199.915557221
-200.354681112
-200.793805
-201.214297775
-201.652714444
-202.091838332
-202.548886113
-202.987302778
-203.445057777
-203.920736667
-204.306088888
-204.417632222
-204.438848889
-204.349693332
-204.260537778
-204.190013333
-204.173260557
-204.174431667
-204.19423389
-204.286438889
-204.378643889
-204.43500111
-204.490651112
-204.527670001
-204.564688888
-204.601707777
-204.638726667
-204.675038335
-204.712057221
-204.730908887
-204.749296668
-204.768148334
-204.787243334
-204.823554998
-204.842650001
-204.897592777
-204.915980555
-204.934368333
-205.008406109
-205.02679389
-205.081736666
-205.100124444
-205.100588335
-205.100345001
-205.136656665
-205.191599445
-205.228618334
-205.264930002
-205.246055556
-205.263736111
-205.318678887
-205.355697781
-205.392716667
-205.446952224
-205.46463278
-205.482313332
-205.482069997
-205.482533889
-205.481339998
-205.516701113
-205.589567779
-205.643803333
-205.69803889
-205.716426667
-205.716183333
-205.752495001
-205.770175556
-205.80648722
-205.86143
-205.916372776
-205.971315559
-205.988996111
-206.025307778
-206.043695556
-205.988266112
-206.00665389
-206.025041664
-206.098615555
-206.152851109
-206.189162777
-206.244812778
-206.262493334
-206.280881112
-206.353747777
-206.408690553
-206.445709443
-206.500652223
-206.53696389
-206.573275558
-206.627511111
-206.681746669
-206.736689445
-206.773708334
-206.82865111
-206.864962778
-206.919905554
-206.918954998
-206.955266665
-206.972947224
-207.009258892
-207.044619999
-207.080931667
-207.098612222
-207.117
-207.243858889
-207.280170556
-207.317189446
-207.35350111
-207.371888888
-207.353721668
-207.371402223
-207.407713887
-207.388839445
-207.516405555
-207.534793333
-207.534549999
-207.570861667
-207.625804446
-207.662116114
-207.699135
-207.717522778
-207.735203333
-207.753591111
-207.789902779
-207.826214442
-207.843894998
-207.862282779
-207.879963335
-207.879720001
-207.898107775
-207.93371222
-208.00657889
-208.024259445
-208.078494999
-208.096882777
-208.133194444
-208.150875003
-208.150631665
-208.168312221
-208.24117889
-208.296828889
-208.333140556
-208.38737611
-208.405056665
-208.423444447
-208.441125002
-208.478143888
-208.514455556
-208.55076722
-208.605709999
-208.659945553
-208.678333334
-208.715352224
-208.75237111
-208.825237776
-208.861549444
-208.898568333
-208.934880001
-208.989822777
-209.044765556
-209.081077224
-209.13602
-209.172331668
-209.208643332
-209.263586111
-209.26334278
-209.335966112
-209.372277779
-209.425562777
-209.442999998
-209.478604443
-209.532840001
-209.551227775
-209.569615556
-209.605220001
-209.622900557
-209.659212221
-209.695523889
-209.731128334
-209.730885
-209.749272778
-209.749029443
-209.785097777
-209.766223334
-209.802291667
-209.784124447
-209.857698335
-209.912641111
-209.98550778
-210.040450556
-210.058131112
-210.039963891
-210.040427776
-210.058815554
-210.076496112
-210.094176668
-210.112564446
-210.14887611
-210.185187777
-210.221499445
-210.257811109
-210.312753888
-210.367696668
-210.404715554
-210.462487223
-210.462243888
-210.480631666
-210.516943334
-210.534623889
-210.608197777
-210.663140557
-210.699452221
-210.717840002
-210.754151669
-210.772539444
-210.809558334
-210.845869998
-210.900105555
-210.955755556
-210.992774446
-211.047717222
-211.066812222
-210.958318331
-210.666342223
-210.282624999
-209.825090554
-209.460004446
-209.113549442
-209.00364111
-209.059291112
-209.224606112
-209.372704444
-209.520802776
-209.668901109
-209.72455111
-209.76157
-209.79858889
-209.816976668
-209.836071664
-209.873090557
-209.946664445
-209.965052223
-210.037211667
-210.092154446
-210.091911112
-210.146146666
-210.163827221
-210.238572223
-210.274883887
-210.293271668
-210.346777223
-210.383796113
-210.292518889
-209.982618891
-209.580270555
-209.12273611
-208.720387778
-208.267096669
-208.029599445
-208.012846666
-208.105051666
-208.271073888
-208.437096113
-208.566563334
-208.677399446
-208.733756669
-208.752144444
-208.787748889
-208.805429445
-208.823817222
-208.878759998
-208.951626668
-209.006569444
-209.006326113
-209.043808887
-209.062196668
-209.098508332
-209.135527222
-209.171838886
-209.190226667
-209.227245554
-209.282188333
-209.300576115
-209.318256667
-209.373663331
-209.42860611
-209.484256112
-209.50264389
-209.557586666
-209.594605559
-209.612993333
-209.613457221
-209.650476111
-209.687495001
-209.760361666
-209.833935554
-209.888878334
-209.962452222
-209.998763886
-210.017151667
-210.053463335
-210.108406111
-210.181979998
-210.217584444
-210.235972222
-210.272747777
-210.290428333
-210.326032778
-210.344420556
-210.362808333
-210.417043887
-210.526222221
-210.580457778
-210.579507221
-210.615111667
-210.633499444
-210.63325611
-210.668617221
-210.686297777
-210.686054446
-210.703735002
-210.740046666
-210.794282223
-210.811962779
-210.848274446
-210.830107222
-210.885050002
-210.902730557
-210.920411113
-210.957429999
-210.866152779
-210.646579445
-210.536671113
-210.555058887
-210.647971112
-210.776731114
-210.830966664
-210.848647223
-210.902882777
-210.957825553
-211.01206111
-211.066296668
-211.120288887
-211.102121667
-210.919103334
-210.589157777
-210.168178333
-209.747198889
-209.344850557
-208.979057223
-208.614678334
-208.50547722
-208.561834444
-208.673377778
-208.821476111
-208.988912781
-209.081824999
-209.136767779
-209.210341667
-209.266698891
-209.285793887
-209.285550556
-209.303938334
-209.322326108
-209.3959
-209.450842779
-209.396827779
-209.159330556
-208.812168334
-208.46429889
-208.208170554
-208.190710556
-208.264991666
-208.431013888
-208.63288389
-208.79819889
-208.908327779
-208.963977778
-208.963734447
-209.001460555
-209.019848333
-209.037528889
-209.073840556
-209.128783332
-209.165095
-209.183482778
-209.238425553
-209.256106112
-209.273786668
-209.34641
-209.382014445
-209.418326112
-209.399451666
-209.435056112
-209.452736667
-209.470417223
-209.488805
-209.524409442
-209.562135554
-209.561184998
-209.506462779
-209.233117779
-208.921096111
-208.535964444
-208.170171113
-207.804377779
-207.420660556
-207.054867222
-206.671150002
-206.305356665
-205.958194443
-205.575184442
-205.173543336
-204.807749998
-204.680624998
-204.645948333
-204.484390001
-204.285569443
-204.068825001
-203.833449444
-203.543594999
-203.199261666
-202.910114443
-202.566488333
-202.295265
-202.005410555
-201.714848888
-201.387025
-201.077832221
-200.787270554
-200.497416109
-200.206854441
-199.934923886
-199.735396112
-199.773829446
-199.848817779
-200.01554722
-200.164352778
-200.275896112
-200.312914998
-200.368565
-200.42492222
-200.444017224
-200.444481108
-200.462868889
-200.51922611
-200.574876112
-200.63052611
-200.668252222
-200.705271111
-200.76092111
-200.779308891
-200.834251667
-200.889194446
-200.926920555
-200.963939445
-200.982327222
-201.000715
-201.000471666
-201.054463889
-201.108699446
-201.14501111
-201.19995389
-201.254896666
-201.291208333
-201.327519997
-201.38246278
-201.437405556
-201.528903331
-201.565215002
-201.601526669
-201.637838333
-201.618963887
-201.618720553
-201.61777
-201.654081667
-201.709024447
-201.763967223
-201.836126666
-201.853807225
-201.872902222
-201.891290003
-201.964156665
-202.019099441
-202.055411112
-202.09172278
-202.109403335
-202.146422222
-202.165517222
-202.165273888
-202.183661665
-202.201342221
-202.237653892
-202.292596668
-202.328908335
-202.34729611
-202.347052776
-202.401995558
-202.456231109
-202.491835554
-202.510223335
-202.52861111
-202.546291665
-202.582603333
-202.618915
-202.673150554
-202.67290722
-202.690587779
-202.708975557
-202.727363331
-202.781598888
-202.817910556
-202.85422222
-202.872610001
-202.909385553
-202.982008892
-203.036951668
-203.073970554
-203.128913333
-203.183856109
-203.202000556
-203.256943332
-203.31117889
-203.366121666
-203.421064445
-203.457376109
-203.475056665
-203.49273722
-203.492493889
-203.546486113
-203.582797777
-203.619109444
-203.673345001
-203.709656665
-203.780865556
-203.835101113
-203.834150557
-203.888386114
-203.942621664
-203.996149999
-204.031754445
-204.030803888
-204.085039446
-204.084088889
-204.120400557
-204.120157223
-204.154811111
-204.172491663
-204.208803334
-204.263038888
-204.299350556
-204.335662223
-204.371973891
-204.408285555
-204.42596611
-204.443646666
-204.498589445
-204.516269997
-204.533950553
-204.534414445
-204.515539998
-204.569775556
-204.607501668
-204.643813335
-204.697805555
-204.752041112
-204.77042889
-204.823957221
-204.878192779
-204.896580556
-204.914968331
-204.950572776
-204.968253332
-205.003614446
-205.039218888
-205.056899444
-205.093211111
-205.128815553
-205.164419998
-205.237286667
-205.255674445
-205.273355001
-205.327590554
-205.344563888
-205.398799445
-205.417187223
-205.489346666
-205.507027222
-205.543338889
-205.579650553
-205.633178888
-205.668783334
-205.687171112
-205.704851667
-205.759087221
-205.776767776
-205.79374111
-205.847976667
-205.920136114
-205.956447778
-205.974128334
-205.973177777
-205.990858333
-206.098378891
-206.152614445
-206.206850002
-206.242454444
-206.278058889
-206.295739445
-206.312712778
-206.330393333
-206.365290556
-206.418818891
-206.454423333
-206.490027779
-206.52563222
-206.542605557
-206.541655001
-206.541411667
-206.557677778
-206.611913335
-206.648224999
-206.721091668
-206.775327222
-206.793007778
-206.773426113
-206.772475556
-206.844391666
-206.862072221
-206.897676666
-206.951912224
-206.950718333
-206.968398889
-206.986079444
-207.040314998
-207.057995554
-207.076383335
-207.147592222
-207.183903889
-207.219508331
-207.273036666
-207.327272224
-207.363583888
-207.399895555
-207.381021109
-207.343515558
-207.396800555
-207.468716668
-207.522952225
-207.577187776
-207.594161109
-207.611841664
-207.648153332
-207.666541113
-207.702145559
-207.738457223
-207.810616666
-207.84692833
-207.865316111
-207.865072777
-207.883460555
-207.919772222
-207.919528888
-207.791696666
-207.516937222
-207.131805558
-206.764597776
-206.379466111
-206.031596667
-205.995505554
-206.087710554
-206.217177778
-206.401123889
-206.567146111
-206.696613335
-206.770187223
-206.787867779
-206.861441667
-206.861198333
-206.916141112
-206.93452889
-206.952209445
-207.024368889
-207.078604443
-207.114208888
-207.149813333
-207.185417779
-207.148619446
-206.874567221
-206.472926111
-206.033315555
-205.612336111
-205.228618888
-204.84560889
-204.46189167
-204.115436667
-203.733133888
-203.40531
-203.078193331
-202.751076669
-202.44188389
-202.096136113
-201.805574446
-201.478457777
-201.168557779
-200.875874441
-200.529419442
-200.20018111
-199.817171112
-199.471423335
-199.142892221
-198.796437222
-198.467906112
-198.267671112
-197.995033335
-197.685840556
-197.376647776
-197.049531111
-196.741045558
-196.396712221
-196.08893389
-195.781155555
-195.453331664
-195.144138889
-194.799805556
-194.489905554
-194.162081667
-193.834257779
-193.524357778
-193.177902778
-192.813523889
-192.449852225
-192.104104444
-191.996317779
-191.673201112
-191.475087779
-191.239712222
-191.003629447
-190.749622777
-190.49490889
-190.185008888
-189.910956667
-189.564501667
-189.217339445
-188.81711278
-188.433395556
-188.031754443
-187.612189447
-187.229179446
-186.883431665
-186.501128889
-186.137457222
-186.011746667
-185.795709444
-185.543117223
-185.289110554
-184.981332223
-184.672139444
-184.345022778
-184.000689445
-183.708713334
-183.344334444
-182.962031665
-182.598360002
-182.252612221
-181.906864444
-181.524561668
-181.141551667
-180.75995611
-180.395577221
-180.031905557
-179.704788888
-179.469413335
-179.17955889
-178.853856669
-178.526032777
-178.180285
-177.797982225
-177.397048334
-177.014038332
-176.631735557
-176.212877779
-175.811943888
-175.429641113
-175.048045552
-174.666449999
-174.338626112
-173.993585556
-173.684392777
-173.339352222
-173.030866669
-172.813414998
-172.560115555
-172.269553887
-171.979699442
-171.671921111
-171.382066666
-171.092212225
-170.765802778
-170.475948333
-170.131615
-169.787281667
-169.443655557
-169.099322224
-168.736357775
-168.427872222
-168.119386669
-167.756422224
-167.448643889
-167.140158332
-166.849596665
-166.650776109
-166.397476666
-166.125546111
-165.834984444
-165.562346666
-165.253153891
-164.961885001
-164.708585558
-164.455286111
-164.201279446
-163.929348891
-163.693973334
-163.458597777
-163.204591111
-162.950584446
-162.695163332
-162.403894446
-162.113332779
-161.804847222
-161.586688333
-161.406498889
-161.135275556
-160.88197611
-160.610045554
-160.320191113
-160.048260558
-159.775622777
-159.466429998
-159.15653
-158.847337221
-158.520220555
-158.211027776
-157.901127778
-157.554672775
-157.171662781
-156.806576669
-156.442197776
-156.077818887
-155.694808886
-155.458018891
-155.460604443
-155.519083333
-155.65067222
-155.800892223
-155.969036111
-156.099917776
-156.157689445
-156.198001111
-156.235020001
-156.291377221
-156.365658332
-156.422015556
-156.477665554
-156.478836668
-156.297232776
-155.950070554
-155.493243334
-155.019199447
-154.781702223
-154.764242222
-154.839230554
-154.968697778
-155.171275002
-155.318666112
-155.448133336
-155.484445
-155.539387779
-155.575699443
-155.575456109
-155.57592
-155.631569999
-155.632741109
-155.451137221
-155.140530001
-154.756105559
-154.37168111
-153.951408891
-153.549060556
-153.402597222
-153.421692225
-153.497387776
-153.663409999
-153.811508331
-153.960313889
-154.053226111
-154.128214447
-154.147309443
-154.184328337
-154.239271113
-154.294213889
-154.349156668
-154.404806666
-154.459749442
-154.515399447
-154.515863332
-154.534251113
-154.516083889
-154.553102776
-154.608509443
-154.644821111
-154.68184
-154.737489999
-154.755877776
-154.79289667
-154.829915556
-154.866227223
-154.940264999
-154.995207779
-155.032226665
-155.087876667
-155.033861667
-154.742592778
-154.340951668
-153.902048334
-153.481776109
-153.189092778
-153.135077779
-153.192142221
-153.321609445
-153.487631664
-153.672284998
-153.801752222
-153.857402223
-153.912344999
-153.985918891
-153.987090001
-154.005477779
-154.023865553
-154.024329444
-154.042717222
-154.061812222
-154.098831109
-154.154481114
-153.972169997
-153.625007778
-153.442696665
-153.461791668
-153.518148889
-153.629692223
-153.758452221
-153.887212223
-153.941447776
-153.997097775
-154.053211664
-154.108861666
-154.072770556
-153.817349446
-153.415708333
-152.940957223
-152.52139222
-152.101827224
-151.699478889
-151.279913886
-150.932751667
-150.841474443
-150.932972221
-151.080363335
-151.265016665
-151.431038891
-151.543289444
-151.636665554
-151.655053335
-151.692779444
-151.729798333
-151.767524445
-151.786619445
-151.824345554
-151.861364447
-151.880459444
-151.717486664
-151.407586666
-150.968683333
-150.585673335
-150.513734445
-150.570798888
-150.682342222
-150.849071666
-150.997169999
-151.090082224
-151.164363334
-151.220013333
-151.293587221
-151.33060611
-151.34970111
-151.386476666
-151.386940557
-151.423959444
-151.478902223
-151.515921109
-151.534308891
-151.571327777
-151.571791668
-151.590179443
-151.60856722
-151.64558611
-151.70052889
-151.738254998
-151.831167224
-151.886817222
-151.923128889
-151.959440553
-151.978535557
-152.015554443
-152.016018335
-152.035113331
-152.034870001
-152.034626666
-152.107249998
-152.053234998
-151.815737778
-151.449237222
-151.064105557
-150.644540554
-150.243606667
-149.897151667
-149.56932778
-149.240796666
-148.912265553
-148.602365555
-148.310389447
-148.054968334
-147.745068336
-147.380689446
-147.052158333
-146.705703333
-146.304062224
-145.921759445
-145.538749447
-145.192294444
-144.918949444
-144.90290389
-144.960675555
-145.110188332
-145.24107
-145.39058278
-145.484909444
-145.57923611
-145.636300556
-145.638178889
-145.657273889
-145.657737777
-145.676832777
-145.769501668
-145.787889446
-145.825372224
-145.624650556
-145.643745556
-145.718026669
-145.773676668
-145.847250556
-145.865638333
-145.921288335
-145.958063887
-145.99508278
-146.032101667
-146.069827778
-146.106846668
-146.107310556
-146.144329446
-146.236998334
-146.291941113
-146.237926114
-146.001136112
-145.872596668
-145.891691668
-145.96668
-146.078223334
-146.170428334
-146.244002222
-146.31757611
-146.354595
-146.355058888
-146.318967778
-146.337355556
-146.373667223
-146.409978887
-146.44699778
-146.484016667
-146.520328334
-146.556639998
-146.592951666
-146.665818331
-146.720053889
-146.774996668
-146.811308332
-146.812479446
-146.648799444
-146.35611611
-145.935136667
-145.533495553
-145.113930557
-144.748844446
-144.383758334
-144.037303335
-143.690848332
-143.363024444
-143.017276667
-142.818456111
-142.655483332
-142.456662777
-142.203363333
-141.985911666
-141.731905001
-141.477191109
-141.20384611
-140.931208336
-140.640646669
-140.368716113
-140.096078336
-139.824147781
-139.55151
-139.278872222
-139.006234445
-138.733596667
-138.478882776
-138.224168889
-137.933607221
-137.825820556
-137.646338331
-137.430301108
-137.195632777
-136.978888332
-136.706957777
-136.470167779
-136.234085
-135.961447222
-135.670885555
-135.453433888
-135.18079611
-134.890234443
-134.58174889
-134.272556114
-133.945439445
-133.618322776
-133.309130001
-132.981306109
-132.726592222
-132.746394447
-132.858645
-132.971602779
-133.121115555
-133.288552222
-133.381464444
-133.419190556
-133.456209442
-133.475304446
-133.512323332
-133.605699446
-133.660642222
-133.753554447
-133.791987778
-133.866268888
-133.866732776
-133.885120558
-133.903508332
-133.958451111
-133.923067223
-133.649722224
-133.266712222
-132.773330001
-132.31721
-131.897645
-131.514634999
-131.149548887
-130.801679447
-130.436593335
-130.106647777
-129.77670222
-129.446756669
-129.098887221
-128.731679447
-128.346547779
-127.925568331
-127.559067779
-127.157426665
-126.993746667
-126.850819445
-126.61615111
-126.400113887
-126.128890557
-125.856960002
-125.584322221
-125.257205556
-124.875609999
-124.529862222
-124.220669446
-123.857705001
-123.476816666
-123.114559447
-122.806781109
-122.480371669
-122.172593331
-121.864107778
-121.555622224
-121.319539445
-121.193828886
-120.977084445
-120.759632781
-120.506333334
-120.235110001
-119.945962775
-119.656815556
-119.366961111
-119.077106666
-118.787252224
-118.47947389
-118.171695555
-117.845993334
-117.574770001
-117.267698892
-116.978551666
-116.652142223
-116.380211667
-116.088942778
-115.816305001
-115.671963333
-115.455218888
-115.201919445
-114.948619998
-114.675982224
-114.384713335
-114.074813333
-113.782837222
-113.436382222
-113.108558335
-112.744179442
-112.416355554
-112.051976668
-111.669673889
-111.341849998
-111.014026111
-110.668278333
-110.33974722
-110.029847222
-109.793764446
-109.540465003
-109.267827222
-108.958634443
-108.631517777
-108.30369389
-107.975870002
-107.629414999
-107.24711222
-106.901364446
-106.592171667
-106.264347779
-105.955155
-105.628038335
-105.318845556
-105.027576666
-104.700460001
-104.373343332
-104.046226667
-104.011550001
-104.087952778
-104.219541668
-104.405609443
-104.57304611
-104.703927778
-104.779623333
-104.818056667
-104.837858889
-104.856953889
-104.876048889
-104.875805555
-104.894900558
-104.931919445
-104.986862221
-105.02388111
-105.0609
-105.078580556
-105.078337221
-105.096725003
-105.133036667
-105.150717222
-105.168397778
-105.223340554
-105.259652221
-105.295963889
-105.332739444
-105.38861
-105.406997774
-105.242610554
-104.913372222
-104.474468888
-104.054196667
-103.653262779
-103.325438891
-103.015538887
-102.942892778
-103.01646667
-103.14593389
-103.330587224
-103.497316668
-103.608859999
-103.663802778
-103.718745554
-103.755764448
-103.75552111
-103.774616113
-103.848653889
-103.903596665
-103.959246667
-104.014189447
-104.050501111
-103.886113887
-103.629278332
-103.371735556
-103.35286111
-103.42714222
-103.592457223
-103.758479445
-103.906577778
-103.979444443
-104.015756111
-104.070698887
-104.070455553
-104.088136112
-104.179147221
-104.196827777
-104.233139444
-104.268743889
-104.268500559
-104.048927221
-103.701057777
-103.553887221
-103.554351112
-103.646556112
-103.811871109
-103.958555
-104.087315002
-104.160181667
-104.158987777
-103.938707224
-103.589423336
-103.167736666
-102.81916
-102.489214446
-102.123421112
-101.794182776
-101.520837777
-101.210937779
-100.955516665
-100.827684443
-100.865410555
-100.95903
-101.143683334
-101.291781666
-101.421956112
-101.514868334
-101.588442222
-101.589613332
-101.608465002
-101.627560002
-101.664578888
-101.682259443
-101.737202223
-101.774221109
-101.774685001
-101.811703887
-101.867353889
-101.885741666
-101.903422222
-101.921810003
-101.940905
-101.996311667
-102.068471111
-102.142044999
-102.179063888
-102.160896665
-101.959954443
-101.612085002
-101.209029444
-100.787342778
-100.40221111
-99.999155556
-99.632655
-99.2840783337
-98.9355016675
-98.5697083337
-98.4777238877
-98.5527122236
-98.7015177782
-98.9055094429
-99.0550222231
-99.1859038914
-99.2601850016
-99.2799872238
-99.2995461118
-99.3186411118
-99.3191049999
-99.3561238895
-99.393849998
-99.4308688878
-99.4858116672
-99.504199445
-99.5412183313
-99.5775299988
-99.6503966645
-99.7418944458
-99.7968372217
-99.8145177773
-99.8512933328
-99.868023332
-99.8677799978
-99.9220155551
-99.9217722244
-99.9028977782
-99.9205783338
-99.9389661081
-99.9566466671
-99.9750344449
-100.029270002
-100.010395556
-100.028076112
-100.046463889
-100.101406669
-100.119087224
-100.15469167
-100.172128888
-100.190516665
-100.227535555
-100.263847223
-100.30015889
-100.318546664
-100.33622722
-100.335983889
-100.372295557
-100.408607221
-100.426994999
-100.464013892
-100.51966389
-100.555975554
-100.592287222
-100.647693889
-100.666081667
-100.739655555
-100.793891112
-100.848833888
-100.940331666
-101.013198335
-101.10398889
-101.121669446
-101.140057224
-101.159152224
-101.232018886
-101.268330557
-101.322566111
-101.414063889
-101.450375553
-101.485979998
-101.522291665
-101.576527223
-101.649393888
-101.667074444
-101.684754999
-101.721066667
-101.738747219
-101.77505889
-101.792739446
-101.810420001
-101.628108891
-101.316794445
-100.931662777
-100.529314442
-100.181445001
-99.8701305556
-99.5401850012
-99.2460872195
-98.879586667
-98.5682722212
-98.3666227769
-98.3864250027
-98.4979683333
-98.6833288895
-98.8500583338
-98.9809400021
-99.0936544429
-99.1299661105
-99.149061114
-99.1495249985
-99.1485744421
-99.1490383336
-99.1860572199
-99.2230761131
-99.2600949993
-99.2782394464
-99.27728889
-99.2963838865
-99.3334027798
-99.3510833353
-99.3873949993
-99.4237066669
-99.4420944447
-99.4604822224
-99.4609461105
-99.4979650002
-99.5342766677
-99.5705883353
-99.5889761095
-99.5887327754
-99.6257516686
-99.6620633326
-99.6804511104
-99.7540249984
-99.8089677779
-99.8632033316
-99.8629600009
-99.8992716684
-99.9355833324
-100.008450002
-100.080609442
-100.152768889
-100.207004446
-100.22539222
-100.243072776
-100.297308333
-100.333620001
-100.37063889
-100.443505553
-100.516372222
-100.552683889
-100.588995553
-100.661862223
-100.697466664
-100.733778332
-100.770089999
-100.824325553
-100.897192222
-100.896948888
-100.914629447
-100.932773887
-100.969085555
-101.00469
-101.023077778
-101.040758333
-101.077070001
-101.131305558
-101.167617222
-101.20392889
-101.239533335
-101.293768889
-101.311449444
-101.110507223
-100.780561668
-100.376798888
-100.193073334
-100.211461112
-100.304373334
-100.470395556
-100.654341668
-100.80244
-100.895352222
-100.913032778
-100.912082221
-100.949101111
-100.967488889
-101.022431665
-101.058743332
-101.040576112
-100.82171
-100.437285558
-99.9983822242
-99.6139577784
-99.2474572224
-99.0099599988
-98.9925000006
-99.0674883329
-99.2335105585
-99.4360877788
-99.5841861111
-99.6957294451
-99.7334555536
-99.7525505571
-99.8074933331
-99.8438050006
-99.8442688886
-99.8626566664
-99.898968334
-99.9180633339
-99.9550822237
-100.046580001
-100.118739441
-100.173682224
-100.228625
-100.24772
-100.28473889
-100.303126668
-100.339438332
-100.412305001
-100.467954999
-100.504973889
-100.559916669
-100.615566667
-100.633954445
-100.688897221
-100.744547222
-100.80019722
-100.85514
-100.910082776
-100.965489443
-101.001801111
-101.020188892
-101.056500556
-101.092812224
-101.12983111
-101.166142778
-101.183823333
-101.183580002
-101.220598889
-101.292758336
-101.365624998
-101.401936669
-101.456879445
-101.492483887
-101.510871668
-101.547183332
-101.582787777
-101.600468333
-101.599517776
-101.617198332
-101.616954998
-101.653266669
-101.689578336
-101.707258888
-101.725646666
-101.743327222
-101.779638889
-101.798026667
-101.835045557
-101.889988333
-101.927007223
-101.944687775
-101.980999446
-101.980756111
-101.981220003
-101.980026112
-101.997706668
-101.99746333
-102.015851111
-102.034238889
-102.070550553
-102.125493333
-102.17972889
-102.216040554
-102.216504446
-102.23489222
-102.308466111
-102.326853889
-102.327317777
-102.364336667
-102.400648334
-102.400161666
-102.454861111
-102.528434999
-102.619932777
-102.674875556
-102.730525555
-102.730989446
-102.74937722
-102.859970002
-102.879064998
-102.95263889
-103.007581666
-103.026676666
-103.081619445
-103.118638331
-103.155657225
-103.211307223
-103.266249999
-103.339823887
-103.37684278
-103.395230554
-103.431542222
-103.44993
-103.504165553
-103.540477221
-103.558865002
-103.613807778
-103.613564444
-103.649876111
-103.686187775
-103.759054445
-103.813289998
-103.868232778
-103.923175554
-103.941563335
-103.941320001
-103.977631665
-103.977388331
-103.99506889
-104.012749445
-104.013213334
-104.031601111
-104.067912779
-104.067669445
-104.086057222
-104.122368886
-104.15938778
-104.214330556
-104.269980554
-104.288368335
-104.306756113
-104.307220001
-104.344238891
-104.343995557
-104.343752222
-104.380527778
-104.417546668
-104.435934445
-104.472953332
-104.492048335
-104.491805001
-104.528116665
-104.565135558
-104.583523332
-104.639173331
-104.676192224
-104.694579998
-104.731598888
-104.78724889
-104.824267776
-104.861750557
-104.862214445
-104.899233335
-104.953468889
-105.027042777
-105.100616668
-105.13834278
-105.157437777
-105.175825558
-105.231475556
-105.287125554
-105.324851666
-105.362577778
-105.436151666
-105.473877778
-105.510896664
-105.565839447
-105.602858334
-105.640584442
-105.714865556
-105.751884446
-105.788903332
-105.825922221
-105.862941111
-105.899960001
-105.95490278
-106.009845556
-106.046864443
-106.083883332
-106.102271114
-106.13929
-106.175601667
-106.230544443
-106.267563333
-106.304582223
-106.340893887
-106.358574442
-106.377669446
-106.450536112
-106.724808887
-107.127377777
-107.530653888
-107.93393
-108.37376111
-108.813592223
-108.978907223
-108.998002219
-108.926063333
-108.780307221
-108.690444445
-108.637136664
-108.618969444
-108.638064444
-108.675790556
-108.731440554
-108.787090556
-108.861371666
-108.880466669
-108.899561666
-108.918656666
-108.937751666
-108.956846666
-108.976648888
-108.977820002
-109.014838888
-109.033933891
-109.088876667
-109.125895557
-109.144990557
-109.146625556
-109.220199443
-109.294480554
-109.643277777
-110.064477779
-110.504308888
-110.963478332
-111.403309445
-111.806585554
-112.264340557
-112.704171666
-113.14400278
-113.565202777
-114.005033887
-114.426233888
-114.720552221
-114.777616667
-114.742940001
-114.635153332
-114.563921668
-114.529244999
-114.531123331
-114.588187777
-114.644545001
-114.700194999
-114.756552223
-114.831540556
-114.905821669
-114.942840556
-114.961935556
-114.981030556
-114.982201666
-114.98337278
-115.021098888
-115.058825
-115.059045557
-115.078140557
-115.115159444
-115.170809445
-115.299569443
-115.646952223
-116.067445002
-116.561754999
-116.982247778
-117.384109446
-117.841157223
-118.31612889
-118.754545555
-119.21088611
-119.703781667
-120.160122222
-120.635801111
-120.92799778
-120.983647779
-120.967602221
-120.896370557
-120.76995278
-120.662166114
-120.645413335
-120.665215553
-120.702941665
-120.759298889
-120.79773222
-120.872720556
-121.056666668
-121.442018889
-121.864633332
-122.305878889
-122.710569442
-123.151107781
-123.517828887
-123.866626111
-123.958831111
-123.960709447
-123.888770553
-123.762352779
-123.654566114
-123.583334443
-123.621060555
-123.621524446
-123.677881667
-123.734238891
-123.789888889
-123.827615001
-123.865341109
-123.884436113
-123.903531109
-124.032291111
-124.362457222
-124.782950002
-125.240705001
-125.442575003
-125.481008333
-125.445624442
-125.355054444
-125.245853334
-125.173207222
-125.155040001
-125.228613889
-125.28497111
-125.377176113
-125.450750001
-125.487768887
-125.487525553
-125.487989445
-125.526179445
-125.526643333
-125.527107221
-125.527571112
-125.546666109
-125.54713
-125.602072776
-125.620460558
-125.657479444
-125.713129442
-125.786460003
-126.079363887
-126.426039444
-126.902425555
-127.378104445
-127.817228332
-128.274983335
-128.732738331
-129.190493334
-129.66617222
-130.141851113
-130.63616111
-131.039437222
-131.168904442
-131.133520554
-131.064410557
-131.009688335
-130.973597221
-130.974768331
-131.011787225
-131.049513333
-131.105163335
-131.105627223
-131.087460002
-131.16103389
-131.41738278
-131.801320557
-132.185258335
-132.606458332
-133.064920554
-133.486120555
-133.833503331
-134.034666114
-134.345493888
-134.637690553
-134.929887222
-135.276562779
-135.604607221
-135.987837776
-136.389699446
-136.79156111
-137.138236667
-137.559436665
-137.998560556
-138.437684447
-138.840253336
-139.223483888
-139.680531668
-140.101024444
-140.520810001
-140.941302777
-141.379719445
-141.745026111
-141.837938333
-141.895002779
-141.806554444
-141.718106113
-141.702767778
-141.72257
-141.799680002
-141.873961113
-142.002721111
-142.076294999
-142.131237778
-142.16896389
-142.170134997
-142.152674999
-142.189693892
-142.244636668
-142.245100556
-142.263488334
-142.300507223
-142.33752611
-142.35662111
-142.392932777
-142.447875557
-142.520742222
-142.557761109
-142.594780002
-142.668110556
-142.686498333
-142.722810001
-142.759828891
-142.758878334
-142.79589722
-142.79565389
-142.831965557
-142.849646113
-142.885250555
-142.940193334
-143.011645555
-143.065881109
-143.120823889
-143.156428334
-143.210663888
-143.210420554
-143.246732221
-143.300017222
-143.336328886
-143.317454447
-143.317211109
-143.352815554
-143.35257222
-143.370252776
-143.387226109
-143.386982778
-143.404663334
-143.421636667
-143.458655557
-143.512891111
-143.549202778
-143.585514446
-143.603195001
-143.602708333
-143.639020001
-143.693962776
-143.711643332
-143.73003111
-143.711863889
-143.692989443
-143.729301111
-143.782829446
-143.837772222
-143.874083889
-143.911102779
-143.947414447
-143.965095002
-144.037718334
-144.074030001
-144.110341665
-144.165284445
-144.201596109
-144.273755556
-144.345915003
-144.436705555
-144.508865002
-144.581731667
-144.618043335
-144.617800001
-144.672035555
-144.762826114
-145.110208889
-145.568671111
-146.027840555
-146.48630278
-146.962688888
-147.383888889
-147.511941669
-147.531036665
-147.477021669
-147.403668331
-147.348946109
-147.31214778
-147.312611665
-147.330999446
-147.385942222
-147.40433
-147.441348889
-147.478367779
-147.514679443
-147.551698333
-147.570086111
-147.624321668
-147.642709446
-147.67902111
-147.751180557
-147.824047219
-147.841727778
-147.859408334
-147.877088889
-147.876845555
-147.894526111
-147.985073332
-148.002753887
-148.021141669
-148.020898335
-148.03857889
-148.111202222
-148.166144998
-148.184532779
-148.184289445
-148.201726666
-148.219407225
-148.218456669
-148.236137224
-148.254524999
-148.290836666
-148.327855556
-148.345536111
-148.399771669
-148.472395
-148.545968888
-148.545725554
-148.564113335
-148.599717777
-148.635322222
-148.65371
-148.690021668
-148.708409445
-148.744721109
-148.762401665
-148.780789446
-148.817101114
-148.87204389
-148.908355557
-148.981222223
-149.054088889
-149.126248332
-149.217038891
-149.307829443
-149.398619999
-149.435638888
-149.49128889
-149.508969446
-149.526650001
-149.545037775
-149.581349443
-149.636292219
-149.673311112
-149.710329998
-149.728717776
-149.764078891
-149.819485555
-149.873721109
-149.909789445
-150.000800555
-150.055036112
-150.091347776
-150.109735557
-150.127416113
-150.182358889
-150.218670556
-150.23564389
-150.289879447
-150.308267221
-150.343871667
-150.379232778
-150.415544445
-150.433225001
-150.469536665
-150.468586108
-150.504897776
-150.523285557
-150.560304443
-150.615247223
-150.633635001
-150.652022779
-150.668752778
-150.705771664
-150.706235555
-150.723916111
-150.760227779
-150.759984444
-150.796296112
-150.81468389
-150.850752219
-150.869140001
-150.942006666
-150.978318334
-150.99599889
-151.033017776
-151.070036669
-151.106348333
-151.142660001
-151.179678887
-151.198066665
-151.179899444
-151.198287222
-151.215967778
-151.270910557
-151.307929443
-151.363579445
-151.418522221
-151.473464997
-151.52840778
-151.601274442
-151.71069611
-151.802193891
-151.911615558
-151.966558334
-151.988482223
-152.060641667
-152.05969111
-152.09671
-152.13372889
-152.170747779
-152.225690555
-152.225447221
-152.261758889
-152.335553334
-152.353941112
-152.390252779
-152.426564443
-152.444952221
-152.481971111
-152.501066111
-152.537377775
-152.591613332
-152.646556108
-152.683575001
-152.737567221
-152.755954999
-152.792266666
-152.80924
-152.845551667
-152.900494443
-152.917467776
-152.953779444
-152.971460003
-152.989140559
-153.080395002
-153.117413888
-153.153725556
-153.153482225
-153.171162777
-153.207938333
-153.244006666
-153.280074999
-153.298462781
-153.316850555
-153.371793334
-153.408812221
-153.42649278
-153.444880558
-153.444393889
-153.498629443
-153.535648333
-153.590591112
-153.627609998
-153.682552778
-153.718864442
-153.718621111
-153.737008889
-153.755396667
-153.791708334
-153.828727224
-153.88367
-153.920688886
-154.030110557
-154.359569443
-154.780062222
-155.201969446
-155.367991668
-155.406425002
-155.388965
-155.371504999
-155.371261668
-155.390356664
-155.390820556
-155.391284447
-155.428303334
-155.447398334
-155.503048335
-155.540067222
-155.577793333
-155.596888334
-155.615276111
-155.652295001
-155.671390001
-155.749207222
-155.805564446
-155.860971114
-156.11732
-156.519181667
-156.903826666
-157.325026668
-157.745519447
-158.184643331
-158.623767222
-159.062891113
-159.482676666
-159.957648333
-160.469882221
-160.964192222
-161.421947225
-161.897626111
-162.373305
-162.793797779
-163.268769442
-163.798220001
-164.254560556
-164.602650554
-165.023850555
-165.407788333
-165.79172611
-166.248773891
-166.687897778
-167.163576667
-167.621331667
-168.115641668
-168.610658888
-169.06912111
-169.526876113
-170.021893336
-170.49898667
-170.939525002
-171.379356112
-171.819187225
-172.240387219
-172.716773334
-173.119342223
-173.430877223
-173.797598333
-174.164319443
-174.54825722
-174.969457221
-175.446550555
-175.831195555
-176.252395556
-176.692933888
-177.132764998
-177.554672221
-177.957241111
-178.39707222
-178.836196111
-179.238765001
-179.659965002
-180.063241114
-180.485148334
-180.889131664
-181.182035555
-181.512201667
-181.860998887
-182.210503333
-182.540669444
-182.870835556
-183.201001667
-183.530460553
-183.860626665
-184.245271665
-184.667886114
-185.071869444
-185.419959442
-185.786680555
-186.207880557
-186.611156668
-187.013725557
-187.452849441
-187.87334222
-188.295249444
-188.716449445
-189.138356665
-189.543047221
-189.928399443
-190.33238278
-190.754997223
-191.196242777
-191.619564445
-192.005623889
-192.4089
-192.849438332
-193.234083332
-193.673914445
-194.113745555
-194.517728889
-194.938928886
-195.37876
-195.817883891
-196.22045278
-196.641652778
-197.118746112
-197.540653335
-197.925298335
-198.328574443
-198.749067222
-199.170267223
-199.590759999
-200.02988389
-200.487638889
-200.926762777
-201.38451778
-201.842272779
-202.317951668
-202.830892778
-203.30727889
-203.747109999
-204.222788889
-204.661205557
-205.117546112
-205.37318778
-205.539209998
-205.796266113
-206.10780111
-206.419336113
-206.840536111
-207.243105
-207.682228887
-208.139276668
-208.614955554
-209.127189445
-209.620084998
-210.132318889
-210.643845554
-211.174003332
-211.722792221
-212.252949998
-212.820369999
-213.314679997
-213.717956112
-213.884685556
-214.125939445
-214.403748335
-214.754667222
-215.12280278
-215.490231112
-215.876290556
-216.261642781
-216.702181113
-217.105457221
-217.528071667
-218.005872219
-218.483672778
-218.924918333
-219.364749446
-219.823211668
-220.244411669
-220.684242779
-221.105442777
-221.49008778
-221.691957778
-222.022123889
-222.370921109
-222.775611665
-223.198933333
-223.622254998
-223.988976111
-224.372913889
-224.812744998
-225.216021113
-225.65585222
-226.132238335
-226.553438332
-226.973931111
-227.412347777
-227.851471668
-228.326443335
-228.746936114
-229.166721667
-229.496180553
-229.571168889
-229.518568333
-229.448043888
-229.340964445
-229.306287779
-229.308166112
-229.347306668
-229.385740002
-229.44139
-229.497747224
-229.536180555
-229.593244998
-229.594416111
-229.633313334
-229.688963335
-229.763244442
-229.836818333
-229.874544445
-229.912270557
-229.967920556
-230.023327223
-230.078977221
-230.098072221
-230.153722223
-230.154893333
-230.155357221
-230.173745003
-230.192839999
-230.211934999
-230.285508891
-230.341158889
-230.378177778
-230.415903887
-230.453630002
-230.472724999
-230.509036666
-230.528131666
-230.529302777
-230.529766665
-230.566785558
-230.622435556
-230.696009444
-230.75095222
-230.806602222
-230.844328334
-230.863423334
-230.919073332
-230.974723334
-231.011742223
-230.993575
-231.011962777
-231.031057777
-230.994966667
-231.013354445
-231.033156664
-231.033620555
-231.070639445
-231.106951109
-231.162601111
-231.200327223
-231.237346112
-231.292288888
-231.329307778
-231.36703389
-231.42339111
-231.461117222
-231.480919445
-231.536569443
-231.554957221
-231.55471389
-231.555885
-231.557056111
-231.576858333
-231.631801109
-231.724006109
-231.798287222
-231.836013331
-231.891663332
-231.910758332
-231.948484444
-232.004598334
-232.060248332
-232.079343332
-232.116362222
-232.171304998
-232.226247778
-232.263266667
-232.300285557
-232.355935555
-232.356863335
-232.375958331
-232.412977221
-232.449996111
-232.487015001
-232.542665002
-232.579683888
-232.635333887
-232.67235278
-232.709371666
-232.727759444
-232.746147225
-232.820892223
-232.821356112
-232.821819999
-232.840915
-232.877226664
-232.914245557
-232.951264443
-232.988283333
-233.025302223
-233.04369
-233.080001664
-233.171499446
-233.227149444
-233.264168333
-233.337035003
-233.355422777
-233.355179443
-233.354936112
-233.37332389
-233.409635554
-233.40939222
-233.409148889
-233.427536667
-233.445217222
-233.481528886
-233.481992778
-233.536935554
-233.555323332
-233.610266111
-233.628653889
-233.682889446
-233.719908332
-233.75622
-233.793238886
-233.811626667
-233.848645554
-233.849109445
-233.903808887
-233.940584446
-233.95897222
-233.995991114
-234.05093389
-234.069321667
-234.112705557
-234.113169445
-234.149481109
-234.186500002
-234.223518889
-234.242613892
-234.279632778
-234.298020556
-234.33433222
-234.370643888
-234.389738888
-234.498453333
-234.571319999
-234.607631666
-234.607388336
-234.589221112
-234.606901667
-234.661137221
-234.678110554
-234.750977223
-234.805919999
-234.860155557
-234.896467221
-234.932778888
-234.987014446
-235.00540222
-235.041006665
-235.078025555
-235.096413333
-235.096169998
-235.13153111
-235.131287779
-235.131044445
-235.185987221
-235.24093
-235.259317778
-235.313553332
-235.312602779
-235.349621669
-235.404564445
-235.495355
-235.586852778
-235.604533333
-235.622213889
-235.639187226
-235.638943888
-235.657331666
-235.692936111
-235.729247779
-235.764852224
-235.764608886
-235.782289442
-235.799970001
-235.836281668
-235.853962224
-235.889566669
-235.943558889
-235.961946667
-235.998258334
-236.038813335
-236.075832221
-236.131482223
-236.167086665
-236.185231112
-236.184280555
-236.238516113
-236.274827777
-236.349816112
-236.403344444
-236.439656108
-236.420074447
-236.474309997
-236.510378334
-236.49221111
-236.565077776
-236.620020555
-236.637701111
-236.69264389
-236.747586666
-236.765267222
-236.801578889
-236.819966667
-236.892833333
-236.96499278
-237.000597225
-237.072513334
-237.072977222
-237.054102776
-237.071783335
-237.108095003
-237.180718334
-237.234953892
-237.289189445
-237.306870001
-237.342474446
-237.397417222
-237.451652776
-237.469333335
-237.469090001
-237.468846667
-237.506793332
-237.561736112
-237.597340557
-237.633652221
-237.615484997
-237.67042778
-237.707446666
-237.744465556
-237.799408332
-237.872274998
-237.927217777
-237.963993333
-237.999818336
-238.03613
-238.053810555
-238.090829445
-238.127141109
-238.164160002
-238.200471666
-238.218859444
-238.27380222
-238.273558889
-238.328258335
-238.364569999
-238.419269447
-238.474212223
-238.510523891
-238.528911665
-238.547299446
-238.584318333
-238.63855389
-238.711420556
-238.766363335
-238.821306111
-238.858325001
-238.895100557
-238.949336114
-238.967016666
-239.004035556
-239.041054442
-239.077366113
-239.132308889
-239.168620556
-239.187008334
-239.24195111
-239.29689389
-239.315281667
-239.351593335
-239.405828889
-239.478695554
-239.55156222
-239.587873888
-239.587630557
-239.587387223
-239.623698887
-239.623455556
-239.659767224
-239.71471
-239.751021667
-239.787333335
-239.823644999
-239.840374998
-239.875979443
-239.911583888
-239.947895556
-239.98420722
-240.019811665
-240.037492221
-240.054929446
-240.071659445
-240.107971112
-240.163621111
-240.199932778
-240.235537223
-240.253925001
-240.290236669
-240.289286112
-240.362152778
-240.399171668
-240.416852223
-240.435239998
-240.434996667
-240.434753333
-240.470357778
-240.506669446
-240.54298111
-240.561368887
-240.579049446
-240.633992222
-240.651672778
-240.706615557
-240.796455556
-240.832767224
-240.90563389
-240.960576669
-241.014812219
-241.05112389
-241.068804446
-241.105116114
-241.140720555
-241.177032223
-241.249898889
-241.286210556
-241.339738888
-241.376050555
-241.393731111
-241.430042778
-241.448430556
-241.502666113
-241.574825553
-241.629768336
-241.648156111
-241.666543888
-241.684224444
-241.683273888
-241.719585558
-241.774528334
-241.810840002
-241.845737222
-241.918603887
-241.919067779
-241.954672224
-241.990276666
-242.04451222
-242.098040555
-242.15274
-242.206732223
-242.278648336
-242.333591112
-242.387826669
-242.386876113
-242.404556668
-242.421530002
-242.475765555
-242.474815003
-242.528343334
-242.54602389
-242.598601668
-242.616282224
-242.615331667
-242.633012223
-242.651400001
-242.687711668
-242.724023336
-242.760335
-242.759384443
-242.77752889
-242.813133336
-242.848737778
-242.884342223
-242.920653887
-242.938334442
-242.993277225
-242.993033888
-243.100554446
-243.155497222
-243.173177777
-243.191322224
-243.226926666
-243.262287777
-243.298599445
-243.33420389
-243.370515558
-243.370272224
-243.387245557
-243.423557221
-243.441944999
-243.477549444
-243.513861112
-243.548758335
-243.491207224
-243.441678888
-243.429412776
-243.460773891
-243.479405003
-243.479405003
-243.479405003
-243.479405003
-243.479405003
-243.479405003
-243.479405003
