-0.00523598775598 0.00523598775598
15.7131992557 15.2524323332
17.2002197784 17.1740398396
19.0223435175 19.4359865502
21.9178447465 22.0853963547
20.792107379 21.0800867056
-1.84306769011 -1.25663706144
-2.19387886976 -1.64410015538
-2.17293491873 -0.764454212374
-2.16769893098 -0.722566310326
-2.15199096771 -0.685914396034
-2.12057504117 -0.649262481742
-2.08392312688 -0.607374579694
-2.04203522483 -0.570722665402
-1.99491133503 -0.518362787842
-1.95302343298 -0.460766922527
-1.41895268187 0.172787595947
-0.712094334814 0.968657734857
-0.251327412287 1.50272848597
0.921533845053 2.82743338823
0.989601685881 2.90073721681
1.05766952671 2.9740410454
1.12573736754 3.04734487398
1.18333323285 3.11017672705
1.24616508592 3.17824456788
1.308996939 3.24631240871
1.37182879207 3.33008821281
1.4398966329 3.41910000466
1.49749249821 3.497639821
1.56556033904 3.58665161285
1.62839219211 3.65995544143
1.70169602069 3.72802328226
1.77499984928 3.80132711084
1.84306769011 3.87986692718
1.91113553093 3.95840674352
1.98443935952 4.04218254762
2.06297917586 4.12595835171
2.13628300444 4.20973415581
2.20958683302 4.28827397215
2.27765467385 4.37204977625
2.35619449019 4.46629755585
2.43473430653 4.55007335995
2.50280214736 4.6390851518
2.57610597594 4.7228609559
2.64940980453 4.80663675999
2.72271363311 4.9008845396
2.79601746169 4.98989633145
2.86932129028 5.08414411106
2.93738913111 5.17315590291
3.00022098418 5.24122374374
3.07352481276 5.31976356008
3.15730061686 5.40877535193
3.22013246993 5.48731516827
3.28820031076 5.56585498461
3.35103216383 5.64439480095
3.42433599241 5.72817060505
3.49240383324 5.80671042139
3.56047167407 5.88001424997
3.64424747816 5.95855406631
3.71231531899 6.03185789489
3.78038315982 6.12086968674
3.84845100065 6.2098814786
3.91651884148 6.28842129494
3.9845866823 6.37219709903
4.06312649864 6.45073691537
4.13643032723 6.52927673171
4.20449816805 6.61305253581
4.26733002113 6.6968283399
4.34063384971 6.77536815624
4.41917366605 6.84867198483
4.49247749463 6.92721180117
4.56578132322 7.00575161751
4.6390851518 7.09476340936
4.71762496814 7.18901118896
4.79092879672 7.27278699306
4.86423262531 7.36703477267
4.93230046614 7.45081057676
5.01084028248 7.5293503931
5.07367213555 7.60789020944
5.14697596413 7.68643002578
5.2098078172 7.76496984212
5.27787565803 7.84350965846
5.35117948661 7.92728546256
5.41924732744 8.01106126665
5.48731516827 8.09483707075
5.5553830091 8.18908485036
5.61821486217 8.27286065445
5.69151869075 8.35663645855
5.75958653158 8.43517627489
5.83289036017 8.50848010347
5.90619418875 8.59225590757
5.96902604182 8.67603171166
6.03709388265 8.77027949127
6.11039771123 8.86452727088
6.18370153982 8.95877505049
6.25176938064 9.05302283009
6.33030919698 9.13679863419
6.39837703781 9.22057443829
6.47691685415 9.30958623014
6.53974870722 9.39336203423
6.61305253581 9.47713783833
6.68635636439 9.56091364242
6.75966019297 9.64992543428
6.83296402156 9.73893722613
6.90103186239 9.82794901798
6.97433569097 9.91172482208
7.03716754404 10.0059726017
7.11047137262 10.0949843935
7.17853921345 10.1787601976
7.24660705428 10.257300014
7.31467489511 10.3410758181
7.38274273594 10.4196156344
7.45604656452 10.4981554507
7.5293503931 10.5714592793
7.60265422169 10.6447631079
7.67072206252 10.728538912
7.73355391559 10.8018427406
7.80162175641 10.8856185447
7.86445360949 10.9746303365
7.93252145031 11.0688781161
7.99535330339 11.1474179325
8.05818515646 11.2259577488
8.1367249728 11.2992615774
8.19955682587 11.372565406
8.2676246667 11.4563412101
8.33569250752 11.5401170142
8.40899633611 11.6396007816
8.47706417694 11.7286125734
8.54513201776 11.8123883775
8.60796387084 11.8909281938
8.67079572391 11.9694680102
8.73886356474 12.0532438143
8.83311134434 12.1631995571
8.89070720966 12.2260314102
8.95353906273 12.3098072143
9.02684289131 12.4040549939
9.09491073214 12.4930667858
9.16297857297 12.5716066021
9.23628240155 12.6553824062
9.30435024238 12.7286862348
9.38289005872 12.7967540756
9.45619388731 12.8700579042
9.52426172813 12.9433617328
9.59756555672 13.0271375369
9.66039740979 13.1004413655
9.72322926286 13.1842171696
9.78606111593 13.2627569859
9.85412895676 13.3360608145
9.92743278534 13.4198366186
9.99026463842 13.4983764349
10.0583324792 13.582152239
10.1316363078 13.6606920554
10.2049401364 13.7339958839
10.2677719895 13.8072997125
10.3410758181 13.8858395289
10.4091436589 13.9748513207
10.4772114997 14.0638631126
10.5452793405 14.1581108922
10.6238191569 14.247122684
10.7023589732 14.3361344759
10.7808987896 14.4251462677
10.8542026182 14.5141580596
10.9275064467 14.6084058392
11.0060462631 14.6921816433
11.0793500917 14.7707214596
11.157889908 14.849261276
11.2364297243 14.9382730678
11.3044975652 15.0272848597
11.3778013938 15.1215326393
11.4406332468 15.2210164066
11.5139370754 15.2943202352
11.587240904 15.3780960393
11.6553087448 15.4618718434
11.7233765856 15.5404116598
11.7966804142 15.6241874639
11.8699842428 15.7079632679
11.9432880714 15.7969750598
12.0165919 15.8807508639
12.0898957286 15.9697626557
12.1579635694 16.0535384598
12.2207954225 16.1373142639
12.2888632633 16.2315620435
12.3621670919 16.3205738354
12.4354709205 16.4095856273
12.5140107368 16.4881254436
12.5820785776 16.5719012477
12.6553824062 16.6556770518
12.7286862348 16.7394528559
12.8072260511 16.8179926722
12.8805298797 16.8912965008
12.9538337083 16.9698363171
13.0166655614 17.0483761335
13.0794974144 17.1321519376
13.1475652553 17.2106917539
13.2103971083 17.2892315703
13.2784649492 17.3625353988
13.3517687778 17.4410752152
13.4250726063 17.5196150315
13.4931404472 17.5981548479
13.561208288 17.6766946642
13.6345121166 17.7552344805
13.7130519329 17.8337742969
13.7863557615 17.9123141132
13.8544236023 17.9960899173
13.9277274309 18.0798657214
14.0010312595 18.174113501
14.0690991003 18.2526533174
14.1476389167 18.3416651092
14.2209427452 18.4359128888
14.2942465738 18.5249246807
14.3727863902 18.6139364725
14.4565621943 18.7081842521
14.5351020106 18.7919600562
14.6136418269 18.8914438236
14.697417631 18.990927591
14.7759574474 19.0904113583
14.8597332515 19.1794231502
14.9435090556 19.2736709298
15.0272848597 19.3626827216
15.105824676 19.4569305012
15.1843644924 19.5511782808
15.2629043087 19.6454260604
15.3466801128 19.7396738401
15.4304559169 19.8286856319
15.5089957332 19.9176974238
15.577063574 20.0067092156
15.6451314149 20.1009569952
15.7236712312 20.1899687871
15.8022110476 20.2842165667
15.8755148761 20.3732283585
15.9540546925 20.4622401504
16.0378304966 20.55648793
16.1216063007 20.6507357096
16.200146117 20.7345115137
16.2682139578 20.8235233055
16.3415177864 20.9072991096
16.414821615 20.9963109015
16.4828894558 21.0853226933
16.5457213089 21.179570473
16.6190251375 21.2685822648
16.6975649538 21.3523580689
16.7761047702 21.4413698608
16.8546445865 21.5251456648
16.9331844028 21.6141574567
17.0169602069 21.7241131996
17.0850280478 21.8131249914
17.1635678641 21.8969007955
17.2473436682 21.9859125874
17.3206474968 22.0749243792
17.4044233009 22.1744081466
17.4829631172 22.2686559262
17.5562669458 22.3524317303
17.6348067622 22.4466795099
17.723818554 22.5409272895
17.8075943581 22.6351750691
17.8808981867 22.724186861
17.959438003 22.8236706283
18.0327418316 22.9126824202
18.1008096724 22.9964582243
18.1845854765 23.0802340284
18.2631252929 23.1692458202
18.3207211582 23.2477856366
18.3992609745 23.3315614407
18.4830367786 23.4258092203
18.561576595 23.5200569999
18.6296444358 23.6143047795
18.7081842521 23.7137885468
18.7919600562 23.8080363265
18.8809718481 23.8918121306
18.9647476522 23.9808239224
19.053759444 24.0803076898
19.1322992604 24.1745554694
19.2213110522 24.2792752245
19.2998508686 24.3682870163
19.3783906849 24.4677707837
19.4674024767 24.5672545511
19.5459422931 24.6719743062
19.6244821094 24.7766940613
19.697785938 24.8709418409
19.7710897666 24.9651896205
19.8548655707 25.0751453634
19.9229334115 25.169393143
19.9962372401 25.2688769104
20.0695410687 25.3526527145
20.148080885 25.4364285186
20.2370926769 25.5306762982
20.3103965055 25.6249240778
20.383700334 25.7296438329
20.4570041626 25.834363588
20.5303079912 25.9390833431
20.6140837953 26.0333311227
20.6978595994 26.1171069268
20.771163428 26.2061187187
20.8497032443 26.3056024861
20.9230070729 26.3893782902
20.9963109015 26.4836260698
21.0800867056 26.5726378616
21.1638625097 26.6616496535
21.2371663383 26.7506614453
21.3104701669 26.8396732372
21.3837739954 26.928685029
21.457077824 27.0124608331
21.5303816526 27.0910006495
21.5984494934 27.1695404658
21.6612813465 27.2480802821
21.7345851751 27.337092074
21.8026530159 27.4208678781
21.88642882 27.5098796699
21.9597326486 27.5884194863
22.0278004894 27.6721952904
22.1063403058 27.7612070822
22.1796441343 27.8449828863
22.2529479629 27.9339946782
22.3262517915 28.0177704823
22.3995556201 28.1120182619
22.4780954364 28.2010300537
22.530455314 28.258625919
28.1067822741 33.515557626
30.0650416949 35.9974158224
30.1435815112 36.1073715653
30.2273573153 36.2016193449
30.3216050949 36.3011031122
30.4001449112 36.4005868796
30.4786847276 36.5053066347
30.5467525684 36.6100263898
30.6252923847 36.6990381817
30.7090681888 36.7880499735
30.7876080052 36.8718257776
30.8818557848 36.9660735572
30.9656315889 37.0498493613
31.0389354175 37.1283891777
31.1122392461 37.2016930063
31.1855430746 37.2907047981
31.2536109155 37.3744806022
31.3321507318 37.4582564063
31.4054545604 37.5472681982
31.4735224012 37.63627999
31.541590242 37.7252917819
31.6148940706 37.8038315982
31.6777259237 37.8823714145
31.735321789 37.9556752431
31.8033896298 38.0289790717
31.8714574707 38.0970469125
31.9395253115 38.1703507411
32.0128291401 38.2541265452
32.0808969809 38.3379023493
32.143728834 38.4216781534
32.2117966748 38.5054539575
32.2903364911 38.5892297616
32.358404332 38.6730055657
32.4317081606 38.7567813698
32.5102479769 38.8510291494
32.5835518055 38.9400409412
32.6463836586 39.0342887209
32.7144514994 39.1233005127
32.787755328 39.2070763168
32.8662951443 39.2856161331
32.9448349606 39.3589199617
33.023374777 39.4374597781
33.0862066301 39.5264715699
33.1490384831 39.610247374
33.217106324 39.6887871904
33.2904101525 39.7620910189
33.3532420056 39.8353948475
33.4160738587 39.9086986761
33.4841416995 39.9872384924
33.5469735526 40.0710142965
33.6150413934 40.1443181251
33.6831092342 40.2228579415
33.7511770751 40.3013977578
33.8297168914 40.3747015864
33.8977847322 40.4532414027
33.9658525731 40.5265452313
34.0339204139 40.6103210354
34.096752267 40.6940968395
34.1648201078 40.7674006681
34.2276519609 40.8511764722
34.2957198017 40.9349522763
34.3585516548 41.0187280804
34.4213835078 41.0972678967
34.4894513487 41.1810437008
34.5627551772 41.2648195049
34.6412949936 41.3590672845
34.7093628344 41.4323711131
34.782666663 41.5161469172
34.8559704916 41.5946867335
34.9240383324 41.6784625376
34.997342161 41.757002354
35.0706459896 41.8460141458
35.1491858059 41.9297899499
35.2172536467 42.0188017418
35.2905574753 42.1130495214
35.3586253162 42.1968253255
35.4319291447 42.2753651418
35.5052329733 42.3591409459
35.5785368019 42.4376807622
35.6518406305 42.5214565663
35.7146724836 42.5999963827
35.7879763121 42.6837721868
35.856044153 42.7727839786
35.9241119938 42.8565597827
35.9974158224 42.9455715746
36.0602476755 43.0136394154
36.1283155163 43.0817072562
36.1859113816 43.1445391093
36.2487432347 43.2126069501
36.3115750877 43.2859107787
36.3691709531 43.3539786195
36.4267668184 43.4272824481
36.4895986714 43.4901143012
36.5471945368 43.558182142
36.6100263898 43.6367219584
36.6728582429 43.7257337502
36.7409260837 43.8147455421
36.8142299123 43.8985213462
36.8927697287 43.9822971503
36.9660735572 44.0608369666
37.0393773858 44.1341407952
37.1126812144 44.2179165993
37.1807490552 44.3016924034
37.2540528838 44.4011761707
37.3221207246 44.4744799993
37.3901885655 44.5634917912
37.4530204185 44.6472675953
37.5263242471 44.7258074116
37.5996280757 44.8148192035
37.6834038798 44.8985950076
37.7724156717 44.9928427872
37.8352475247 45.0556746402
37.9033153656 45.1394504443
37.9661472186 45.2336982239
38.0237430839 45.3331819913
38.086574937 45.4326657587
38.1546427778 45.5164415628
38.2174746309 45.5897453913
38.2960144473 45.6735211954
38.3693182758 45.7572969995
38.4373861167 45.8410728036
38.5106899453 45.9300845955
38.5839937738 46.0295683628
38.6520616147 46.1133441669
38.7201294555 46.2023559588
38.7881972963 46.2808957751
38.8562651371 46.369907567
38.9295689657 46.4641553466
38.9924008188 46.5584031262
39.0552326719 46.6369429425
39.1233005127 46.7154827589
39.1966043413 46.7887865875
39.2751441576 46.8673264038
39.3432119985 46.9511022079
39.4060438515 47.0296420242
39.4741116924 47.1134178283
39.5474155209 47.1867216569
39.6207193495 47.2547894977
39.6887871904 47.3333293141
39.7516190434 47.4118691304
39.8092149087 47.4956449345
39.8720467618 47.5846567264
39.9453505904 47.6631965427
40.0081824435 47.7312643835
40.081486272 47.7940962366
40.1443181251 47.872636053
40.2123859659 47.9459398815
40.2909257823 48.0297156856
40.3589936231 48.1187274775
40.4218254762 48.2025032816
40.489893317 48.2915150734
40.5579611578 48.3752908775
40.6260289987 48.4590666816
40.6940968395 48.5428424857
40.7674006681 48.6318542776
40.8354685089 48.7103940939
40.9140083253 48.794169898
40.9873121538 48.8674737266
41.0553799947 48.9460135429
41.1286838232 49.0350253348
41.1915156763 49.1292731144
41.2595835171 49.223520894
41.3224153702 49.3072966981
41.390483211 49.3858365144
41.4585510519 49.459140343
41.5266188927 49.5376801594
41.5946867335 49.6162199757
41.6679905621 49.6999957798
41.7308224152 49.7732996084
41.7936542683 49.8518394247
41.8564861213 49.9356152288
41.9297899499 50.0141550451
41.9978577907 50.0926948615
42.0711616193 50.1659986901
42.1392294602 50.2393025187
42.207297301 50.338786286
42.2753651418 50.4173261024
42.3434329826 50.5011019065
42.421972799 50.574405735
42.5005126153 50.6686535146
42.5738164439 50.747193331
42.6471202725 50.8309691351
42.7204241011 50.9252169147
42.7937279296 51.003756731
42.8670317582 51.0875325351
42.9350995991 51.1660723515
43.0031674399 51.2498481556
43.065999293 51.3283879719
43.128831146 51.412163776
43.1968989869 51.4854676046
43.2649668277 51.5640074209
43.3382706563 51.6373112495
43.4115744849 51.7158510658
43.4796423257 51.7996268699
43.5477101665 51.8781666863
43.6210139951 51.9671784781
43.6890818359 52.05619027
43.7571496767 52.1347300863
43.8409254808 52.2185058904
43.9142293094 52.2970457068
43.987533138 52.3808215109
44.0556009788 52.4645973149
44.1289048074 52.5536091068
44.1969726483 52.6478568864
44.2702764768 52.7368686783
44.3435803054 52.8258804701
44.4116481462 52.914892262
44.4901879626 52.9986680661
44.5739637667 53.0824438702
44.6629755585 53.1662196743
44.7362793871 53.2395235028
44.8095832157 53.3128273314
44.8828870443 53.4018391233
44.9561908729 53.4803789396
45.0294947015 53.5641547437
45.1080345178 53.6479305478
45.1865743341 53.7369423397
45.2651141505 53.8311901193
45.3384179791 53.9359098744
45.4169577954 54.030157654
45.4954976117 54.1244054336
45.5740374281 54.2029452499
45.6787571832 54.3076650051
45.7311170608 54.3757328459
45.7991849016 54.4752166132
45.8672527424 54.5747003806
45.9457925588 54.6898921112
46.0190963873 54.7789039031
46.0976362037 54.8679156949
46.1709400323 54.9569274868
46.2547158364 55.0459392786
46.3384916404 55.1297150827
46.4222674445 55.2187268746
46.5008072609 55.3234466297
46.5688751017 55.4229303971
46.6474149181 55.5276501522
46.7207187466 55.6166619441
46.7940225752 55.7056737359
46.8725623916 55.7946855278
46.9511022079 55.8889333074
47.0296420242 55.9779450992
47.1134178283 56.0721928788
47.1971936324 56.1664406584
47.270497461 56.260688438
47.3595092529 56.3549362176
47.4328130814 56.4439480095
47.50611691 56.5381957891
47.5794207386 56.6376795565
47.6631965427 56.7319273361
47.7522083346 56.8209391279
47.8359841387 56.9099509198
47.9249959305 57.0041986994
48.0035357469 57.1036824668
48.0768395754 57.2031662341
48.1449074163 57.292178026
48.2182112448 57.3759538301
48.2915150734 57.4649656219
48.3752908775 57.5592134015
48.4485947061 57.6482251934
48.5271345225 57.742472973
48.600438351 57.8314847648
48.6789781674 57.9257325444
48.7575179837 58.0147443363
48.8308218123 58.0932841526
48.9041256409 58.1770599567
48.9826654572 58.2660717486
49.0559692858 58.3498475527
49.2706447838 58.5959389772
47.1605417181 56.4282400462
46.9668101712 56.239744487
46.7678426364 56.0407769523
46.5741110895 55.8418094176
46.3646715792 55.6428418828
46.1709400323 55.4595823114
45.9772084853 55.2710867522
45.7625329873 55.0616472419
45.5635654526 54.8679156949
45.3645979178 54.674184148
45.1603943954 54.480452601
44.9666628484 54.286721054
44.7676953137 54.0825175315
44.5687277789 53.8730780213
44.374996232 53.6845824621
44.1707927095 53.4856149274
43.9822971503 53.3023553559
43.7833296155 53.1033878212
43.5634181298 52.8887123232
43.3906305338 52.7159247272
43.1864270113 52.5117212048
42.9769875011 52.3022816945
42.7780199664 52.1033141598
42.5685804561 51.8991106373
42.3748489092 51.7053790903
42.1706453867 51.5064115556
41.9769138397 51.3179159964
41.7674743295 51.1189484617
41.5527988315 50.9199809269
41.3643032723 50.72624938
41.1653357375 50.532517833
40.940188264 50.317842335
40.7412207293 50.1084028248
40.5422531946 49.90943529
40.3380496721 49.7157037431
40.1495541129 49.5219721961
39.9558225659 49.3125326858
37.5001443084 46.820202514
38.1703507411 46.5217512119
35.5733008141 44.1027248686
35.3690972917 43.8880493706
35.1544217937 43.6890818359
34.9240383324 43.4691703502
34.7093628344 43.2440228767
34.4842153609 43.0084034276
34.2643038752 42.8041999052
34.0496283772 42.6052323704
33.8244809037 42.3905568724
33.6045694179 42.1706453867
33.3794219444 41.9507339009
33.1856903974 41.7622383417
32.9814868749 41.5580348192
32.7772833525 41.3538312968
32.5573718667 41.1443917865
32.3426963687 40.9349522763
32.1280208707 40.725512766
31.908109385 40.5213092436
31.6881978992 40.3223417088
31.4735224012 40.1181381863
31.264082891 39.9139346639
31.0389354175 39.6887871904
30.834731895 39.5107636066
30.6252923847 39.3065600842
30.4210888623 39.1075925494
30.2011773765 38.8981530392
29.996973854 38.6939495167
29.7980063193 38.4897459942
29.5780948335 38.2855424717
29.3791272988 38.0813389493
29.1749237763 37.8823714145
28.9864282171 37.6938758553
28.7979326579 37.5053802961
28.5989651232 37.3116487491
28.3999975885 37.1283891777
28.2062660415 36.9346576307
28.0177704823 36.7461620715
27.808330972 36.5367225612
27.6250714006 36.348227002
27.4261038658 36.1440234796
27.2219003434 35.9502919326
27.0229328086 35.7513243979
26.8082573106 35.5418848876
26.6040537881 35.3376813651
26.4050862534 35.1439498182
26.1904107554 34.9449822834
25.9862072329 34.7512507365
25.7662957472 34.547047214
25.577800188 34.3690236303
25.3683606777 34.1805280711
25.1746291308 33.9815605363
24.9704256083 33.7878289894
24.7662220858 33.5888614546
24.5567825756 33.3951299077
24.3525790531 33.1961623729
24.1588475061 33.0076668137
23.9441720081 32.7982273035
23.7399684856 32.594023781
23.5357649631 32.3950562463
23.3263254529 32.2013246993
23.1221219304 32.0023571646
22.9179184079 31.7981536421
22.7084788977 31.5939501196
22.5042753752 31.3949825849
22.294835865 31.1907790624
22.101104318 30.9918115277
21.8916648078 30.7876080052
21.6822252975 30.5834044827
21.4623138118 30.3792009602
21.2476383138 30.1854694132
21.0329628158 29.9812658908
20.8235233055 29.7718263805
20.598375832 29.5519148948
20.3941723096 29.35294736
20.1899687871 29.1592158131
19.9543493381 28.9340683396
19.7867977299 28.7717527191
19.5878301951 28.5780211722
19.3940986482 28.3790536374
19.1898951257 28.1800861027
18.990927591 27.9915905435
18.8076680195 27.7978589965
18.6191724603 27.6041274495
18.4306769011 27.4156318903
18.2264733786 27.2009563923
18.0432138071 27.0334047841
17.8599542357 26.8449092249
17.6714586764 26.6564136657
17.4620191662 26.4417381677
17.273523607 26.2532426085
17.0745560723 26.0595110615
16.8808245253 25.855307539
16.6818569906 25.6511040166
16.4828894558 25.4521364818
16.2786859334 25.2531689471
16.0797183986 25.0542014124
15.8702788884 24.8499978899
15.6608393781 24.6615023307
15.4566358557 24.4730067715
15.2471963454 24.268803249
15.0482288107 24.0803076898
14.8440252882 23.8761041673
14.634585778 23.6771366326
14.4356182432 23.4781690978
14.226178733 23.2739655753
14.0219752105 23.0802340284
13.8230076758 22.8865024814
13.6135681656 22.6822989589
13.4041286553 22.4780954364
13.2679929737 22.336723767
12.9224177818 21.9649686363
9.85936494452 19.011871542
9.73893722613 19.4883464278
7.44557458901 17.1321519376
7.24660705428 16.9384203906
7.04763951955 16.7499248314
6.84867198483 16.5561932844
6.62352451132 16.3362817987
6.42455697659 16.1425502517
6.22558944186 15.943582717
6.02138591938 15.7446151822
5.83289036017 15.5508836353
5.62345084993 15.3466801128
5.4244833152 15.1581845536
5.22027979272 14.9592170188
5.01607627023 14.7602494841
4.8171087355 14.5717539249
4.61290521302 14.3780223779
4.39822971503 14.184290831
4.20449816805 13.9957952717
4.00553063333 13.8072997125
3.8065630986 13.6188041533
3.61283155163 13.4303085941
3.40862802914 13.2313410594
3.19918851891 13.0271375369
3.00022098418 12.8281700022
2.79601746169 12.6292024674
2.5813419637 12.4354709205
2.34572251468 12.210323447
2.14675497995 12.0165919
1.93207948196 11.8071523897
1.71740398396 11.6029488673
1.51320046148 11.4092173203
1.29852496348 11.2102497856
1.10479341651 11.0269902141
0.895353906273 10.8332586671
0.69115038379 10.6395271202
-14.2366507085 -3.85892297616
-14.5874618882 -4.20973415581
-13.6973439697 -3.37197611485
-12.1946154837 -1.34041286553
-12.1108396796 -1.24092909817
-12.0322998632 -1.13620934305
-11.9537600469 -1.04196156344
-11.8699842428 -0.937241808321
-11.7862084387 -0.848230016469
-11.7076686224 -0.764454212374
-11.6238928183 -0.670206432766
-11.5558249775 -0.581194640914
-11.4877571366 -0.492182849062
-11.414453308 -0.403171057211
-11.3306775039 -0.314159265359
-11.2521376876 -0.230383461263
-11.1735978713 -0.146607657168
-11.0950580549 -0.0471238898038
-11.0217542263 0.0471238898038
-10.9484503978 0.146607657168
-10.8751465692 0.235619449019
-10.8018427406 0.324631240871
-10.7233029243 0.413643032723
-10.6447631079 0.497418836818
-10.5714592793 0.575958653158
-10.4981554507 0.66497044501
-10.4405595854 0.748746249106
-10.3724917446 0.848230016469
-10.3044239038 0.926769832809
-10.2311200752 1.0105456369
-10.1525802589 1.094321441
-10.0740404425 1.1780972451
-9.99550062617 1.25140107368
-9.91696080983 1.34564885329
-9.848892969 1.43466064514
-9.78082512818 1.52890842475
-9.70752129959 1.6179202166
-9.6237454955 1.71216799621
-9.54520567916 1.7959438003
-9.45619388731 1.88495559215
-9.37241808321 1.97920337176
-9.28864227911 2.07345115137
-9.20486647502 2.16769893098
-9.12109067092 2.26718269834
-9.04255085458 2.3666664657
-8.96401103824 2.46615023307
-8.8854712219 2.56563400043
-8.80693140556 2.65988178004
-8.72315560147 2.7593655474
-8.64461578513 2.8431413515
-8.56607596879 2.91644518008
-8.49800812796 2.99498499642
-8.41946831162 3.07876080052
-8.34092849528 3.16777259237
-8.25715269119 3.24631240871
-8.1838488626 3.33008821281
-8.11054503402 3.4138640169
-8.03724120543 3.50811179651
-7.96393737685 3.60759556387
-7.89063354827 3.70184334348
-7.7911497809 3.81703507411
-7.72831792783 3.87986692718
-7.63407014822 3.96887871904
-7.55553033188 4.0683624864
-7.4822265033 4.16261026601
-7.40368668696 4.26209403337
-7.31991088286 4.35634181298
-7.24137106652 4.45582558034
-7.15759526243 4.54483737219
-7.07905544609 4.64432113956
-7.00051562975 4.73856891916
-6.9115038379 4.83281669877
-6.82249204605 4.92706447838
-6.73871624195 5.02654824574
-6.65494043785 5.12603201311
-6.58163660927 5.22551578047
-6.50833278069 5.32499954783
-6.42455697659 5.41401133969
-6.3407811725 5.50302313154
-6.2570053684 5.59727091115
-6.17846555206 5.69151869075
-6.08945376021 5.79100245812
-6.01091394387 5.89048622548
-5.92713813977 5.98473400509
-5.84859832343 6.0789817847
-5.77005850709 6.16275758879
-5.686282703 6.2570053684
-5.59727091115 6.36172512352
-5.51349510705 6.45597290313
-5.42971930295 6.54498469498
-5.3407075111 6.64446846234
-5.24645973149 6.75442420522
-5.1626839274 6.84867198483
-5.08414411106 6.93768377668
-5.00036830696 7.02669556853
-4.92182849062 7.11047137262
-4.84852466204 7.19948316448
-4.7699848457 7.29373094408
-4.6862090416 7.38797872369
-4.60243323751 7.47699051554
-4.52389342117 7.5660023074
-4.44535360483 7.65501409925
-4.36681378849 7.7440258911
-4.29350995991 7.82256570744
-4.20973415581 7.91681348705
-4.13119433947 8.0058252789
-4.05265452313 8.09483707075
-3.97935069455 8.17861287485
-3.91128285372 8.26238867894
-3.83797902514 8.3618724463
-3.76467519655 8.45612022591
-3.68613538021 8.55036800552
-3.61806753938 8.62890782186
-3.5447637108 8.71268362596
-3.47145988222 8.80169541781
-3.39815605363 8.89594319742
-3.32485222505 8.99019097702
-3.24631240871 9.08443875663
-3.16253660461 9.18392252399
-3.08923277603 9.27293431585
-3.0211649352 9.3619461077
-2.93738913111 9.46142987506
-2.86932129028 9.54520567916
-2.80125344945 9.63421747101
-2.71747764536 9.73370123837
-2.63893782902 9.82271303022
-2.56039801268 9.90648883432
-2.49233017185 9.98502865066
-2.41379035551 10.0688044548
-2.34048652692 10.1578162466
-2.26718269834 10.2468280385
-2.20435084527 10.3358398303
-2.1415189922 10.4248516222
-2.08392312688 10.5086274263
-2.01585528605 10.5924032304
-1.94255145747 10.6709430467
-1.87448361664 10.7442468753
-1.80641577581 10.8227866916
-1.73834793499 10.901326508
-1.67028009416 10.9851023121
-1.59174027782 11.0688781161
-1.52367243699 11.157889908
-1.45560459616 11.2521376876
-1.38230076758 11.3359134917
-1.30376095124 11.4353972591
-1.23569311041 11.5139370754
-1.17286125734 11.5924768917
-1.10479341651 11.6814886836
-1.02625360017 11.7757364632
-0.958185759345 11.8699842428
-0.890117918517 11.9642320224
-0.822050077689 12.0480078265
-0.753982236862 12.1265476429
-0.675442420522 12.210323447
-0.591666616426 12.2888632633
-0.523598775598 12.3831110429
-0.445058959259 12.466886847
-0.382227106187 12.5558986388
-0.314159265359 12.6501464185
-0.240855436775 12.7391582103
-0.172787595947 12.8176980266
-0.0942477796077 12.8910018552
-0.00523598775598 12.9747776593
0.0680678408278 13.0428455002
0.146607657168 13.1213853165
0.214675497995 13.1999251328
0.282743338823 13.2732289614
0.356047167407 13.3570047655
0.434586983747 13.4512525451
0.502654824574 13.5297923615
0.575958653158 13.6240401411
0.654498469498 13.7182879207
0.727802298082 13.817771688
0.806342114421 13.9120194676
0.890117918517 14.0010312595
0.979129710369 14.0952790391
1.06814150222 14.184290831
1.14668131856 14.2837745983
1.23045712266 14.3884943534
1.31423292675 14.482742133
1.4032447186 14.5769899127
1.49225651046 14.6817096678
1.57079632679 14.7811934351
1.64933614313 14.8754412147
1.73311194723 14.9696889944
1.81688775133 15.0691727617
1.90066355542 15.1686565291
1.97396738401 15.2576683209
2.0577431881 15.3571520883
2.13628300444 15.4513998679
2.21482282078 15.5456476475
2.29859862488 15.6398954271
2.38761041673 15.7393791945
2.46615023307 15.8336269741
2.54469004941 15.9331107415
2.62322986575 16.0325945088
2.7122416576 16.1216063007
2.79601746169 16.2106180925
2.88502925355 16.3048658721
2.96880505764 16.414821615
3.04210888623 16.5090693946
3.12064870257 16.608553162
3.20442450666 16.7080369293
3.282964323 16.7970487212
3.35626815159 16.8755885375
3.44004395568 16.9698363171
3.50811179651 17.0483761335
3.58665161285 17.1321519376
3.66519142919 17.2159277417
3.74373124553 17.2997035458
3.81179908636 17.3887153376
3.88510291494 17.488199105
3.95317075577 17.5772108968
4.02647458435 17.6609867009
4.09977841293 17.744762505
4.17308224152 17.8285383091
4.2463860701 17.9123141132
4.31968989869 17.9960899173
4.39822971503 18.0851017092
4.48200551912 18.1793494888
4.56054533546 18.2735972684
4.63384916404 18.367845048
4.71238898038 18.4725648031
4.79092879672 18.5668125827
4.86423262531 18.6558243746
4.9480084294 18.7500721542
5.0317842335 18.8443199338
5.11032404984 18.9385677134
5.19409985394 19.0485234563
5.26740368252 19.1427712359
5.3407075111 19.2317830277
5.42971930295 19.3155588318
5.50825911929 19.3993346359
5.58156294788 19.48311044
5.65486677646 19.5825942074
5.72293461729 19.6716059992
5.80147443363 19.7710897666
5.87477826221 19.8601015584
5.94284610304 19.9438773625
6.02662190714 20.0328891544
6.10516172348 20.1219009462
6.18370153982 20.2109127381
6.25176938064 20.2999245299
6.31983722147 20.3784643463
6.39314105006 20.4622401504
6.46120889088 20.5460159545
6.53451271947 20.6297917586
6.61305253581 20.7188035504
6.68635636439 20.8235233055
6.75442420522 20.9072991096
6.83296402156 20.9963109015
6.9115038379 21.0800867056
6.98480766648 21.1690984974
7.05811149507 21.2685822648
7.14188729916 21.3680660322
7.20995513999 21.4518418363
7.27278699306 21.5356176404
7.34609082164 21.6089214689
7.42463063798 21.692697273
7.49793446657 21.7869450526
7.5660023074 21.8811928323
7.63407014822 21.9859125874
7.70737397681 22.080160367
7.77544181763 22.1639361711
7.84874564622 22.2529479629
7.91157749929 22.336723767
7.97440935236 22.4257355589
8.04247719319 22.509511363
8.11054503402 22.5880511793
8.17861287485 22.6718269834
8.23620874016 22.7556027875
8.30427658099 22.8341426038
8.37234442182 22.9022104447
8.44041226264 22.980750261
8.49800812796 23.0540540896
8.56607596879 23.1273579182
8.6236718341 23.195425759
8.68650368718 23.2634935998
8.74933554025 23.3420334162
8.81740338108 23.4205732325
8.8854712219 23.4991130489
8.94306708722 23.5776528652
9.01113492805 23.666664657
9.07920276887 23.7556764489
9.1472706097 23.8499242285
9.21010246277 23.9389360204
9.28340629136 24.0227118244
9.37241808321 24.1012516408
9.45095789955 24.1797914571
9.52949771589 24.2583312735
9.60280154447 24.3473430653
9.6708693853 24.4468268327
9.73370123837 24.5358386245
9.81747704247 24.6248504164
9.90125284656 24.719098196
9.98502865066 24.8133459756
10.0688044548 24.9023577675
10.1525802589 24.9966055471
10.2311200752 25.0960893144
10.3044239038 25.1955730818
10.3777277324 25.2898208614
10.4562675487 25.3788326532
10.534807365 25.4730804329
10.6185831691 25.5725642002
10.707594961 25.6668119798
10.8018427406 25.7662957472
10.8856185447 25.8657795146
10.9746303365 25.9652632819
11.0688781161 26.0647470493
11.157889908 26.1694668044
11.2416657121 26.2689505718
11.3254415162 26.3631983514
11.4196892958 26.478390082
11.5034650999 26.5831098371
11.5767689285 26.6878295922
11.6553087448 26.7873133596
11.7443205367 26.886797127
11.8333323285 26.9758089188
11.9118721449 27.0595847229
11.9904119612 27.1538325025
12.0741877653 27.2480802821
12.1579635694 27.337092074
12.2417393735 27.4313398536
12.3202791898 27.530823621
12.4040549939 27.6198354128
12.487830798 27.7140831924
12.5663706144 27.8135669598
12.6449104307 27.9078147394
12.723450247 27.9968265312
12.8124620389 28.0910743108
12.8910018552 28.1853220905
12.9747776593 28.2848058578
13.0533174757 28.3842896252
13.1266213042 28.4837733925
13.2051611206 28.5780211722
13.2837009369 28.667032964
13.3727127288 28.7665167314
13.4460165574 28.8660004987
13.5297923615 28.9550122906
13.6135681656 29.0544960579
13.7025799574 29.1539798253
13.7811197737 29.2482276049
13.8648955778 29.3424753845
13.9486713819 29.4314871764
14.0272111983 29.525734956
14.1162229901 29.6304547111
14.1999987942 29.7299384785
14.2733026228 29.8294222458
14.3570784269 29.9289060132
14.4513262065 30.0336257683
14.5351020106 30.1226375602
14.6188778147 30.2221213275
14.7131255943 30.3216050949
14.7969013984 30.4158528745
14.8754412147 30.5101006541
14.9592170188 30.6148204092
15.0429928229 30.7038322011
15.126768627 30.8033159684
15.2053084434 30.9027997358
15.2733762842 30.9970475154
15.3466801128 31.0860593073
15.4252199291 31.1750710991
15.514231721 31.2797908542
15.5822995618 31.3740386339
15.6556033904 31.4682864135
15.7341432067 31.5677701808
15.8074470353 31.6515459849
15.8807508639 31.735321789
15.9592906802 31.8243335809
16.0378304966 31.9133453727
16.1111343252 32.0075931523
16.1844381537 32.1018409319
16.2577419823 32.1908527238
16.3415177864 32.2746285279
16.4252935905 32.3636403197
16.5090693946 32.4578880993
16.5823732232 32.5573718667
16.6556770518 32.6516196463
16.7394528559 32.7511034137
16.82322866 32.8401152055
16.9017684763 32.9291269974
16.9750723049 33.0181387892
17.0431401457 33.1019145933
17.1112079866 33.1752184219
17.1897478029 33.2485222505
17.2630516315 33.3270620668
17.3311194723 33.4003658954
17.3939513254 33.4893776873
17.4567831784 33.5783894791
17.5248510193 33.6621652832
17.5981548479 33.7511770751
17.6714586764 33.8454248547
17.744762505 33.9396726343
17.8128303459 34.0286844261
17.8808981867 34.1124602302
17.9542020153 34.1962360343
18.0222698561 34.2852478262
18.0851017092 34.3794956058
18.15316955 34.4789793731
18.2212373908 34.567991165
18.2997772072 34.6517669691
18.3940249868 34.7669586997
17.1269159498 33.2904101525
