210,260
210.0,260.0,0.0
210.162815086,260.00010827,0.0762019999826
210.316850145,260.000438105,0.169171999963
210.48877738,260.000985551,0.195706499953
210.729608457,260.001858583,0.219694999951
210.987998707,260.002827831,0.210147499953
211.238276355,260.003617853,0.151568999966
211.505113883,260.004339072,0.158152999961
211.823963059,260.005140654,0.129927999971
212.142812591,260.005785166,0.101702999977
212.478888522,260.006297073,0.0728414999808
212.849083541,260.006776643,0.0756064999833
213.580693654,260.007884426,0.0979044999908
213.985007167,260.008696643,0.132295999989
214.398433497,260.009596133,0.117019999961
214.803080248,260.010427847,0.118511999974
215.234066372,260.011135725,0.0696999999909
215.699505211,260.011498498,0.0196149999773
216.173390631,260.011520319,-0.0143384999956
216.62160337,260.011214739,-0.0637870000101
217.077929104,260.010705052,-0.0642044999969
217.55181405,260.010033613,-0.098157999971
218.034478045,260.00899308,-0.148879499953
218.525587538,260.007568715,-0.183469499958
219.016696081,260.005847863,-0.218059499962
219.507470795,260.003972796,-0.21974999995
219.989798813,260.002047869,-0.237571999945
220.489352176,259.999896032,-0.256030499941
220.989237388,259.997438198,-0.307388499924
221.463115215,259.994755432,-0.341341999897
221.962996212,259.991553288,-0.39269999991
222.462874139,259.987903069,-0.444057999892
222.971527372,259.983658368,-0.512183999883
223.4713966,259.978965718,-0.563541999866
223.970929636,259.973971848,-0.582000499861
224.488017911,259.968484527,-0.633994999874
224.996322734,259.962703475,-0.669221499848
225.495514139,259.956935512,-0.654780499826
226.003485282,259.95111981,-0.657107499844
226.520234436,259.945106995,-0.67620249984
227.019756687,259.939130905,-0.694660999835
227.510830331,259.933028521,-0.729250999809
228.027571505,259.92636505,-0.748345999804
228.536195023,259.919419052,-0.816471999826
229.04414773,259.912169856,-0.818798999813
229.561208911,259.904545507,-0.870793499796
230.060707985,259.89687295,-0.889251999791
230.542980583,259.889312273,-0.907073999787
231.033697262,259.881535637,-0.908764499806
231.524413712,259.873744523,-0.910454999792
232.015460889,259.865792649,-0.945044999797
232.506503177,259.857544326,-0.97963499977
233.049541285,259.847929659,-1.04903399976
233.540567794,259.838790133,-1.08362399973
234.03125818,259.829501452,-1.08531449975
234.504394638,259.820669615,-1.05346899979
234.986974196,259.811581988,-1.10419049974
235.486768255,259.8017248,-1.15554849975
235.969330856,259.791777412,-1.20626999973
236.451554239,259.781548446,-1.22409199973
236.942220379,259.771056804,-1.22578249972
237.441332205,259.760440133,-1.21134149972
237.923224413,259.750313933,-1.19626399973
238.422671844,259.739804095,-1.21472249973
238.896117488,259.729760757,-1.21577649972
239.378339167,259.719451781,-1.23359849971
239.877779643,259.7086165,-1.25205699971
240.368440604,259.697885374,-1.25374749973
240.833433447,259.687638997,-1.27093299969
241.324090846,259.676746224,-1.27262349971
241.832299658,259.665299996,-1.30784999971
242.314504148,259.65421611,-1.32567199971
242.797035086,259.642835936,-1.37639349956
243.279225972,259.631175192,-1.39421549953
243.770188508,259.619077635,-1.42880549966
244.252368525,259.606975806,-1.44662749966
244.72576964,259.595016281,-1.44768149952
245.225166144,259.582314945,-1.46613999951
245.707338173,259.569898925,-1.48396199951
246.180731395,259.557630931,-1.48501599968
246.654453995,259.54520958,-1.51896949982
247.145059641,259.532192834,-1.52065999936
247.627219637,259.519318008,-1.53848199967
248.10093044,259.506454605,-1.5724354998
248.591852972,259.492829957,-1.60702549962
249.083096285,259.478758453,-1.67451499971
249.573993763,259.464259187,-1.70910499952
250.04766416,259.449985164,-1.74305849966
250.538543941,259.434898644,-1.77764849947
251.02064134,259.419861325,-1.79547049978
251.520280097,259.403974929,-1.84682849941
252.002358988,259.388355527,-1.86465049941
252.475988888,259.372795647,-1.89860399955
252.958053468,259.35674062,-1.91642599953
253.448885353,259.34016885,-1.95101599967
253.939707144,259.323300764,-1.98560599949
254.413303141,259.306741053,-2.01955949962
254.895332753,259.289668389,-2.0373814993
255.842807391,259.25512834,-2.13818799951
256.307586674,259.237705653,-2.15537349951
256.789902229,259.219339375,-2.20609499977
257.272201337,259.20054613,-2.25681649941
257.762926108,259.18105867,-2.29140649954
258.261754169,259.161161566,-2.27696549958
258.73493226,259.142342946,-2.27801949945
259.216879953,259.123096038,-2.29584149975
259.699149032,259.103547357,-2.34656299939
260.672079128,259.062952899,-2.43187449947
261.153973401,259.0424119,-2.44969649947
261.627092608,259.022166866,-2.45075049933
263.081812509,258.958593477,-2.5538839994
263.546453155,258.937799182,-2.5710694994
264.492603284,258.895296032,-2.57317749912
264.974445433,258.873566648,-2.59099949943
265.447840025,258.852003887,-2.62495299956
266.394590459,258.808036782,-2.6928599992
266.876386167,258.785300948,-2.71068199951
267.34940825,258.762901047,-2.71173599937
267.831522725,258.739852252,-2.76245749932
268.330822223,258.715536062,-2.81381549927
268.812894869,258.691628357,-2.86453699922
269.277742063,258.668164973,-2.91462199949
269.733803848,258.644812248,-2.9479389993
270.197964529,258.620973328,-2.93222499935
270.696538858,258.595498495,-2.91778399938
271.195119592,258.570149326,-2.90334299943
271.650533553,258.547181831,-2.87086099933
272.115052049,258.52381734,-2.88804649933
272.605206637,258.499082452,-2.88973699951
273.077830386,258.475356917,-2.85789149941
273.550793355,258.45174176,-2.85894549927
274.02375589,258.428117903,-2.85999949945
274.513922527,258.403622954,-2.86168999931
274.969679408,258.380839149,-2.86210749949
275.434201468,258.357545626,-2.87929299948
275.907481571,258.333601182,-2.91324649961
276.836795708,258.285761773,-2.98051699924
277.292830333,258.261884553,-3.01383399906
277.766052906,258.236828828,-3.04778749919
278.24769853,258.211108892,-3.0656094995
278.711809274,258.186316758,-3.04989549923
279.158725067,258.162568564,-3.03354499927
279.614085659,258.138566222,-3.00106299918
280.078224037,258.114296948,-2.98534899922
280.542694919,258.090004306,-3.00253449922
281.015596765,258.065195232,-3.00358849939
281.462857683,258.041662421,-3.02013749939
281.918875688,258.017469856,-3.05345449952
282.392080821,257.992086899,-3.08740799902
282.848070108,257.967358944,-3.12072499947
283.321245113,257.941420419,-3.15467849928
283.794404664,257.915201495,-3.18863199941
284.276310597,257.88814071,-3.23935349905
284.749105861,257.861377222,-3.24040749922
285.230662297,257.834038212,-3.25822949922
285.712210207,257.806549414,-3.27605149922
286.185313155,257.779328228,-3.31000499903
286.993897891,257.732119125,-3.37281999929
287.46695419,257.704098941,-3.40677349911
287.9399938,257.675798428,-3.44072699925
288.42145171,257.646775955,-3.45854899923
288.903224815,257.617445248,-3.50927049918
289.38464766,257.587846823,-3.52709249918
289.849192455,257.559009739,-3.57717749914
290.3218217,257.529459065,-3.57823149931
290.803532486,257.49912207,-3.62895299926
291.310517652,257.466957715,-3.63127999912
291.800310153,257.435866864,-3.63297049929
292.281667975,257.40522913,-3.65079249929
292.780207075,257.373339348,-3.66925099929
293.245002808,257.343194839,-3.75223549919
293.700998363,257.313024804,-3.81845199928
294.191009796,257.280171199,-3.8530419991
294.681001304,257.247021776,-3.88763199891
295.170649797,257.213739821,-3.88932249909
295.643111039,257.181614733,-3.89037649895
296.115571689,257.149480955,-3.89143049912
296.596786407,257.116672145,-3.90925249912
297.069559637,257.084224258,-3.94320599925
297.576360765,257.049279715,-3.94553299912
298.057544288,257.016016524,-3.96335499912
298.547471065,256.981923771,-3.99794499924
299.028623959,256.948220426,-4.01576699892
299.509766347,256.914367419,-4.03358899892
299.999328467,256.879838227,-4.0352794991
300.497642346,256.84460371,-4.05373799909
301.004697205,256.808512394,-4.08896449922
301.486118433,256.773882705,-4.13968599917
301.976260093,256.738117458,-4.20717549895
302.440107371,256.703926298,-4.22436099894
302.921123323,256.668321847,-4.24218299925
303.410556491,256.632010563,-4.2438734988
303.908738791,256.594962095,-4.26233199911
304.389408984,256.559201696,-4.24725449915
305.334535192,256.488449029,-4.31516149909
305.841098788,256.450215169,-4.31748849895
306.338911549,256.41269472,-4.303047499
306.819556208,256.376592756,-4.28796999904
307.308960202,256.339890361,-4.28966049921
307.781185447,256.304464896,-4.29071449907
308.288086695,256.266276706,-4.3259409992
308.777787914,256.229084242,-4.36053099902
309.241542016,256.193651691,-4.37771649902
309.722782609,256.156596246,-4.42843799896
310.203668694,256.119278735,-4.44625999896
310.69329073,256.081058,-4.48084999909
311.199741642,256.041359416,-4.48317699895
311.680591855,256.003582495,-4.50099899895
312.144257696,255.967013099,-4.51818449894
312.633510269,255.928344579,-4.51987499912
313.131187391,255.889065939,-4.50543399884
313.611701529,255.851266417,-4.4903564992
314.100972825,255.812835527,-4.49204699875
315.071701153,255.735845933,-4.57735849914
315.561234454,255.696504995,-4.61194849896
316.024828611,255.659037809,-4.62913399896
316.497156851,255.620652573,-4.66308749909
316.986310066,255.580746842,-4.66477799864
317.491990187,255.539767263,-4.60130599922
318.029496542,255.498044043,-4.2759109989
318.532545898,255.462019194,-3.91634349894
319.061111101,255.42772389,-3.5083814989
319.598019677,255.396955053,-3.05138849939
320.126716846,255.370811094,-2.6105269997
320.664368381,255.348291104,-2.18643349952
321.184627963,255.330508531,-1.7288039997
321.68779286,255.317335586,-1.27053799987
322.199162447,255.308258809,-0.763240999965
322.77038305,255.303413112,-0.208822499967
323.332843896,255.304166755,0.36236399986
323.887159678,255.310198565,0.884519499902
324.424511267,255.320792693,1.37441199968
324.961752633,255.335980862,1.86430449946
325.515380663,255.356686242,2.41935949946
326.06068929,255.382138812,2.92538349937
326.622609639,255.413501194,3.46367049924
327.192977162,255.450629427,3.98518949897
328.27301061,255.535310275,4.98110599866
328.867752525,255.589955329,5.51811999883
329.428027018,255.646577605,6.02350749875
330.004553719,255.710148656,6.56115799861
330.571731064,255.778165693,7.1155764983
331.163672248,255.855051032,7.68548999844
331.763526674,255.938950084,8.23863549813
332.362543179,256.028636258,8.79178099813
332.960665934,256.124101194,9.34492649781
333.54952578,256.2238414,9.88194049767
334.137424944,256.32909633,10.4189544975
334.707383918,256.436665298,10.9566049977
335.284576962,256.551303304,11.5103869974
335.860274018,256.671611776,12.0970684971
336.434709013,256.797808702,12.683749997
337.008184668,256.929791112,13.237531997
337.563245424,257.063369034,13.8248499967
338.125443068,257.204688943,14.3953999965
338.677691247,257.349455833,14.9827179964
339.261295491,257.509026389,15.6016624963
339.801907062,257.663061447,16.2057484961
340.34123024,257.822727603,16.7769349963
340.862466162,257.9827108,17.3487579961
341.390471259,258.150470529,17.9038129961
341.900094502,258.318007483,18.4924039957
342.415941375,258.493563493,19.0971264955
342.945787546,258.680314152,19.7341119955
343.473893472,258.872906471,20.3381979953
344.008555137,259.074036682,20.8926164953
344.564410386,259.28975562,21.5283289954
345.110029112,259.508408731,22.147909995
345.645476979,259.729647264,22.7513594947
346.194416797,259.963255255,23.3541724948
346.740494217,260.202648591,23.9898849942
347.283881943,260.448085948,24.6255974943
347.817263202,260.695887605,25.2122789942
348.363252004,260.956565382,25.8312234941
348.89130129,261.215534838,26.4179049938
349.416671216,261.479897598,27.0045864937
349.939680565,261.749628768,27.5583684938
350.474916833,262.032440658,28.1444134934
351.46970864,262.576864908,29.2371189933
352.003736513,262.879473622,29.8392954934
352.549453366,263.196324661,30.4408354931
353.099407579,263.523295021,31.0256074928
353.660714135,263.864811972,31.6097429927
354.196760256,264.198394239,32.1783834925
354.722012545,264.532644348,32.7637919925
355.272319335,264.891005971,33.3808269921
355.797421491,265.240961953,33.9823669922
356.333055946,265.606111691,34.5832704923
356.843444354,265.962063262,35.2015784919
357.363986054,266.333504821,35.8192499918
357.873723633,266.705484746,36.4207899916
358.372810136,267.077675243,37.0061984915
358.861029221,267.449696652,37.6083749916
359.345682978,267.826894404,38.1776519911
359.826936018,268.208958179,38.7140294913
360.244859857,268.546891056,39.2039219911
360.699060962,268.921050166,39.7577039908
361.130017295,269.283009718,40.2959909906
361.557554092,269.64900202,40.8342779905
361.982348862,270.019189419,41.3067659905
362.422876618,270.409857613,41.8276484905
362.872256501,270.815963639,42.3807939902
363.330365599,271.238059142,42.9333029902
363.784383151,271.664552545,43.4858119902
364.221462493,272.083386732,44.0718569898
364.666552395,272.518711991,44.6572654898
365.107533695,272.95867114,45.2097744898
365.544251987,273.402862195,45.7622834895
365.987899613,273.863415425,46.3799549894
366.42154898,274.322754197,46.9156959893
366.833141995,274.767113931,47.4688414893
367.23480869,275.209118336,48.0058554891
367.637872938,275.661228494,48.5590009891
368.042400458,276.123759252,49.0953784887
368.828178451,277.047018328,50.1029709885
369.247392091,277.553375182,50.6542069882
369.656462287,278.057126705,51.1893114884
370.055266,278.557867966,51.7411839881
370.449228152,279.062427214,52.2930564881
370.838312193,279.570757638,52.8449289881
371.267739864,280.144305457,53.5090854877
371.660692188,280.681388023,54.1093524875
372.0331256,281.201630858,54.6941244875
372.390681232,281.711711763,55.2466334875
372.7527155,282.23924417,55.8314054871
373.100076615,282.756321356,56.3839144871
373.437534928,283.26943859,56.9531914869
373.760553729,283.77139932,57.5231049868
374.064951937,284.254781352,58.0775234868
374.351252134,284.719192285,58.6164469866
374.65066509,285.215568544,59.1869969868
374.940899319,285.707585362,59.7414154865
375.217748217,286.187468053,60.2964704861
375.518773444,286.722007306,60.9315464859
375.789593809,287.214976982,61.502732986
376.063328198,287.725584846,62.1061824858
376.339038963,288.253879835,62.7747944858
376.608566168,288.785356181,63.4434064855
376.871873109,289.319941512,64.1120184855
377.129222256,289.857790128,64.7477309852
377.38407168,290.406155787,65.3995749851
377.625581331,290.941683582,66.0520554849
377.864574874,291.487936091,66.6877679847
378.090760849,292.02095055,67.3241169847
378.311293837,292.556689393,67.9275664845
378.525894092,293.094473029,68.5639154845
378.743681553,293.658584496,69.2157594841
378.955316599,294.225388944,69.834703984
379.158026627,294.786473841,70.4375169841
379.360507964,295.365921088,71.0396934839
379.559231675,295.955235673,71.6909009837
379.751790694,296.547294898,72.2763094834
379.935574769,297.132940881,72.8784859832
380.113193688,297.720486048,73.4806624832
380.284890296,298.310136523,74.0499394831
380.458637567,298.927291429,74.5031134829
380.625310413,299.531650521,74.6608284831
380.795922454,300.154174656,74.6863089829
380.966791362,300.777319499,74.6459904828
381.131893909,301.376115682,74.5243779829
381.293906163,301.958238818,74.3705024831
381.457224084,302.539650904,74.2495264829
381.611880295,303.087017435,74.195622483
381.771501236,303.650535306,74.173981483
381.92663098,304.197421429,74.1529769833
382.084191033,304.752397831,74.1481039831
382.23956776,305.299213834,74.1270994831
382.388189444,305.821260333,74.090599983
382.532177135,306.326368933,74.0876364831
382.673710953,306.823047576,74.1014409831
382.824808145,307.353171353,74.0810729831
382.971602226,307.866955844,74.0284419831
383.116374573,308.372186792,73.9925789833
383.258966699,308.868909378,73.973483983
383.399459871,309.357446871,73.9382574832
383.544790074,309.86217084,73.935293983
383.690383603,310.367165758,73.8994309832
383.833783081,310.86365587,73.8803359832
383.974837567,311.351684698,73.878008983
384.152218132,311.964218671,73.8215589834
384.317789287,312.534817248,73.8160494832
384.4641957,313.03923009,73.8130859834
384.620486667,313.576995071,73.7759499829
384.764720288,314.072896432,73.7897544832
384.90677932,314.560980896,73.7545279831
385.041785192,315.024033202,73.7367059834
385.184296067,315.511985928,73.7014794833
385.32226484,315.983319335,73.6668894834
385.458205568,316.44644538,73.6161679832
385.596875988,316.917572833,73.5815779831
385.737921451,317.396458526,73.596018983
385.879077873,317.875658961,73.577560483
386.015286305,318.338011536,73.5926379833
386.151373062,318.800399939,73.6077154832
386.294748044,319.287752089,73.6053884834
386.433507099,319.758853445,73.5707984829
386.569997136,320.221470449,73.5529764833
386.709187078,320.692444677,73.5183864834
386.853790871,321.180128871,73.450260483
386.993824919,321.650852811,73.4156704832
387.136721716,322.12988493,73.3643124833
387.279814884,322.608510606,73.3458539833
387.423062241,323.087090159,73.3273954833
387.568584616,323.573457552,73.3579679834
387.706792142,324.035564361,73.3401459831
387.850087175,324.51412964,73.3216874831
387.996128736,325.001037306,73.2864609833
388.139872113,325.479468111,73.2680024833
388.278805065,325.941357337,73.2501804833
388.425454189,326.42808236,73.2149539834
388.574536302,326.922547748,73.2287584831
388.718761432,327.400833546,73.2102999831
388.870733104,327.903945813,73.1744369833
389.010649292,328.365886367,73.1237154833
389.153363842,328.835804573,73.0891254832
389.301617281,329.322391716,73.0209994834
389.447575761,329.800151399,73.0025409834
389.591051558,330.269489264,73.0008504833
389.734773471,330.739100352,72.9662604834
389.878546429,331.208347272,72.9645699833
390.027619969,331.694335227,72.9293434831
390.176754932,332.179955724,72.9270164833
390.323496891,332.657475347,72.9085579833
390.462676877,333.110112704,72.9075039834
390.607163691,333.579489018,72.8729139836
390.757014475,334.065237878,72.8376874835
390.899412456,334.526070644,72.8198654835
391.044617049,334.995225404,72.7852754833
391.187667555,335.456204978,72.7345539834
391.328679363,335.908973151,72.6677009833
391.472443925,336.36938142,72.6498789836
391.621730311,336.84646091,72.5985209834
391.763357544,337.298338518,72.5974669835
391.899838476,337.733776679,72.5970494833
392.039013472,338.177571285,72.5798639833
392.18864599,338.654193046,72.5614054833
392.335965445,339.12268802,72.5268154835
392.478387929,339.574665042,72.4928619834
392.626267744,340.042983441,72.4582719836
392.769000661,340.49451302,72.4572179837
392.914455615,340.954390046,72.4393959834
393.05733728,341.405872577,72.4383419835
393.210867983,341.890470902,72.4031154834
393.359246026,342.358282072,72.4014249832
393.512849061,342.842507858,72.3990979834
393.661495077,343.310583627,72.3645079836
393.807693964,343.770224692,72.3466859836
393.961759547,344.254303508,72.3443589834
394.116084936,344.738649342,72.3091324836
394.270708081,345.222900203,72.2739059834
394.428133766,345.715122709,72.2548109838
394.583215954,346.199226756,72.2195844836
394.735604218,346.674624638,72.2340254836
394.893372475,347.166737449,72.2149304833
395.040770811,347.625995278,72.1971084836
395.191066046,348.093544105,72.1625184835
395.344166301,348.5690633,72.1440599835
395.508242837,349.077592449,72.0914289835
395.667235363,349.569311087,72.0723339835
395.813006472,350.019868996,72.0712799833
395.966863756,350.49514379,72.0528214837
396.123410094,350.978426055,72.0504944835
396.274664405,351.445315194,72.0488039836
396.43124463,351.928586482,72.0464769835
396.585546937,352.404067358,71.9951189835
396.740275386,352.879409732,71.9437609835
396.895190072,353.354340919,71.9253024836
397.047701616,353.821171501,71.8907124837
397.211219212,354.320650568,71.8548494836
397.364066901,354.787020506,71.8531589837
397.522296412,355.26975431,71.8508319836
397.675176802,355.73611353,71.8491414837
397.833440162,356.218836238,71.8468144835
397.997340394,356.718189877,71.8109514834
398.161305773,357.217171347,71.8079879839
398.322973992,357.708367624,71.7559934836
398.484597314,358.198876949,71.7697979836
398.643771873,358.681650885,71.7345714834
398.808650029,359.180682484,71.6987084836
398.971009165,359.671299802,71.6796134836
399.133777531,360.16213262,71.6276189837
399.299586928,360.660855576,71.5917559835
399.460260897,361.143132559,71.5565294837
399.621231349,361.625310666,71.5213029839
399.787965872,362.123725093,71.4854399835
399.94953446,362.605703106,71.4502134839
400.119505557,363.111940992,71.4304819836
400.284159698,363.601792864,71.4113869836
400.446106528,364.083292322,71.4090599835
400.602578143,364.548458925,71.4073694839
400.770054168,365.046273081,71.4044059837
401.082179728,365.989062319,71.9596799836
401.241901958,366.485217378,72.3515104835
401.405856441,367.006965918,72.7588359835
401.568247586,367.537693176,73.2151924834
401.726406423,368.069697019,73.6715489832
401.882589029,368.61108071,74.1440369828
402.025256056,369.120835869,74.5848984831
402.159478901,369.615050533,75.0263964828
402.295888697,370.13456277,75.5491884829
402.427321452,370.655012447,76.1048799829
402.553700447,371.176712346,76.6605714826
402.672954312,371.691078208,77.2330309824
402.789037229,372.215165216,77.7887224824
402.901481222,372.748338975,78.3934449818
403.013248304,373.307859193,79.0136624821
403.119175103,373.868853861,79.6009804817
403.22096989,374.439533569,80.1715304815
403.317296424,375.011499926,80.7091809817
403.412512115,375.603472758,81.0158984816
403.507339433,376.206422836,81.1084509816
403.60453359,376.827450544,81.1016684817
403.69589215,377.406982151,80.9813289815
403.788248892,377.986018093,80.8938889816
403.880009643,378.556257877,80.8232169815
403.970771581,379.117428028,80.8022124816
404.057703456,379.653211381,80.7657129817
404.142204021,380.171937703,80.7298499813
404.228113345,380.698654641,80.7430179816
404.316673727,381.242392933,80.7555494815
404.406605502,381.794803256,80.7513129814
404.495296893,382.338857865,80.7309449817
404.578620718,382.848880396,80.7118499817
404.662314868,383.359179999,80.6598554814
404.750577681,383.894745707,80.6233559816
404.836163634,384.41295628,80.6203924817
404.920471395,384.922817088,80.6012974817
405.006256849,385.440994672,80.5983339813
405.090760897,385.950822985,80.5792389822
405.175233971,386.460318614,80.5930434809
405.295548492,387.203930695,81.0256304812
405.381570278,387.761462408,81.4323194819
405.464570436,388.327652767,81.8880394808
405.544142245,388.902863048,82.3598909807
405.618766131,389.478399842,82.8646419813
405.687384667,390.046176627,83.3532614811
405.750097821,390.605802082,83.8586489806
405.806890867,391.157233781,84.3808044804
405.858656244,391.709160148,84.9029599801
405.904754176,392.253112638,85.4089839791
405.947722376,392.822735489,85.9634024803
405.984885237,393.384636292,86.4687899802
406.016909981,393.946519282,87.0070769807
406.041848403,394.466151121,87.4976059811
406.063018636,395.003190026,87.9874984794
406.079248206,395.531617079,88.4941589808
406.090645436,396.059836859,89.0337189798
406.097119783,396.605033698,89.6055419802
406.098212291,397.14182159,90.1612334802
406.093803401,397.686705495,90.7659559781
406.082848037,398.265622146,91.4023049785
406.065644006,398.835603052,92.0554219789
406.042243809,399.406030904,92.642739978
406.014386454,399.950554069,93.2145629784
405.941244749,401.055819465,94.3575724771
405.895713581,401.616434917,94.9287589782
405.842898281,402.193376379,95.532208478
405.783202758,402.778472672,96.1188899776
405.715598877,403.38004573,96.7049349779
405.643940978,403.963797709,97.2916164775
405.56283868,404.572222086,97.8937929788
405.471601533,405.20515832,98.5114644784
405.374929408,405.828741485,99.1130044773
405.271591754,406.450916611,99.7474439767
405.161371195,407.071909353,100.381883476
405.049127727,407.666432759,101.000827978
404.928727345,408.267974235,101.635903976
404.801666909,408.868144249,102.270979975
404.671713175,409.450056395,102.906692476
404.529356237,410.055463114,103.557899976
404.382238261,410.651034017,104.192975975
404.226416348,411.253460261,104.811283977
404.070877014,411.829407423,105.414096977
403.906993982,412.412161898,106.000141975
403.737158972,412.993209657,106.586186975
403.561320393,413.572120246,107.205131476
403.376681823,414.15749739,107.807307974
403.180482057,414.756902271,108.441747477
402.99994138,415.289953057,108.980034474
402.817178704,415.812601179,109.567988975
402.62022352,416.357094673,110.204337976
402.423269361,416.88323328,110.841323475
402.220478152,417.407149781,111.478308975
402.011900958,417.929149037,112.082394974
401.797787862,418.448180507,112.752279974
401.567481231,418.988258227,113.437659973
401.337673931,419.50977762,114.123676474
401.101649839,420.028879575,114.776793475
400.852407598,420.560484121,115.462173474
400.596824215,421.089069234,116.147553472
400.327255667,421.629978261,116.832296972
400.047307939,422.175101615,117.533171972
399.760712641,422.717136979,118.201147472
399.47192724,423.248414795,118.852991474
399.177116405,423.776372839,119.504835473
398.867752366,424.31588807,120.156042972
398.53917843,424.873932108,120.822745473
398.199673157,425.435678244,121.472679971
397.867269491,425.974416517,121.876822972
397.521783598,426.528449735,122.017133473
397.179445809,427.075669621,122.042613972
396.845956674,427.608892079,122.002931971
396.521930733,428.128107998,121.930986972
396.198503642,428.648481993,121.793242971
395.876354193,429.169256139,121.688398471
395.564190885,429.675950881,121.584190471
395.257530156,430.174940294,121.562549472
394.955580123,430.66651954,121.557676473
394.6536719,431.158124465,121.552803474
394.365341692,431.627549604,121.565334971
394.09494189,432.067555791,121.579139472
393.819902939,432.515016099,121.576175971
393.54488713,432.962490633,121.573212473
393.265320584,433.41786471,121.520581471
392.986172455,433.873495402,121.467950472
392.716473457,434.314322232,121.448855473
392.446874245,434.755600671,121.396860973
392.173215416,435.204296767,121.360997971
391.899793112,435.653527202,121.292235471
391.631401156,436.09554095,121.240240971
391.354485698,436.552532017,121.187609972
391.091380771,436.98748375,121.152383473
390.828543309,437.422597163,121.117156973
390.579343391,437.835566197,121.099334973
390.325851121,438.255810179,121.097644473
390.06789926,438.683617414,121.079185973
389.810036188,439.111867226,121.027827972
389.552557088,439.540348005,120.976469972
389.295413956,439.969419044,120.892212474
389.043342514,440.391293418,120.824722972
388.791817657,440.813105946,120.790132972
388.527352456,441.257092433,120.771037973
388.263078292,441.700804797,120.784842472
387.998611141,442.145177975,120.732847972
387.743388295,442.574618881,120.714389472
387.479510263,443.018954596,120.695294473
387.211365936,443.470967827,120.659431471
386.947914232,443.915556449,120.640336472
386.675798703,444.375421804,120.587705473
386.412903765,444.82033988,120.568610474
386.150157121,445.265345545,120.549515472
385.874415218,445.732878812,120.513015974
385.612100489,446.178139213,120.493920972
385.349934167,446.623487012,120.474825972
385.079184908,447.0837715,120.455094471
384.812976723,447.53654115,120.452130973
384.542446576,447.996567871,120.465298972
384.284845719,448.434801839,120.430072473
384.02317584,448.880441511,120.410977474
383.752939675,449.341027427,120.391245972
383.478524453,449.808954309,120.387645972
383.212849452,450.262037025,120.384682473
382.964618484,450.685410055,120.382991974
382.716400009,451.108790408,120.381301474
382.446402437,451.569516229,120.361569973
382.180933668,452.022719809,120.358606471
381.928565961,452.453458557,120.373047472
381.628179268,452.966064039,120.367537974
381.380074998,453.389511326,120.365847471
381.127652856,453.820218177,120.380288472
380.875122166,454.250861393,120.394729473
380.622482943,454.681440947,120.409170474
380.369690172,455.112316807,120.390711971
380.125746118,455.528412135,120.372889974
379.877602293,455.951836246,120.371199474
379.625050525,456.383239618,120.319841473
379.385891192,456.792734625,120.252988472
379.142899888,457.209772804,120.202266973
378.895972316,457.634292929,120.167676973
378.640692602,458.073497634,120.165349974
378.39412989,458.497458887,120.196558972
378.142937736,458.929269835,120.178100472
377.887536779,459.368789532,120.142873972
377.64974255,459.778308213,120.141819972
377.40330838,460.202729625,120.140129472
377.156886732,460.627158308,120.138438972
376.910523174,461.051235323,120.169647973
376.672487757,461.460999318,120.135694472
376.434695206,461.870904302,120.101740974
376.184175087,462.303490634,120.050382973
375.942660002,462.721385451,119.999661472
375.701561509,463.139136022,119.981839471
375.473472243,463.534753247,119.948522472
375.232746707,463.952718842,119.930700472
374.996470604,464.363115295,119.929646471
374.760202049,464.773516096,119.928592474
374.523844541,465.184634662,119.861739472
374.28370666,465.603322391,119.811017974
374.043984894,466.0218645,119.793195973
373.821502693,466.410577494,119.776646971
373.590582328,466.814308987,119.759461473
373.355533823,467.225409761,119.758407472
373.124692652,467.62957037,119.708322474
372.885676724,468.048899596,119.657600972
372.651266316,468.46113146,119.590747973
372.413067576,468.881308536,119.507126971
372.175525601,469.301474487,119.456405473
371.934145088,469.729172991,119.421815473
371.693063705,470.156657613,119.420124973
371.451994935,470.584149348,119.418434473
371.210938778,471.011648195,119.416743973
370.969854385,471.439513686,119.382153973
370.729028343,471.867524644,119.347563972
370.48422384,472.30337097,119.296205972
370.231390178,472.75446468,119.244211472
369.99582056,473.175357752,119.226389472
369.756119536,473.60438155,119.158899974
369.516924033,474.033687397,119.091410472
369.278195959,474.463634547,118.991021473
369.02773722,474.916432047,118.906127473
368.773836275,475.376596858,118.870264474
368.470412769,475.922911519,119.225376473
368.201694705,476.399244609,119.632701973
367.91250454,476.90279956,120.104553472
367.632241113,477.381469223,120.593809472
367.34350274,477.864939741,121.099196971
367.055009912,478.338304566,121.621352471
366.762215193,478.809020639,122.143507971
366.451357301,479.298310819,122.714057973
366.140310092,479.777441377,123.268476471
365.810387399,480.274891612,123.838389971
365.47557838,480.768663359,124.441202971
365.14540731,481.24472845,125.04465247
364.800277755,481.731342474,125.647465471
364.455073206,482.207509512,126.234146971
364.105011116,482.680116919,126.82082847
363.744964707,483.155799797,127.423641471
363.390471241,483.614041315,128.02709097
363.020490691,484.082039189,128.629903971
362.369419809,484.881889765,129.66062947
361.997223344,485.3263077,130.231179472
361.615069715,485.773364555,130.817860971
361.233973644,486.210174918,131.38841097
360.842869143,486.649422567,131.97509247
360.441446832,487.091198357,132.545005969
360.041555791,487.522462063,133.131687469
359.648998684,487.937450468,133.68610597
359.2465223,488.35464379,134.256655969
358.827830999,488.780088633,134.826569469
358.404928637,489.201347833,135.396482969
357.97175451,489.624219685,135.982527969
357.546476021,490.03143529,136.50341047
357.117767847,490.434064809,137.09009197
356.672285076,490.843949582,137.676136967
356.228963221,491.243663797,138.246050467
355.775167317,491.644829177,138.79919597
355.317106148,492.042645002,139.253642967
354.854647995,492.439961123,139.411994467
354.390535943,492.837396906,139.438747967
353.925682937,493.236016602,139.333903467
353.474473065,493.624593321,139.196795969
353.037361644,494.002630477,139.093224468
352.601077268,494.381113487,139.022552467
352.165545674,494.759446948,139.017679468
351.730046259,495.13781745,139.012806469
351.307579763,495.504923632,139.008569969
350.891566551,495.866578975,138.988201969
350.46925774,496.233866543,138.983965469
350.033695897,496.613180828,138.913293468
349.637678201,496.95870554,138.877430471
349.241876855,497.304478063,138.841567467
348.82691954,497.667344441,138.82119947
348.418646069,498.024516742,138.817599471
348.016951197,498.375874643,138.830767469
347.615025614,498.727474981,138.811035966
347.226180684,499.067865141,138.791940969
346.824493455,499.419737763,138.772209466
346.436032168,499.760060149,138.786013967
346.054045233,500.09444912,138.816586466
345.665167329,500.43480161,138.79749147
345.276250007,500.775614922,138.745496968
344.887794692,501.116449649,138.726401968
344.505693349,501.452224414,138.658275969
344.111217466,501.79950833,138.622412968
343.717109335,502.146705587,138.619449469
343.329404777,502.48839407,138.600354469
342.941814117,502.830211741,138.581259469
342.547955467,503.177691983,138.57829597
342.154114792,503.525192594,138.575332467
341.773053235,503.861643636,138.540105967
341.385822221,504.203868685,138.52101097
341.011452795,504.535137153,138.469652968
340.624491917,504.878170203,138.41765847
340.244357691,505.215668625,138.382431969
339.883818881,505.536068045,138.364609969
339.503845377,505.874248865,138.296483967
339.118073003,506.218117323,138.27738897
338.751617996,506.545074952,138.242798969
338.372515542,506.883731921,138.207572468
338.000116672,507.216714316,138.189113968
337.627825096,507.549816666,138.170655468
337.261979798,507.877456377,138.136065468
336.889844454,508.211232575,138.084707469
336.505196981,508.556857687,138.032712968
336.120863314,508.902831713,137.980718469
335.756106158,509.231682409,137.946128469
335.391547599,509.560753252,137.911538468
335.014558917,509.901264688,137.909211469
334.62480302,510.253340665,137.906247966
334.24138163,510.599828586,137.887152969
333.871001812,510.934558506,137.901593971
333.513164522,511.257972325,137.883771968
333.136490384,511.598334773,137.914344467
332.722402808,511.970392873,138.206203469
332.319734894,512.327875548,138.597397466
331.895415435,512.699114321,139.036985968
331.448757732,513.083781926,139.492069469
330.999058849,513.464889763,139.947152969
330.546494976,513.842070284,140.435135967
330.104059398,514.204464736,140.923755469
329.645132561,514.573876922,141.411738467
329.16972153,514.949713179,141.931984468
328.711248641,515.305541697,142.43673547
328.276716849,515.6370837,142.876960466
327.819243194,515.98029914,143.365579968
327.372724374,516.309378428,143.854835966
326.923235136,516.634957495,144.311192467
326.450385929,516.971446654,144.815943466
325.974768885,517.303429701,145.353593967
325.502891538,517.626556223,145.842213468
325.014164454,517.954934326,146.363095965
324.529570506,518.274277448,146.867846968
324.049319125,518.584821475,147.356466466
323.580979859,518.882026062,147.845722465
323.103105791,519.179304472,148.384009465
322.60774998,519.481044321,148.921659966
322.108380301,519.78000814,149.261913467
321.605832947,520.078198563,149.371870467
321.094598976,520.380913562,149.366360965
320.612420391,520.667040756,149.263425967
320.130349201,520.954651716,149.094691967
319.634561661,521.252239427,148.958220968
319.162113717,521.536883124,148.904953466
318.697405608,521.817360083,148.868453965
318.225607516,522.10243576,148.848085968
317.75411415,522.387371329,148.860617467
317.282558478,522.672203766,148.873148965
316.832955039,522.943725225,148.870185466
316.37589076,523.219875934,148.850453966
315.926187772,523.491876977,148.814590965
315.48412553,523.759546205,148.795495968
315.042152518,524.027362744,148.776400965
314.607528145,524.29100809,148.741174465
314.158344761,524.563866349,148.705311467
313.731300611,524.823721232,148.653953465
313.29724067,525.088294815,148.618726965
312.848847353,525.361810054,148.615763469
312.400468183,525.635348484,148.612799966
311.966806848,525.899935618,148.610472967
311.496297123,526.187132724,148.590104967
311.062532283,526.452189845,148.554878466
310.628930489,526.717513602,148.519651969
310.173360209,526.996760313,148.467020964
309.578531858,527.362279728,148.391893468
309.153124076,527.624169804,148.373434968
308.720364677,527.890865353,148.338208467
308.302636967,528.148483084,148.336517968
307.870256517,528.415158261,148.334190966
307.423227023,528.69089688,148.331227466
306.968983733,528.971029305,148.344395468
306.522109751,529.2463851,148.374331467
306.089346179,529.513073878,148.339104966
305.656953687,529.779729533,148.336777967
305.224572028,530.046402748,148.334450965
304.792201198,530.313093525,148.332123965
304.359634203,530.580101029,148.296897468
303.934661218,530.842696068,148.278438968
303.509564907,531.105725329,148.227080966
303.084704537,531.369135526,148.175722965
302.667500295,531.628232386,148.141132964
302.25066116,531.887285413,148.139442465
301.826411418,532.151047331,148.120983965
301.395037197,532.419347137,148.118656965
300.978299715,532.678563662,148.116966466
300.561569883,532.937792483,148.115275967
300.130222394,533.206135262,148.112948965
299.713510739,533.465393302,148.111258465
299.289390793,533.729363878,148.092799965
298.865355911,533.993471075,148.074341465
298.448819045,534.253009848,148.072650966
298.024877067,534.517266148,148.054192466
297.59361036,534.786368808,148.018965965
297.162098914,535.056337556,147.917940465
296.716680177,535.33592634,147.849177966
296.293360833,535.602432027,147.764920466
295.885412368,535.859768523,147.747098466
295.470364635,536.121682087,147.745407966
295.033576659,536.397250153,147.759212465
294.596519549,536.673016226,147.740117465
294.174118395,536.939728536,147.721658968
293.744420763,537.211329637,147.686432467
293.322269697,537.478437613,147.667973967
292.900204705,537.745681576,147.649515467
292.492568074,538.004134649,147.598793966
292.070621661,538.272187798,147.547435964
291.648915693,538.540619056,147.496077966
291.227654372,538.809128073,147.477619466
290.813637908,539.073288878,147.443029465
290.414503604,539.328128935,147.441975466
290.008012076,539.587760713,147.424153466
289.58708815,539.856798336,147.405694966
289.173403619,540.121478655,147.371104965
288.767233547,540.381613033,147.353282965
288.346642722,540.6511711,147.334824465
287.940637452,540.911562619,147.317002465
287.534918946,541.171783935,147.332079967
287.128926149,541.432194901,147.314257967
286.723014372,541.69273214,147.296435964
286.316978162,541.953692311,147.245714468
285.918517196,542.210200111,147.211760964
285.512662184,542.47205718,147.128139968
285.092931895,542.743567309,147.076781966
284.66651874,543.019683817,147.074454967
284.254574363,543.286451816,147.072764468
283.842637857,543.55323197,147.071073968
283.416252214,543.829390957,147.068746966
282.989877785,544.105567262,147.066419967
282.50683135,544.417314921,147.258943967
282.088719368,544.684562581,147.569480467
281.647623523,544.962884678,147.928411466
281.183156864,545.251629089,148.335736963
280.709605076,545.541095857,148.792093467
280.248323642,545.81821634,149.216186965
279.76306604,546.104597845,149.688674966
279.29036874,546.378332781,150.161799467
278.793276331,546.660461749,150.683318467
278.308478997,546.929986848,151.172574466
277.813727537,547.199635325,151.645062463
277.316987239,547.464894942,152.150449966
276.810403912,547.729604122,152.671968966
276.30143216,547.989691365,153.193487966
275.790114154,548.245135124,153.715006966
275.268639917,548.499842691,154.219757962
274.737284644,548.753511599,154.740640465
274.211103013,548.999136175,155.212491963
273.683150583,549.240129031,155.717242966
273.152858934,549.476749633,156.189094463
272.620636635,549.708995115,156.660945964
272.102363115,549.930087548,157.133433965
271.558557569,550.156703375,157.621416964
271.004986206,550.381783991,158.125531466
270.455607918,550.600915081,158.383217963
269.903763874,550.81925673,158.443507464
269.366966342,551.031523119,158.405734963
268.83769196,551.241656158,158.286031965
268.308857747,551.452894503,158.166328964
267.788332751,551.66216097,158.030494464
267.276912341,551.868748143,157.977226966
266.790010371,552.065709114,157.974263464
266.28715099,552.269158672,157.970663464
265.768088677,552.479378456,157.933527467
265.257267907,552.686558867,157.913159464
264.786293346,552.877844452,157.877932966
264.323541288,553.066043085,157.859474466
263.868954588,553.251014072,157.857783964
263.382212488,553.449255016,157.821920963
262.927236523,553.635036804,157.754431464
262.456540635,553.827887808,157.686305465
262.00200568,554.014745973,157.618815962
261.556035904,554.198471262,157.600993962
261.102033924,554.385748502,157.566403962
260.640311976,554.57646042,157.547945462
260.170818502,554.770482024,157.545618462
259.725338933,554.954521675,157.560695964
259.279555755,555.138699255,157.542873964
258.802748892,555.335393545,157.622477462
257.87492282,555.711680113,158.226782464
257.39021916,555.903365787,158.618612964
256.888410254,556.097695775,159.042706466
256.377250764,556.291226014,159.482931462
255.848464011,556.486801575,159.922519964
255.326422482,556.675255677,160.378876461
254.786908887,556.865003037,160.867495963
254.237778842,557.052799523,161.372246962
253.719442289,557.225138636,161.845371463
253.183310699,557.398494416,162.317859461
252.670281072,557.559795814,162.774852464
252.140053337,557.721539184,163.297007964
251.583456144,557.88588909,163.801758964
251.033576132,558.043086271,164.290378462
250.482097965,558.195835671,164.746098462
249.92124362,558.346304749,165.217949963
249.375842278,558.487820415,165.690437961
248.812867216,558.628782844,166.19518896
248.248672199,558.764780299,166.699939963
247.683013777,558.896039929,167.17179146
247.133104637,559.018878211,167.644279461
246.58220122,559.137177559,168.116767462
246.013763266,559.254180185,168.621518462
245.041416643,559.442643652,169.43998846
244.469831945,559.546935989,169.87894046
243.906099649,559.645254078,170.33466046
243.333257807,559.740389593,170.806511964
242.768007763,559.829568835,171.262231961
242.202371841,559.914037667,171.750851463
241.636036143,559.993679733,172.239470961
241.077116573,560.067667182,172.67905946
240.500862583,560.139290363,173.150910958
239.932750044,560.20507125,173.639530463
239.355376428,560.267024855,174.111381961
238.769414102,560.32476991,174.632264461
238.182951027,560.377185603,175.153146961
237.621631936,560.422290673,175.65853446
237.025893294,560.464711148,176.195548461
236.438218543,560.501107993,176.716430961
235.850237196,560.532160788,177.237313458
235.287322996,560.556998443,177.709801459
234.707008202,560.577813868,178.181652957
234.13531581,560.593523429,178.670272461
233.546617579,560.604511324,179.191154958
232.966290469,560.610147769,179.695905961
232.377489875,560.610596367,180.216788458
231.787035711,560.606525877,180.573173459
231.185155007,560.600103167,180.649594458
230.573832668,560.593204756,180.643448458
229.987509616,560.58706735,180.556008459
229.392063102,560.582001353,180.41890096
228.796940445,560.578191436,180.314692959
228.210591829,560.575418355,180.227252959
227.642133349,560.573267858,180.206248459
227.090900166,560.571381547,180.185880459
226.530886446,560.569746216,180.148744458
225.979651647,560.568413142,180.128376461
225.462868624,560.567341354,180.109281458
224.928859153,560.566414776,180.089549958
224.403629204,560.565607455,180.086586459
223.904405145,560.564790104,180.101027461
223.405181307,560.563846927,180.115468459
222.923183828,560.562812134,180.13054596
222.423626952,560.561754382,180.112087457
221.924069759,560.560857569,180.093628957
221.41573251,560.560183145,180.058402457
220.924954463,560.559690127,180.056711957
220.442622771,560.559287725,180.038889957
219.960624341,560.558897145,180.053967459
219.44384036,560.558496495,180.034872459
218.935502686,560.558343368,179.999645958
218.444391151,560.558494646,179.965055957
217.953279799,560.558942414,179.93046596
217.462501872,560.559545261,179.928775457
216.971723965,560.560162588,179.927084958
216.498172198,560.560769589,179.926030959
215.9982817,560.561638993,179.874672957
215.515951163,560.562769045,179.85685096
215.033621002,560.564049127,179.83902896
214.560070725,560.565383913,179.837974958
214.077741013,560.566822898,179.820152958
213.586965158,560.56837065,179.818462459
213.121861998,560.569914054,179.801276959
212.647979933,560.571698072,179.767323458
212.165319713,560.573871795,179.71660196
211.682661604,560.576472796,179.665880461
211.217231769,560.579390409,179.615795457
210.752136976,560.582578965,179.59860996
210.278264189,560.586039187,179.564656459
209.813172426,560.58964286,179.547470959
209.330524101,560.593668602,179.496749461
208.839100877,560.59827452,179.429259958
208.270336022,560.604207916,179.37535596
207.762361892,560.609756434,179.373028958
207.254719665,560.615176184,179.40360146
206.763968033,560.6202919,179.401910961
206.273216552,560.625422096,179.400220462
205.747683262,560.631088138,179.364357458
205.247825308,560.636857873,179.312999459
204.730747956,560.643292798,179.261004958
204.230901221,560.649964188,179.209646956
203.731060667,560.657083621,179.158288961
203.23188889,560.664354376,179.172729959
202.740830685,560.671593314,179.138139959
202.241330421,560.67918799,179.119681459
201.741832629,560.686943584,179.101222959
201.233890858,560.694922444,179.098895959
200.734065,560.703008039,179.047537958
200.225800163,560.711614297,179.01231146
199.751987591,560.719923318,178.978357956
199.252179849,560.729060421,178.926999961
198.743934241,560.738735939,178.89177346
198.244471251,560.748478342,178.87331496
197.745011427,560.758381652,178.854856457
197.254000939,560.768344826,178.82026646
196.754550496,560.778710568,178.80180796
196.263219285,560.789276481,178.73431846
195.781336896,560.799859709,178.749395959
195.307897636,560.810199541,178.74834196
194.8084606,560.821192244,178.72988346
194.30902713,560.832345845,178.71142496
193.818043124,560.843538159,178.676834959
193.309844605,560.855432681,178.641608458
192.818874601,560.867223264,178.607018457
192.328241519,560.879161184,178.605327958
191.828833477,560.891400478,178.586869458
191.329099835,560.90395241,178.53551146
190.847257069,560.916207624,178.550588958
190.348190481,560.928772269,178.56502996
189.849120745,560.941211127,178.579470958
189.366938984,560.953243304,178.561648961
188.88476099,560.965425464,178.543826961
188.393811823,560.978053923,178.50923696
187.903199829,560.990829144,178.507546461
187.421363102,561.003319535,178.52262396
186.904752982,561.016729462,178.503528956
186.38814736,561.03031156,178.48443396
185.905986222,561.043143518,178.46661196
185.423829097,561.056125454,178.448789956
184.93290155,561.069568237,178.414199959
184.459201533,561.082822851,178.380246458
183.994283632,561.096039378,178.363060958
183.529369714,561.109395354,178.345875461
183.012474635,561.124556953,178.29388096
182.53035884,561.138992398,178.27605896
182.065465739,561.153054317,178.258873457
181.591803393,561.167593062,178.224919959
181.10093212,561.182953923,178.190329958
180.619171931,561.198111785,178.20540746
180.12863458,561.213488444,178.20371696
179.654986451,561.22848316,178.16976346
179.172903056,561.243962958,178.151941457
178.690495929,561.259742009,178.101219961
178.208431398,561.275798517,178.083397958
177.752032044,561.291204082,178.050080961
177.295641728,561.306875036,178.01676396
176.813273169,561.323792182,177.966042461
176.339691315,561.340751551,177.932088958
175.857348286,561.35838155,177.881367462
175.375021054,561.376438539,177.830645961
174.893365512,561.394620414,177.845723459
174.385720507,561.413726792,177.84339646
173.895290102,561.432202477,177.841705958
173.387646437,561.451344451,177.839378958
172.880986428,561.470032942,177.935750461
172.042988034,561.496371001,178.463853458
171.504349287,561.509130564,178.822147957
170.965971996,561.518361184,179.21334196
170.410982771,561.523771008,179.669698457
169.847188439,561.524858408,180.10928696
169.28340236,561.521620238,180.548875459
168.719993363,561.513899406,181.02136346
168.147887685,561.501423773,181.47708346
167.576237586,561.48424396,181.965702959
167.013191744,561.462594759,182.438190956
166.450343575,561.436303205,182.91067896
165.887731353,561.405371087,183.383166958
165.317312226,561.369044287,183.904685958
164.730066563,561.326278996,184.425568458
164.151299356,561.279087239,184.897419956
163.573287514,561.226994669,185.402170959
162.987011441,561.169032863,185.890153957
162.392861352,561.105093776,186.394268456
161.765427681,561.031807556,186.930009457
161.1725358,560.957096419,187.43412396
160.588683514,560.878383564,187.922106958
160.005876961,560.794581052,188.442989458
159.406828106,560.702880391,188.963235455
158.79199058,560.602863512,189.515744457
158.203072898,560.501480558,190.019858956
157.615070017,560.394920027,190.523973455
157.019746072,560.281527158,191.044219458
156.442368797,560.166106951,191.565101955
155.857814888,560.043629376,192.102115956
155.29089995,559.919457013,192.606866955
154.741895647,559.794125988,193.112254455
154.202217693,559.665985668,193.601510456
153.671836079,559.535337689,194.074634954
153.14255137,559.400314544,194.547759455
152.623270691,559.263025897,195.070551455
152.097501995,559.118634804,195.642374457
151.556269913,558.964343152,196.180661455
151.024954641,558.807382049,196.735716453
150.495184841,558.645281254,197.290771455
149.967376211,558.478005114,197.878725955
149.441311889,558.305321641,198.466680455
148.892764104,558.118918221,199.070129953
148.336415932,557.924113242,199.525213453
147.762064152,557.719546193,199.683564952
147.146051182,557.499128119,199.692277456
146.537240838,557.281673755,199.619059454
145.952312669,557.073681158,199.530346454
145.334581781,556.855108874,199.440360454
144.749381258,556.648884254,199.384546953
144.197227435,556.454546604,199.395805454
143.644741632,556.260148365,199.374164454
143.108435232,556.071667296,199.353159954
142.58037103,555.886213562,199.348923455
142.035669347,555.695141108,199.311150954
141.51541497,555.512940759,199.290782954
141.011722003,555.336575975,199.303950956
140.507704381,555.160129924,199.284219453
139.995678234,554.980997275,199.280619457
139.483640832,554.801896797,199.277019454
138.979175141,554.625722537,199.224388453
138.499495517,554.458462369,199.222061453
138.019446391,554.291249786,199.186834956
137.547611446,554.127146228,199.168376456
137.067405853,553.960383514,199.133149955
136.587460491,553.793887406,199.130822956
136.090868227,553.621801776,199.094959955
135.459368611,553.401512156,199.366231953
134.95125957,553.221292533,199.691626953
134.41288427,553.026371115,200.114447455
133.844026026,552.815473594,200.568894455
133.260753369,552.593958023,201.022704952
132.695683573,552.374028422,201.510051454
132.148505431,552.155681721,201.998034452
131.60320675,551.932682728,202.486017454
131.067585823,551.708386575,202.957868952
130.55003552,551.486451282,203.463256451
130.026019555,551.256521252,203.918976454
129.496547673,551.018885289,204.423727451
128.99248651,550.78738026,204.912983455
128.506013873,550.558899758,205.402875951
127.97641706,550.303877812,206.022456952
127.494459638,550.066020693,206.512349454
127.006677899,549.820170075,206.985473952
126.536628383,549.578194867,207.492134454
126.068736979,549.332072577,207.998794953
125.587864839,549.073671111,208.50481895
125.087196103,548.798630615,209.059237451
124.603861944,548.527170747,209.581392951
124.093134772,548.234179115,210.102275454
123.306846568,547.770628602,210.940059451
122.802837225,547.465581417,211.428042452
122.301444188,547.156252744,211.916025451
121.78886896,546.833559365,212.469170953
121.286118115,546.510535954,212.973285452
120.77921005,546.178402309,213.493531452
120.275338618,545.841679693,214.013777452
119.77491893,545.500440012,214.56692295
119.270934334,545.149488542,215.136199953
118.770461524,544.793547007,215.705476952
118.26639244,544.427564882,216.25798595
117.765501429,544.056684285,216.77759545
117.267994449,543.681276476,217.29720495
116.773912416,543.301372327,217.81681445
116.276327582,542.91166125,218.31965595
115.815673973,542.544404588,218.807638951
115.344785391,542.162387776,219.29498545
114.890449925,541.787343129,219.782968452
114.426499529,541.397447537,220.303214448
113.972470298,541.008911831,220.807328951
113.508518428,540.604998352,221.277907449
113.061164188,540.208795473,221.782021951
112.617313193,539.808671953,222.286136447
112.120813293,539.352470431,222.869635447
111.691104434,538.949932685,223.39051795
111.265072799,538.543505094,223.911400447
110.861114129,538.151164701,224.416787947
110.460631838,537.755276428,224.922175446
110.06400681,537.355993739,225.460462447
109.676990458,536.959104949,225.982617947
109.282040522,536.546393177,226.537036448
108.879662675,536.11744878,227.123717948
108.487353168,535.690680976,227.694267947
108.094417618,535.253967584,228.346748447
107.71165183,534.819063852,228.950197948
107.328037206,534.373700182,229.569778949
106.954983435,533.930873587,230.206127949
106.581222611,533.477208708,230.825708947
106.217964493,533.02631177,231.462057946
105.848735574,532.557720665,232.064870947
105.484796347,532.085430546,232.700583449
105.115412979,531.595212503,233.302759947
104.766371129,531.121851103,233.889441447
104.412111042,530.630974113,234.475486446
104.068026514,530.143620591,235.078299447
103.733490353,529.659493295,235.632081446
103.403975796,529.172336867,236.218762946
103.071929559,528.673094283,236.525480445
102.717038834,528.135128237,236.649659446
102.347579903,527.574020966,236.624835949
101.98667962,527.027105725,236.534849946
101.629169185,526.487675629,236.395832944
101.279905131,525.96344835,236.257452445
100.954160271,525.476301559,236.202911946
100.618689463,524.975336866,236.180634446
100.273430593,524.460195018,236.157720446
99.9276321637,523.945013795,236.101906945
99.6058595736,523.466175224,236.097033945
99.2886914654,522.994418867,236.076029445
98.9667026418,522.515725672,236.071156446
98.6542912849,522.051350788,236.066919947
98.355804192,521.608148285,236.014288946
98.0572236146,521.165410651,235.994557445
97.7584905869,520.722775872,235.974825946
97.4602320471,520.28062503,236.020893445
97.1666743803,519.845089669,236.017929946
96.8824178786,519.423657049,235.982703449
96.5979023251,519.002399273,235.947476948
96.3034752025,518.567048826,235.911613944
96.0184371953,518.146144387,235.876387446
95.7234701394,517.711159582,235.840524445
95.4382180001,517.290802922,235.838197446
95.1479559921,516.863235609,235.819102446
94.8719231626,516.457038072,235.784512446
94.5859521476,516.036766978,235.749285945
94.3047267882,515.623886256,235.730827445
94.0183621141,515.203883297,235.695600947
93.7367500172,514.791266259,235.677142447
93.4550050057,514.378739967,235.658683947
93.1681117145,513.959097914,235.623457446
92.8856736587,513.546641843,235.572099445
92.5981465397,513.127433819,235.536872947
92.3153924412,512.71559852,235.518414447
92.0321986857,512.303660949,235.467056446
91.7584095161,511.906162388,235.416334947
91.4646958637,511.480553784,235.364340446
91.1807029058,511.069571798,235.345881946
90.9016301176,510.66586186,235.344191447
90.6174926487,510.25497977,235.325732947
90.3379723605,509.851174159,235.291142946
90.0531468299,509.440363151,235.239784947
89.7730211176,509.036977296,235.205194947
89.4878877077,508.626785717,235.186736447
89.1975475818,508.209521025,235.151509949
88.9078811712,507.793005621,235.214981947
88.4855442816,507.179885915,235.664336947
88.1403361067,506.670337916,236.102015946
87.7993622914,506.158347393,236.572594447
87.5000228417,505.701035822,237.012819446
87.199385723,505.234099097,237.436276445
86.9072844949,504.77252524,237.909400946
86.6099108143,504.293924988,238.381888944
86.3211352431,503.820341937,238.871144945
86.0318366706,503.336817748,239.343632946
85.7468435506,502.851130079,239.849020446
85.462005161,502.355585217,240.370539446
85.1732380702,501.842457644,240.891421946
84.9014677096,501.34924931,241.396809445
84.6340582957,500.853662995,241.902196944
84.3671566669,500.348231359,242.423715944
84.1010632167,499.832849373,242.961366445
83.8438467582,499.322794327,243.515784944
83.5876243301,498.802434467,244.053435444
83.3398833832,498.287340262,244.574954444
83.0968411376,497.770012433,245.096473441
82.854779723,497.242549073,245.601224444
82.6207560216,496.720713956,246.089843942
82.3773556561,496.165349963,246.577190444
82.1363525882,495.606035563,246.801340943
81.9028602445,495.060429249,246.861630443
81.6655450216,494.505821527,246.806453445
81.4407222628,493.98261794,246.686750444
81.2109615117,493.451619659,246.517379946
80.9796320965,492.921302885,246.348009446
80.757839401,492.415926972,246.261842443
80.5319531139,491.903124101,246.191806943
80.3057219514,491.39083756,246.154670946
80.0794405831,490.878937538,246.150434443
79.8570246646,490.375292499,246.195865443
79.6416826949,489.886990357,246.209033445
79.4231163827,489.390878893,246.238332944
79.1975827208,488.878649007,246.234096445
78.982292038,488.389960055,246.214364945
78.7634950342,487.89358605,246.210764942
78.5443898197,487.396983737,246.174265445
78.3285889419,486.908519868,246.154533945
78.1128947821,486.420373196,246.167701943
77.9003844861,485.939689601,246.131838942
77.6911975776,485.46713624,246.112743946
77.4818531925,484.994652621,246.093648942
