210,260
210.0,260.0,0.0
210.162815074,260.0001203,0.0846688888695
210.316850047,260.000486783,0.187968888848
210.488777078,260.001095057,0.217451666614
210.729607782,260.002065091,0.244105555501
210.987997606,260.003142033,0.23349722217
211.238274959,260.004019834,0.168409999962
211.505112258,260.004821189,0.175725555513
211.823961197,260.005711836,0.144364444412
212.142810576,260.006427959,0.113003333308
212.478886415,260.006996745,0.0809349999786
212.849081361,260.007529601,0.0840072222037
213.580691275,260.008760471,0.108782777768
213.985004596,260.009662935,0.146995555544
214.398430696,260.010662368,0.130022222179
214.803077247,260.011586494,0.131679999971
215.234063232,260.012373025,0.0774444444344
215.699502033,260.012776106,0.0217944444193
216.173387452,260.012800351,-0.0159316666617
216.621600163,260.012460818,-0.0708744444556
217.077925831,260.011894499,-0.0713383333299
217.551810663,260.011148456,-0.109064444412
218.034474391,260.009992309,-0.165421666614
218.525583398,260.008409681,-0.203854999954
219.016691233,260.006497624,-0.242288333291
219.507465106,260.004414217,-0.244166666611
219.989792223,260.002275411,-0.263968888828
220.489344498,259.999884483,-0.284478333268
220.989228288,259.997153558,-0.341542777693
221.463104333,259.994172712,-0.379268888774
221.96298292,259.99061478,-0.436333333233
222.462857717,259.986558989,-0.493397777658
222.971506789,259.981842668,-0.569093333204
223.471370846,259.97662863,-0.626157777628
223.970898026,259.971079907,-0.646667222068
224.487979468,259.964982911,-0.704438888749
224.996276578,259.958559552,-0.743579444275
225.495460167,259.952150738,-0.727533888695
226.003423501,259.94568888,-0.730119444271
226.520164449,259.939008009,-0.751336110933
227.019678315,259.932367946,-0.771845555373
227.510743064,259.925587561,-0.810278888676
228.027474159,259.918183752,-0.831495555338
228.536086546,259.910466034,-0.907191110918
229.044027121,259.902411435,-0.909776666459
229.561075113,259.893940008,-0.967548333106
230.060560365,259.885415024,-0.988057777546
230.542819062,259.877014352,-1.00785999976
231.033521288,259.868373731,-1.00973833312
231.524223231,259.859717022,-1.01161666644
232.015255306,259.850881697,-1.05004999977
232.506281343,259.841716995,-1.08848333308
233.04929948,259.831034163,-1.16559333307
233.540306038,259.820879272,-1.20402666637
234.030975805,259.81055866,-1.20590499973
234.504092928,259.800745641,-1.17052111087
234.986652414,259.790648417,-1.22687833304
235.486423671,259.779696153,-1.2839427775
235.968962223,259.768643683,-1.3402999997
236.451160161,259.757278365,-1.36010222192
236.941799994,259.745621193,-1.36198055524
237.440885338,259.733825101,-1.34593499969
237.922752594,259.722573962,-1.32918222193
238.42217409,259.710896566,-1.34969166637
238.895594749,259.699737498,-1.35086277746
239.377790585,259.688283285,-1.37066499968
239.877203495,259.676244305,-1.39117444412
240.367836934,259.664321055,-1.39305277747
240.832803301,259.652936407,-1.41214777744
241.323432342,259.64083356,-1.41402611079
241.831610922,259.628115781,-1.45316666635
242.313785537,259.615800607,-1.47296888857
242.796284999,259.603156243,-1.52932611063
243.278442818,259.590200158,-1.54912833281
243.769370399,259.576758746,-1.58756166629
244.2515148,259.563312601,-1.60736388851
244.724880488,259.550024572,-1.60853499947
245.224239113,259.535912332,-1.6290444439
245.706373653,259.522117113,-1.64884666613
246.179729596,259.508486365,-1.65001777743
246.653414005,259.494685236,-1.68774388868
247.143979155,259.480222582,-1.68962222152
247.62609884,259.465917618,-1.70942444408
248.099768685,259.451625361,-1.74715055534
248.590646879,259.436487318,-1.78558388847
249.081842925,259.420852815,-1.8605722219
249.572690189,259.404743069,-1.89900555503
250.046310151,259.388883606,-1.93673166628
250.537135569,259.372121425,-1.97516499941
251.019177975,259.355413927,-1.99496722198
251.518757507,259.337763074,-2.05203166601
252.000777066,259.320408895,-2.07183388824
252.474347035,259.303120868,-2.10955999949
252.956348925,259.285282722,-2.1293622217
253.447115214,259.266870465,-2.16779555519
253.937869042,259.248129012,-2.20622888832
254.411397156,259.229730211,-2.24395499958
254.893355879,259.210761515,-2.26375722144
255.840054066,259.173337978,-2.26375722144
256.304793742,259.154888981,-2.28285222144
256.78706628,259.135425916,-2.33920944396
257.26931944,259.115488487,-2.39556666578
257.759994885,259.094796266,-2.43399999925
258.258772178,259.073664762,-2.41795444375
258.731902509,259.053681357,-2.4191255547
259.213800987,259.033239258,-2.43892777727
259.696018717,259.01246254,-2.49528499909
260.668836574,258.969262327,-2.59007555473
261.150671915,258.947382509,-2.60987777695
261.623732653,258.925814377,-2.61104888791
263.077830099,258.85950321,-2.61104888791
263.542449412,258.838237605,-2.6301438879
264.488555126,258.794757023,-2.63248610982
264.97037414,258.772520554,-2.65228833239
265.443744667,258.750435835,-2.69001444364
266.390441584,258.705331355,-2.76546666546
266.87220769,258.68197667,-2.78526888802
267.345200188,258.658960531,-2.78643999898
267.827283033,258.635259451,-2.84279722115
268.326546694,258.610218309,-2.89986166554
268.808581677,258.585562953,-2.95621888771
269.27338955,258.561333201,-3.011868888
269.729410261,258.537191715,-3.04888777669
270.193528596,258.512542104,-3.03142777674
270.692058438,258.486211052,-3.01538222122
271.190595635,258.460019613,-2.99933666571
271.645971223,258.43630349,-2.9632455545
272.11045104,258.412182293,-2.98234055449
272.600564215,258.386639967,-2.98421888802
273.073148952,258.362149692,-2.94883499902
273.546073817,258.337783365,-2.95000610998
274.018998185,258.313407371,-2.9511772213
274.50912518,258.288131623,-2.95305555447
274.96484514,258.264620899,-2.95351944356
275.429329045,258.24057855,-2.97261444355
275.902568704,258.215847695,-3.01034055481
276.8317972,258.166372919,-3.0850855544
277.287786688,258.141648716,-3.12210444308
277.760960212,258.115683221,-3.15983055434
278.242554159,258.089013144,-3.17963277691
278.706615036,258.063304513,-3.1621727766
279.153483824,258.038687669,-3.14400555442
279.608798078,258.013821823,-3.10791444321
280.072890772,257.988694087,-3.09045444326
280.53731589,257.963541706,-3.10954944326
281.010170547,257.937848924,-3.11072055456
281.45738629,257.913472686,-3.12910833234
281.913356647,257.888398135,-3.16612722137
282.386510081,257.862069088,-3.20385333193
282.84244734,257.836399723,-3.24087222131
283.315566024,257.809453449,-3.27859833221
283.788666862,257.782195657,-3.31632444347
284.270509902,257.754037242,-3.37268166529
284.743241578,257.726173143,-3.37385277659
285.224732542,257.697704314,-3.39365499882
285.706213638,257.669069077,-3.41345722104
286.179249009,257.64069781,-3.45118333194
286.987711958,257.591447237,-3.52097777667
287.460693255,257.562188328,-3.55870388759
287.933655184,257.532617993,-3.59642999884
288.415031922,257.502278933,-3.61623222105
288.89672097,257.471598767,-3.67258944322
289.378056955,257.440619872,-3.69239166544
289.842515152,257.410420136,-3.74804166539
290.315054139,257.379459665,-3.74921277669
290.796670682,257.347661606,-3.80556999886
291.303554215,257.313933457,-3.80815555426
291.79324835,257.281329934,-3.81003388779
292.274508636,257.249196473,-3.82983611001
292.772945051,257.215740043,-3.85034555445
293.23764063,257.184089219,-3.94255055434
293.693531416,257.152375437,-4.01612444333
294.183425425,257.117815044,-4.05455777646
294.673296141,257.082926044,-4.09299110959
295.162822143,257.047888508,-4.09486944311
295.635165062,257.014068208,-4.09604055407
296.107507289,256.980238253,-4.09721166537
296.588600472,256.945693034,-4.1170138876
297.061251808,256.91151547,-4.15473999885
297.567920385,256.874698934,-4.15732555426
298.048977058,256.839648978,-4.17712777648
298.538772017,256.803712103,-4.21556110995
299.019792817,256.768173218,-4.23536333182
299.500801306,256.732468088,-4.25516555404
299.990226174,256.696045102,-4.25704388757
300.488399279,256.658873205,-4.277553332
300.995307983,256.620784139,-4.3166938877
301.476585967,256.584217589,-4.37305110987
301.966575412,256.546424238,-4.44803944295
302.430274254,256.510275706,-4.46713444295
302.911134374,256.472625112,-4.48693666551
303.400407901,256.434222624,-4.48881499834
303.898426564,256.395035841,-4.50932444314
304.378938686,256.357210717,-4.4925716654
305.323748359,256.282349856,-4.56802388756
305.830138193,256.241879625,-4.57060944296
306.327780895,256.202167284,-4.55456388746
306.808263002,256.163962771,-4.53781110972
307.297502237,256.125125858,-4.53968944325
307.769568358,256.087639545,-4.54086055421
308.276296669,256.047221352,-4.58000110991
308.765826833,256.007841416,-4.61843444304
309.22941612,255.970314027,-4.63752944303
309.710481801,255.931053082,-4.6938866652
310.191189151,255.891499749,-4.71368888742
310.680626098,255.850977705,-4.75212222089
311.186883283,255.808880594,-4.75470777629
311.667548376,255.768817,-4.77450999852
312.131033717,255.730026919,-4.79360499851
312.620094692,255.689006219,-4.79548333204
313.117577699,255.647341046,-4.77943777618
313.597906161,255.60725104,-4.7626849988
314.086989202,255.56649427,-4.76456333163
315.057333589,255.484808216,-4.85935388762
315.546665934,255.443041992,-4.89778722075
316.010066743,255.40325477,-4.91688222074
316.482194906,255.36248238,-4.954608332
316.971138681,255.320087564,-4.95648666483
317.476606284,255.276565078,-4.88596222103
318.017365235,255.231622336,-4.75096162109
318.524185441,255.194593779,-4.17863602136
319.057287235,255.163457758,-3.34258542174
319.599289358,255.137500236,-2.74190982201
320.132851659,255.115631436,-2.34703422219
320.67519841,255.098308139,-1.82948362243
321.20047275,255.086946285,-1.2391330227
321.708619176,255.081941821,-0.564257423007
322.225401809,255.083188941,0.138268176673
322.802407074,255.092199814,0.894693776327
323.370681337,255.106829691,1.47471937606
323.930164508,255.127078758,2.07276997579
324.472137212,255.153643443,2.80609557545
325.013709202,255.187405454,3.56724617511
325.572084147,255.228011646,4.15934677484
326.121357803,255.274487816,4.83649737453
326.687223199,255.32876512,5.47899797423
327.261063177,255.389789311,6.07022357396
328.347661707,255.515617777,6.60544917372
328.945683355,255.592275446,7.3046497734
329.508669587,255.670991231,7.9594003731
330.087679635,255.75918763,8.66087597278
330.657160523,255.852503168,9.30582657249
331.250996213,255.956740695,9.95585217219
331.851956391,256.06993624,10.6671277719
332.451609832,256.189861713,11.3094533716
333.049828514,256.316750547,11.9755789713
333.638222673,256.448274699,12.600229571
334.225064889,256.586558834,13.2593551707
334.79349426,256.72769455,13.9440307704
335.368631577,256.87739975,14.5900313701
335.942156425,257.03316826,15.1949069698
336.513997964,257.195007172,15.8022325695
337.084073482,257.362960986,16.4158581692
337.635693211,257.532465991,17.0814587689
338.193435069,257.711226332,17.7710343686
338.740909536,257.893676269,18.4310349683
339.318306771,258.095118076,19.232810241
339.852516977,258.289460885,19.9911155137
340.383919899,258.491353448,20.8029707864
340.896437926,258.694298897,21.602436059
341.413971752,258.907817473,22.4195413317
341.912398572,259.122318752,23.2849466044
342.415913185,259.346672531,24.0165818771
342.932609041,259.583685324,24.6413271498
343.446395144,259.826941389,25.3355824226
343.964358652,260.081362449,26.1600376952
344.502210112,260.353799772,26.8635329679
345.029149646,260.62862573,27.5443482407
345.545391291,260.905258708,28.1850535134
346.073514754,261.196105571,28.8423487862
346.598151569,261.493195626,29.5219040589
347.119096717,261.796712415,30.2262393316
347.628887743,262.10217549,30.9297346043
348.149468408,262.423052629,31.6489798771
348.651973188,262.740359304,32.2703651498
349.15075393,263.063488305,32.9366904226
349.64604555,263.391940418,33.5503056953
350.152580314,263.734561054,34.0744609681
351.09587215,264.384528912,34.568480278
351.60316524,264.741220006,35.1120595878
352.12199445,265.111426806,35.5094788977
352.644574637,265.491163993,36.0043382075
353.177436945,265.886006201,36.5378375173
353.686381223,266.269689073,37.0119068272
354.185071723,266.652624343,37.519996137
354.706891667,267.061948854,38.1112454468
355.204002711,267.460844122,38.7444947566
355.709574444,267.876643993,39.4350740664
356.190102771,268.282136487,40.1592533761
356.678615355,268.704801647,40.8666326858
357.155331471,269.127860234,41.5872419956
357.620469952,269.550917948,42.2874813053
358.074601687,269.97322019,42.9201006151
358.523381642,270.401205434,43.6413399248
358.966299851,270.835254137,44.4205392345
359.348786626,271.220148876,45.17978764
359.762711439,271.646600314,45.8539860456
360.15481217,272.058190753,46.3891644512
360.54377366,272.47274911,46.8245928568
360.928117397,272.891592236,47.4595212624
361.324353477,273.334527388,48.1851696679
361.726899491,273.794878421,48.8324880735
362.134071054,274.273984833,49.640246479
362.534561623,274.758689835,50.4345648844
362.917430139,275.235531599,51.2381232899
363.304743144,275.730829763,51.9753216954
363.685678995,276.231049227,52.709370101
364.059069142,276.736926123,53.5687885064
364.435897304,277.261607853,54.3139669119
364.800555729,277.784351631,55.1009353174
365.142935375,278.291049318,55.9527937229
365.473651319,278.795165627,56.7338821284
365.80310112,279.310363838,57.4026205339
366.131381037,279.836488455,58.0375489395
366.768356267,280.880580418,58.6136441985
367.107499109,281.450514398,59.2449694576
367.435717979,282.016875312,59.9067447166
367.753460806,282.579307422,60.5359699756
368.064427029,283.145514443,61.2239952346
368.368005595,283.715716545,61.9689304936
368.699465104,284.35882124,62.7331857526
368.999683715,284.959828781,63.4567010116
369.280103448,285.541769633,64.2719862706
369.544165711,286.112385753,65.1668615295
369.807052297,286.702454415,65.9861367884
370.055873846,287.279879278,66.6880220474
370.293509097,287.852683174,67.4682373064
370.517068094,288.412618584,68.2352225654
370.723680936,288.951438967,69.0204778243
370.914535062,289.468581391,69.7431530833
371.111647256,290.020104757,70.3333183424
371.300235218,290.565495307,70.9253736015
371.477710719,291.096469779,71.5180588605
371.668683788,291.686473256,72.0642046411
371.837823567,292.229189947,72.6901504217
372.006944197,292.789930042,73.2165562024
372.175376168,293.36884019,73.777821983
372.338971604,293.949135651,74.2559277637
372.496311647,294.531158331,74.8726335443
372.647099941,295.114912713,75.5166393248
372.793634476,295.708624763,76.1358651054
372.930441754,296.286965794,76.6912508861
373.062828845,296.875166395,77.3157266667
373.184828709,297.448007799,77.9771624472
373.299176139,298.022425683,78.7414982278
373.406762499,298.5981482,79.4151140083
373.513713489,299.200251059,79.927659789
373.615092848,299.803317053,80.4574255696
373.709845985,300.398739703,80.9580013503
373.80125969,301.012106111,81.5232571309
373.886627685,301.635037842,82.1966629115
373.965155583,302.258868752,82.8253386921
374.034670911,302.875101205,83.5638444726
374.09601167,303.492200976,84.3233502531
374.148906649,304.110081982,85.1070060337
374.195625025,304.754370563,85.8526518142
374.241097577,305.381478116,85.8526518142
374.287620738,306.025279607,85.8809634806
374.33428466,306.66973919,85.8361651471
374.379312275,307.288243297,85.8361651471
374.423089122,307.889566734,85.8361651471
374.46686597,308.490890172,85.8361651471
374.508461981,309.058162972,85.7762718139
374.551721228,309.642251897,85.7522262583
374.593942558,310.209144327,85.7288879253
374.636935584,310.784449096,85.7234734807
374.679441394,311.351320266,85.7001351474
374.720329373,311.892568012,85.6595801472
374.760095018,312.416291075,85.6562873696
374.799141811,312.931263738,85.6716257029
374.840853582,313.480919729,85.6489945918
374.8816642,314.013702512,85.5905157029
374.922253902,314.537696612,85.5506679254
374.962440101,315.052915896,85.5294512584
375.002236421,315.559693426,85.490310703
375.043549129,316.083296723,85.487017925
375.085085295,316.607216648,85.4471701475
375.126202108,317.1223625,85.4259534808
375.166725567,317.628748078,85.4233679251
375.217957125,318.264387168,85.3606457032
375.266044521,318.856573073,85.3545240364
375.308598013,319.380076993,85.3512312587
375.354186807,319.938234408,85.309969036
375.396345566,320.452961652,85.3253073697
375.437947269,320.959594171,85.286166814
375.477667949,321.440287722,85.2663645921
375.519790826,321.946877175,85.2272240364
375.560817587,322.436272073,85.1887907033
375.601536596,322.917216533,85.1324334808
375.643372959,323.406542886,85.0940001473
375.685997637,323.9039446,85.1100457028
375.72867016,324.401676705,85.0895362584
375.769858492,324.881912232,85.1062890364
375.810906405,325.362159782,85.1230418142
375.854106448,325.868324044,85.1204562588
375.8960451,326.357641641,85.0820229249
375.937478226,326.838190617,85.0622207031
375.9799142,327.327465335,85.0237873699
376.024372145,327.834189731,84.9480918139
376.067782632,328.323378949,84.9096584808
376.112384127,328.821276497,84.8525940364
376.15729271,329.318811834,84.832084592
376.202379387,329.816331063,84.8115751475
376.248138914,330.321935719,84.8455445921
376.291555064,330.802309594,84.8257423695
376.336696813,331.29982383,84.8052329251
376.382895448,331.806057864,84.7660923697
376.428555128,332.303524834,84.7455829253
376.472809301,332.783822232,84.7257807031
376.519709888,333.289991716,84.6866401477
376.567465833,333.804229857,84.7019784807
376.613682149,334.301645422,84.6814690362
376.662580009,334.824929609,84.6416212586
376.707890068,335.30546328,84.5852640365
376.754397474,335.794367793,84.546830703
376.803072039,336.300704548,84.4711351477
376.85129205,336.797929872,84.4506257033
376.898760032,337.286407227,84.4487473697
376.946432201,337.77519954,84.4103140366
376.99424385,338.263643376,84.4084357031
377.043947232,338.769545328,84.3692951474
377.093802118,339.275097496,84.366709592
377.142928276,339.77223411,84.3462001475
377.189586201,340.243482117,84.3450290366
377.238143115,340.732187332,84.3065957034
377.28874563,341.23800014,84.2674551477
377.337006251,341.717911522,84.2476529255
377.386393666,342.206533507,84.2092195921
377.435328908,342.686711551,84.1528623699
377.48394561,343.158431551,84.0785812587
377.533787981,343.638181237,84.0587790368
377.585778387,344.135361545,84.0017145921
377.635268786,344.606320509,84.0005434811
377.682965376,345.060146987,84.000079592
377.731658597,345.52269677,83.980984592
377.784130426,346.019491395,83.9604751476
377.835966281,346.507859705,83.9220418145
377.886297132,346.979064751,83.8843157032
377.938782096,347.467363727,83.8458823701
377.989553217,347.938186347,83.8447112591
378.04135341,348.417728589,83.8249090366
378.092296875,348.888532592,83.8237379256
378.147160258,349.393900993,83.7845973699
378.200303155,349.881793571,83.7827190364
378.255331022,350.386808856,83.780133481
378.308703784,350.87501159,83.7417001478
378.361366053,351.354459927,83.7218979256
378.416929977,351.859416514,83.7193123699
378.472714338,352.364684083,83.6801718145
378.52884385,352.869913426,83.6410312588
378.586176525,353.383507435,83.6198145925
378.642838231,353.888677369,83.5806740368
378.698584149,354.3847799,83.5967195923
378.756314013,354.898329415,83.5755029253
378.810366789,355.377622978,83.5557007034
378.865651471,355.865612901,83.51726737
378.922142291,356.361966585,83.4967579255
378.982932663,356.892840894,83.4382790367
379.042082427,357.406228805,83.41706237
379.096375881,357.876658254,83.4158912587
379.153744835,358.372911209,83.3953818146
379.212185477,358.877542951,83.3927962589
379.268663423,359.365060722,83.3909179257
379.327143381,359.86968791,83.3883323699
379.384947852,360.366225828,83.3312679256
379.443246827,360.86270593,83.2742034812
379.501842797,361.358815499,83.2536940367
379.559698899,361.846507238,83.2152607036
379.621970215,362.368368928,83.1754129257
379.680297419,362.85566891,83.1735345925
379.740691535,363.36007059,83.1709490368
379.799056704,363.847366027,83.1690707036
379.859490117,364.351763,83.1664851478
379.922205669,364.87357149,83.1266373699
379.98507777,365.395025469,83.1233445926
380.047252268,365.90839154,83.0655729257
380.109536478,366.421072897,83.0809112589
380.170947052,366.925687554,83.0417707032
380.234798263,367.447358296,83.0019229257
380.29785616,367.960280848,82.980706259
380.361308493,368.473490544,82.9229345924
380.426241554,368.995027732,82.8830868145
380.489394036,369.49942735,82.8439462591
380.552891074,370.00378371,82.8048057038
380.618899269,370.525185914,82.7649579255
380.683091556,371.029454257,82.7258173705
380.750808026,371.559153653,82.7038934813
380.816533073,372.071741265,82.6826768146
380.881246172,372.57560704,82.6800912589
380.943783849,373.062384581,82.678212926
381.010735134,373.583330526,82.6749201481
381.130112703,374.575289082,83.1377228901
381.18573688,375.097733506,83.922665632
381.235996569,375.646673891,84.7687183738
381.278664643,376.204895064,85.6290511156
381.312835576,376.763700747,86.5007238575
381.338505023,377.331583438,87.4118765993
381.353751052,377.865376032,88.3639793411
381.358978244,378.382133732,89.4204520829
381.355883519,378.924748252,90.3267748247
381.344067106,379.467242921,91.2477975665
381.322429099,380.009434668,92.2853703083
381.291374234,380.542541196,93.33386305
381.249770516,381.083567281,94.3972657918
381.198860354,381.632447722,95.2991785336
381.137436186,382.206245023,96.1101612754
381.067766554,382.779099642,96.9341640173
380.98787159,383.359313426,97.8402767591
380.898997836,383.938219892,98.727909501
380.807510147,384.534153019,98.727909501
380.714351136,385.137363096,98.8307456121
380.617893693,385.758505655,98.8232095011
380.528057167,386.337263497,98.8232095011
380.438609699,386.916755968,98.7260539457
380.351376776,387.487705925,98.6475295011
380.26601976,388.049723583,98.6241911678
380.184816817,388.586405082,98.583636168
380.106555582,389.106109344,98.5437883897
380.027202355,389.633853798,98.5584195012
379.945151997,390.17861247,98.57234339
379.861749494,390.732046216,98.5676361676
379.779735702,391.277147415,98.5450050568
379.70304332,391.788209173,98.5237883902
379.626654005,392.29965327,98.4660167232
379.546932967,392.836556898,98.4254617234
379.469989728,393.356121033,98.4221689458
379.394393184,393.867346037,98.4009522791
379.317672206,394.386943038,98.3976595008
379.242294356,394.898200334,98.3764428352
379.166991327,395.409131786,98.3917811671
379.054855051,396.158740859,98.5079584037
378.96695871,396.720366986,98.8948256402
378.869717045,397.289190622,99.7010628765
378.761612599,397.864816081,100.636450113
378.64451464,398.438679575,101.532987349
378.520493672,399.002270802,102.410414585
378.390333257,399.555631388,103.236391822
378.254550992,400.098765459,104.036119058
378.110489233,400.639762365,104.911236294
377.961073121,401.170362411,105.72713353
377.797247984,401.723695581,106.492420767
377.628110777,402.266413074,107.309578003
377.450441081,402.806397473,108.212625239
377.277929292,403.302665453,109.168382476
377.091111733,403.812115443,110.138209712
376.899979941,404.31074919,110.972376948
376.702203436,404.806784902,111.737874184
376.490103143,405.315582553,112.629581421
376.273119252,405.812933621,113.570638657
376.044950568,406.314731024,114.451425893
375.795773451,406.844770651,115.17870313
375.543360555,407.363715736,115.938110366
375.282983255,407.878710816,116.820787602
375.027039704,408.366926427,117.665454839
374.494014171,409.351613967,118.427320849
374.216546903,409.847760707,119.21585686
373.923604185,410.354925182,120.01111287
373.619409735,410.865474217,120.787258881
373.299207352,411.386470188,121.574744891
372.981424802,411.88867416,122.324640902
372.643454661,412.408627044,123.023926913
372.284501473,412.945695933,123.757022923
371.92289244,413.470553752,124.565508934
371.554593852,413.990739271,125.299024944
371.179603734,414.506121881,126.039470955
370.81274703,414.995389218,126.862866965
370.434277787,415.486648669,127.610872976
370.048836065,415.972456754,128.428598986
369.667535512,416.439485851,129.229524997
369.26285084,416.920694694,130.063001008
368.856660822,417.389293121,130.919367018
368.43751152,417.857956646,131.807863029
368.029366031,418.301717335,132.606059039
367.609456319,418.746287014,133.36603505
367.184406647,419.185944999,134.03214106
366.753968672,419.620329067,134.738567071
366.312322089,420.055671589,135.411852159
365.852493114,420.497026479,136.174387247
365.436631369,420.884594125,137.016932335
365.02216087,421.260952529,137.759097423
364.58453448,421.650201016,138.348382512
364.155768551,422.023442828,138.9603476
363.72278672,422.391785611,139.611792688
363.285398655,422.754885257,140.302087776
362.843882995,423.112954516,140.957942864
362.378436226,423.482486495,141.552897952
361.922820665,423.83664851,142.141133041
361.463526529,424.186026771,142.740288129
360.986812777,424.540905028,143.335033217
360.506573175,424.890997165,143.908148305
360.008340641,425.245582428,144.561063393
359.499162241,425.599577024,145.191928481
358.985994522,425.947763338,145.84295357
358.475593654,426.284597604,146.577558658
357.961037293,426.61504899,147.291163746
357.42791682,426.94838695,147.983978834
356.86919988,427.289455408,148.598043922
356.298995697,427.628143757,149.29064901
355.75100726,427.953636456,149.29064901
355.188208324,428.287926256,149.29064901
354.633163024,428.617425085,149.318960675
354.09240146,428.938545186,149.274869563
353.566503372,429.251609352,149.194930676
353.04125314,429.564784321,149.194930676
352.516002908,429.87795929,149.194930676
352.005548457,430.182312428,149.194930676
351.50255485,430.482360204,149.170885121
351.00717731,430.778037511,149.165470678
350.511827714,431.073761631,149.160056234
350.038786469,431.356120002,149.17398012
349.595260605,431.620707049,149.189318455
349.144166485,431.889744679,149.186025676
348.693087825,432.158808235,149.1827329
348.234330404,432.432787482,149.124254009
347.775852858,432.707234818,149.065775121
347.332626327,432.97297169,149.044558456
346.889297377,433.239185575,148.986786789
346.438957873,433.510131458,148.946939009
345.988608099,433.781706149,148.870536231
345.546089753,434.04926531,148.812764565
345.089111011,434.326201098,148.754285677
344.654597447,434.590029023,148.715145122
344.220264214,434.854153716,148.676004567
343.808279815,435.104978111,148.656202344
343.389129175,435.360274168,148.654324011
342.962530983,435.620220653,148.633814567
342.535824398,435.880629469,148.576750122
342.109377383,436.141463141,148.519685677
341.682989674,436.403031599,148.426066234
341.264464271,436.66062523,148.3510779
340.846477661,436.918458035,148.312644566
340.406782327,437.189997821,148.2914279
339.967384471,437.461385034,148.306766232
339.52752019,437.733285395,148.248994566
339.102771606,437.996243248,148.228485121
338.6634756,438.268428592,148.207268456
338.216863924,438.545476152,148.167420676
337.777858256,438.818129532,148.14620401
337.324132147,439.100362803,148.087725122
336.885506151,439.373626554,148.066508457
336.446981376,439.647052709,148.045291788
335.986543843,439.934486578,148.00473679
335.548314109,440.208385356,147.983520121
335.110185828,440.482446393,147.962303455
334.65755992,440.765813218,147.940379565
334.212437008,441.044619149,147.937086789
333.760127878,441.32786391,147.951717899
333.329352377,441.59775218,147.912577344
332.89156377,441.872355491,147.891360679
332.439289069,442.156282533,147.869436788
331.979926003,442.444804376,147.865436788
331.535168149,442.724192288,147.862144012
331.119595779,442.985272622,147.860265679
330.704031969,443.24636658,147.858387346
330.251920741,443.530553856,147.836463455
329.807304227,443.810166637,147.833170676
329.384672521,444.075887863,147.849216233
328.881664561,444.392083272,147.843094568
328.466179018,444.653301759,147.841216231
328.043510004,444.918963636,147.857261788
327.620766608,445.184507136,147.873307345
327.197948863,445.449932236,147.889352901
326.774859205,445.715551008,147.868843454
326.366449087,445.972154203,147.849041234
325.950936434,446.233329566,147.847162901
325.527845279,446.499572192,147.790098456
325.126772298,446.752601449,147.715817343
324.718849552,447.0106027,147.659460123
324.30400562,447.273462117,147.621026789
323.874989563,447.545516758,147.618441234
323.460729114,447.808051696,147.653117899
323.038738214,448.075412638,147.632608455
322.609472532,448.347695919,147.593467899
322.209670746,448.601487521,147.592296788
321.795332596,448.864522183,147.590418454
321.38100307,449.127570428,147.588540121
320.966879686,449.390321523,147.623216789
320.5667457,449.644211623,147.585490677
320.166778971,449.898365136,147.547764568
319.745084834,450.166814974,147.490700122
319.338178932,450.426416972,147.434342899
318.931726481,450.686109921,147.414540676
318.547029817,450.932171249,147.377521788
318.140835108,451.192267156,147.357719566
317.74208095,451.447701623,147.356548454
317.343332013,451.703144242,147.355377346
316.94419037,451.959209255,147.281096232
316.538236883,452.220298087,147.224739012
316.132737179,452.481476212,147.204936789
315.756282587,452.72412423,147.18654901
315.365431414,452.976232726,147.167454011
314.96752769,453.23298995,147.1662829
314.576566274,453.485542147,147.110632901
314.171391362,453.747837593,147.054275677
313.7736009,454.005996636,146.979994567
313.368829814,454.269526091,146.887082343
312.964681379,454.533400405,146.830725123
312.553682748,454.802232484,146.792291789
312.143057547,455.071026606,146.790413456
311.732441159,455.339834189,146.788535123
311.321833583,455.608655234,146.78665679
310.911041843,455.877803348,146.748223456
310.500430737,456.147226955,146.709790122
310.082707749,456.421815314,146.652725677
309.650874998,456.706298821,146.59495401
309.248270556,456.971918259,146.575151788
308.838283514,457.242895416,146.500163456
308.428651478,457.514408928,146.425175122
308.019613681,457.785914004,146.425175122
307.588727993,458.072432184,146.330848454
307.151427404,458.363954973,146.291000677
306.626801505,458.710508433,146.552344514
306.163280559,459.008853729,147.232638351
305.66475837,459.316273423,148.339442187
305.182846052,459.601215453,149.405296024
304.687753851,459.880560015,150.56711986
304.195102597,460.146503964,151.638853697
303.698094928,460.404214693,152.592147534
303.173707165,460.665076181,153.55153137
302.652308485,460.912381029,154.624525207
302.102680712,461.160202738,155.729859043
301.548988425,461.398805211,156.68735288
301.007370827,461.62169895,157.631196716
300.44600481,461.841640951,158.604860553
299.889320632,462.049720997,159.505024389
299.329337632,462.248752701,160.433538226
298.758154591,462.441771411,161.328452062
298.200594288,462.621097228,162.170865899
297.623985712,462.797247278,163.012439736
296.622930449,463.087127101,163.850345063
296.058255718,463.242606008,164.60551039
295.483260073,463.392854429,165.355845717
294.914776375,463.533771161,166.078041045
294.336266816,463.66986403,166.762016372
293.747747059,463.800825037,167.454601699
293.165843044,463.921582218,168.276337026
292.599387284,464.03178269,168.990972353
292.023274967,464.137261781,169.624757681
291.429223964,464.240265149,170.163203008
290.83396919,464.336067251,170.857048335
290.229017562,464.42550939,171.589743662
289.639834748,464.50334378,172.47447899
289.049559987,464.572411036,173.326244317
288.441382184,464.636333853,173.999929644
287.841000824,464.69154717,174.745644971
287.231344746,464.739357591,175.515930298
286.621163462,464.779918244,176.196965626
286.010982176,464.820478898,176.196965626
285.40128921,464.860848235,176.226691737
284.791086963,464.90109231,176.226691737
284.198073511,464.940202749,176.226691737
283.622248856,464.978179552,176.226691737
283.045951606,465.01658417,176.148167292
282.470347629,465.055366114,176.142752848
281.89474732,465.094202452,176.137338405
281.336337402,465.131928485,176.132631183
280.786363592,465.169216387,176.110000071
280.22797174,465.207208857,176.105292849
279.651757154,465.246834453,176.026768404
279.127469195,465.283433301,175.986920629
278.603206815,465.32039677,175.947072847
278.053356649,465.35946562,175.924441739
277.512273056,465.398037958,175.92044174
276.979943425,465.435936613,175.935072849
276.447283781,465.473892835,175.913148957
275.931820572,465.510818723,175.891932294
275.399189658,465.549175997,175.870008401
274.884074926,465.586301605,175.885346736
274.377701536,465.62257819,175.91931618
273.862234355,465.659448594,175.898099517
273.346460324,465.696698307,175.840327848
272.831044461,465.734279302,175.819111182
272.323751782,465.771699339,175.743415627
271.799651232,465.810890563,175.703567848
271.275897793,465.850254118,175.700275071
270.760575332,465.889094873,175.679058405
270.245267293,465.928126449,175.657841738
269.721545435,465.967907984,175.654548961
269.197825867,466.007719617,175.651256181
268.690964879,466.04643849,175.612115624
268.175702793,466.086072111,175.590898961
267.677310144,466.124750646,175.533834515
267.161783356,466.165278682,175.47606285
266.655043129,466.205547201,175.436922294
266.17424673,466.244002954,175.417120072
265.667229074,466.28498124,175.341424513
265.152159985,466.327048741,175.32020785
264.662699151,466.367281221,175.281774516
264.156098386,466.409267847,175.24263396
263.658268865,466.450788454,175.222124515
263.160454239,466.492487259,175.201615071
262.671077727,466.533732756,175.163181737
262.172987702,466.576130717,175.106117294
261.657777819,466.620506033,175.048345626
261.142612944,466.665400816,174.990573961
260.653391673,466.70844858,174.952140627
260.164199389,466.751824498,174.913707293
259.658196339,466.796873558,174.911121738
259.135037407,466.843477043,174.907828957
258.620301417,466.889441174,174.886612294
258.123057245,466.933865965,174.902657851
257.642640329,466.97680325,174.882855626
257.136979137,467.021933729,174.916825069
256.57926398,467.07077271,174.99538896
256.038390023,467.11430956,175.397982851
255.47126619,467.153299691,176.067066742
254.87788115,467.186296268,176.817210633
254.284093466,467.211009925,177.616704524
253.69000482,467.226924156,178.465548414
253.112975948,467.234269248,179.270712305
252.518674987,467.233294893,180.093936196
251.907232516,467.223073774,180.957690087
251.321836965,467.204545721,181.812833977
250.771239871,467.178004754,182.759747868
250.195337486,467.141225458,183.654161759
249.637264479,467.096661327,184.565585649
249.079932316,467.043630193,185.43542954
248.497927964,466.978039217,186.430013431
247.916965171,466.903786445,187.283477322
247.34582319,466.821244889,188.223461212
246.75903596,466.727035939,189.121025103
246.182129837,466.625988602,189.934798994
245.615249318,466.517994391,190.785952884
245.067108836,466.404093318,191.738746775
244.512264943,466.28040853,192.566800666
243.942513402,466.144708776,193.396744557
243.372761862,466.009009022,193.396744557
242.803010321,465.873309267,193.396744557
242.225034831,465.735683413,193.390622887
241.680405532,465.606028602,193.390622887
241.135776234,465.476373791,193.390622887
240.57438911,465.342729601,193.390622887
240.037748634,465.215269459,193.331436775
239.509541236,465.09029789,193.290881774
238.973044415,464.963677425,193.268250666
238.436862338,464.837174253,193.282174553
237.900711022,464.710540785,193.29609844
237.389556029,464.589761124,193.292805663
236.869829612,464.467076889,193.270881775
236.358258692,464.3466089,193.231033996
235.855170664,464.228421437,193.209817333
235.352038904,464.110420276,193.188600663
234.857069378,463.994608446,193.149460106
234.345244312,463.875224852,193.109612331
233.858324862,463.762084628,193.052547885
233.363081728,463.647448462,193.013407329
232.851337046,463.529192244,193.010114555
232.339585569,463.410965436,193.006821775
231.844612286,463.296641538,193.00423622
231.307488713,463.172706691,192.981605109
230.812104018,463.058683816,192.942464552
230.316641548,462.94499938,192.903324
229.795730314,462.825942727,192.844845105
229.114929963,462.67122985,192.76137011
228.627692053,462.560969196,192.740860665
228.131832633,462.44902882,192.701720109
227.653062924,462.341126549,192.699841777
227.157484223,462.229456252,192.697256218
226.64509481,462.114025565,192.693963441
226.124477079,461.996687079,192.708594554
225.612472493,461.881064969,192.741856776
225.11661502,461.769115973,192.702716219
224.621041921,461.657420814,192.700130664
224.125463784,461.545748019,192.697545106
223.629880606,461.434097588,192.694959552
223.133931669,461.322554494,192.655818999
222.646491462,461.213191623,192.635309554
222.158652115,461.104086019,192.578245108
221.670704344,460.995466339,192.521180662
221.191237736,460.889153908,192.482747328
220.712059144,460.78308218,192.480868995
220.224287276,460.675208193,192.460359551
219.72824615,460.565610262,192.457773996
219.24902137,460.459747403,192.455895664
218.769793119,460.353900254,192.454017331
218.273739866,460.244357232,192.451431773
217.794503371,460.13854742,192.449553441
217.306672616,460.030940045,192.429043996
216.818803373,459.9235073,192.408534552
216.339487792,459.818056321,192.406656219
215.851576609,459.710814214,192.386146775
215.355033682,459.601945792,192.347006218
214.858616371,459.493282609,192.347006218
214.344808185,459.381171592,192.270603441
213.855924762,459.275258722,192.176983997
213.384427456,459.173600904,192.157181775
212.904653882,459.070253658,192.155303442
212.399796173,458.961441025,192.170641774
211.894607089,458.85258409,192.149425107
211.406219359,458.747533548,192.128915666
210.90919267,458.64089546,192.08977511
210.420695836,458.536353431,192.069265666
209.932161612,458.431986269,192.048756221
209.460079962,458.331464995,191.992398997
208.971047088,458.227840145,191.935334551
208.481911251,458.124702404,191.878270108
207.993031834,458.021964349,191.857760664
207.512366417,457.921210598,191.81932733
207.048853353,457.824219428,191.818156219
206.576728642,457.725516442,191.798353997
206.087706402,457.623460375,191.777844553
205.606900921,457.523377154,191.739411219
205.134641003,457.425323131,191.719608996
204.645478963,457.323939252,191.699099552
204.173150173,457.226217522,191.67929733
203.701145143,457.128575873,191.696050109
203.228811154,457.030879281,191.676247887
202.756443425,456.933345941,191.656445661
202.283684566,456.836059394,191.600088444
201.819446939,456.740923614,191.562362329
201.346171675,456.644497838,191.46945011
200.856213381,456.545340733,191.412385664
200.358250727,456.444833516,191.409800109
199.877169919,456.347753182,191.407921777
199.396085929,456.250688618,191.406043445
198.898112155,456.150236523,191.403457886
198.400133847,456.0498069,191.400872332
197.834542979,455.935250186,191.449986507
197.345614009,455.832748192,191.840350683
196.833053665,455.717318053,192.691454858
196.29709736,455.588428861,193.521979033
195.754554396,455.450303648,194.283413209
195.231006417,455.307693661,195.237207384
194.685199289,455.148809272,196.230271559
194.158212886,454.987109191,197.058065734
193.609259573,454.809158265,197.96082991
193.079516218,454.628041119,198.875354085
192.544433711,454.436113052,199.73233826
192.011845505,454.237368309,200.463952435
191.473393086,454.029798404,201.081326611
190.937387761,453.815988762,201.746790786
190.404030143,453.595657366,202.445644962
189.865505041,453.365392401,203.150799137
189.321653671,453.125767138,203.778673312
188.7881606,452.884072319,204.372527488
188.257412548,452.636407738,205.015311663
187.729189432,452.383402637,205.593205838
187.204268495,452.123615704,206.331120014
186.698152794,451.864778754,207.086044189
186.172076547,451.588303865,207.723788364
185.641355768,451.302223905,208.32646254
185.118216714,451.020230802,208.32646254
184.595975807,450.738327712,208.393450874
184.088073614,450.46402137,208.351481429
183.587797566,450.19407036,208.351481429
183.087521519,449.92411935,208.351481429
182.594825411,449.658258506,208.351481429
182.109280749,449.396580325,208.292295319
181.646786492,449.147650183,208.289002539
181.169107319,448.890586207,208.28500254
180.675860819,448.625395841,208.24374032
180.19020176,448.364633767,208.221109205
179.742208449,448.124406368,208.181968653
179.301829773,447.888557234,208.161459208
178.869145467,447.656937664,208.159580872
178.40570294,447.409070025,208.119733094
177.972114542,447.17772808,208.044744761
177.523013513,446.938867478,207.969049207
177.088818204,446.70866664,207.894060871
176.662487504,446.483087039,207.874258648
176.228279803,446.253621936,207.835825314
175.786484326,446.020437567,207.81531587
175.33717127,445.78340111,207.812730315
174.910887329,445.558446357,207.829483095
174.48430265,445.333347414,207.809680872
174.028276214,445.092363373,207.898129204
173.142607099,444.611626342,208.492901607
172.684883943,444.353688873,209.402254011
172.21612095,444.080373397,210.244616414
171.743960965,443.795897508,211.068918817
171.261163867,443.495803131,211.86403122
170.790080463,443.193293844,212.706813624
170.309169229,442.874325734,213.554636027
169.825367761,442.544223657,214.30606843
169.374337396,442.227311691,215.093410834
168.914365808,441.893282036,215.987013237
168.479768892,441.568373411,216.78212564
168.035506528,441.227694099,217.482528044
167.575013069,440.865786629,218.164240447
167.125698981,440.503663553,218.86695285
166.681289994,440.135537321,219.636655254
166.234930876,439.756334503,220.349447657
165.805705023,439.383621692,220.969000061
165.368008292,438.994452302,221.641262464
164.934291256,438.600852541,222.223854867
164.505143254,438.202276031,222.884777271
164.093351428,437.810386809,223.581399674
163.686251385,437.413625887,224.263112077
163.271232423,437.000357814,224.878884481
162.569912913,436.288751373,225.417139502
162.16358407,435.866936115,226.071314524
161.767934146,435.446843973,226.716249545
161.371074095,435.016108158,227.343964567
160.984597535,434.587561614,227.954879588
160.603140558,434.154541008,228.62249461
160.22564509,433.718062551,229.144579631
159.857917301,433.284558291,229.693124653
159.483714379,432.833999288,230.289339674
159.118897835,432.386869373,230.788744696
158.753172197,431.929402434,231.359129717
158.386344226,431.461821621,231.884994739
158.023229664,430.991351222,232.33861976
157.680383155,430.537913306,232.906904782
157.322034371,430.053049989,233.532939804
156.973095116,429.571972056,234.045574825
156.627729126,429.08832248,234.470009847
156.302022982,428.622419938,235.043124868
155.971405156,428.138970774,235.63282989
155.650752013,427.659181409,236.244374911
155.326097004,427.161392594,236.887839933
155.011147975,426.667592686,237.469984954
154.697016718,426.163096766,238.090979976
154.382885461,425.658600847,238.090979976
154.065108785,425.147406554,238.175892196
153.742698876,424.627969897,238.169063308
153.433024335,424.130060215,238.071907752
153.118725162,423.625668888,238.071907752
152.804425989,423.121277562,238.071907752
152.493907596,422.623893705,237.974752197
152.192357787,422.142004319,237.951413864
151.899758418,421.674834984,237.928782753
151.602234153,421.20039073,237.88752053
151.309114002,420.733547975,237.864889422
151.034146412,420.295988076,237.843672752
150.749843033,419.843949845,237.821748863
150.470116077,419.399405156,237.818456086
150.20428632,418.976841706,237.834501643
149.938574911,418.554203827,237.850547197
149.682148885,418.146075988,237.867299976
149.416367288,417.723088596,237.846790529
149.150434294,417.300196369,237.826281084
148.879603581,416.870012762,237.787140528
148.617979463,416.454782517,237.785262195
148.360780767,416.04674716,237.765459973
148.103748933,415.639000576,237.782212752
147.828150238,415.201837904,237.760996086
147.556829533,414.771963171,237.721855529
147.294422038,414.35683323,237.683422195
147.03173614,413.941879403,237.644988865
146.769082635,413.527299528,237.643110529
146.506415539,413.112728265,237.641232196
146.252957318,412.712715046,237.640061086
145.985187126,412.290589016,237.58299664
145.726549588,411.883464161,237.563194421
145.467771359,411.47642872,237.543392199
145.213630433,411.076848896,237.542221085
144.954703224,410.669908209,237.522418863
144.691163432,410.255891165,237.52054053
144.441337577,409.863577039,237.50144553
144.186597641,409.463983548,237.463719418
143.92680406,409.057199939,237.407362198
143.666610483,408.650672062,237.351004978
143.41532006,408.258898449,237.295354972
143.163954254,407.867569222,237.276259976
142.907645796,407.468980004,237.238533864
142.655892025,407.077900251,237.219438864
142.394366489,406.672227966,237.163081643
142.12761053,406.259481978,237.088093308
141.818306412,405.782135539,237.028199976
141.541827479,405.355957287,237.025614418
141.265646585,404.929982973,237.059583865
140.998771,404.518108287,237.057705532
140.731881912,404.10624235,237.0558272
140.445915594,403.665288151,237.015979418
140.173563463,403.246103733,236.958914975
139.891391726,402.81275687,236.901143307
139.618199983,402.394119159,236.844078861
139.344591428,401.975753744,236.787014421
139.071198147,401.558043988,236.803059975
138.80216765,401.14717521,236.764626641
138.528295261,400.729380874,236.744117197
138.254273338,400.311684599,236.723607752
137.9755327,399.88698216,236.721022197
137.701026235,399.46920535,236.663957751
137.421524984,399.044604054,236.624817198
137.160701302,398.648954717,236.587091083
136.885219019,398.231820717,236.530026644
136.604726009,397.807873924,236.490886087
136.328860669,397.391392824,236.470376643
136.052846265,396.9750105,236.449867195
135.781288144,396.565807923,236.411433864
135.504845534,396.149709766,236.39092442
135.232551519,395.740596138,236.315936088
134.96528747,395.339481978,236.332688864
134.702760483,394.945361152,236.331517753
134.425737768,394.529648982,236.311008309
134.148566264,394.114036001,236.290498864
133.875870998,393.705590346,236.25206553
133.593324589,393.283009302,236.212924974
133.320076571,392.874933229,236.17449164
133.046870534,392.467230155,236.172613307
132.768695948,392.052287879,236.152103863
132.490054771,391.637257333,236.09503942
132.221246266,391.237176555,236.111792196
131.942949435,390.822717628,236.127837753
131.664768683,390.408180782,236.143883307
131.395987938,390.007679927,236.124081088
131.127068791,389.607271992,236.104278866
130.853047457,389.199714794,236.065845532
130.579068813,388.792530515,236.0639672
130.310043378,388.392595574,236.080719975
130.02158584,387.963808809,236.059503305
129.732969541,387.53512889,236.038286642
129.463451126,387.135124083,236.01848442
129.19379448,386.735212447,235.998682194
128.919022479,386.328160963,235.960248863
128.653627347,385.935563442,235.922522752
128.392958168,385.550368802,235.903427752
128.13216063,385.165261056,235.884332755
127.841911575,384.737282226,235.826561087
127.570916863,384.338276101,235.806758865
127.309469946,383.953608918,235.787663861
127.042893444,383.561812592,235.749937753
126.766356863,383.15595784,235.711504418
126.494876281,382.757685404,235.728257198
126.218503265,382.352122473,235.726378865
125.951507842,381.96061151,235.688652753
125.679553526,381.56225881,235.668850528
125.407146436,381.16381184,235.612493311
125.134662857,380.765820983,235.592691085
124.876495667,380.38914154,235.555672199
124.618085159,380.012628981,235.518653309
124.344634503,379.614897475,235.462296089
124.075837403,379.224621277,235.424569973
123.801734016,378.827339332,235.368212756
123.527239987,378.430327192,235.311855532
123.252988006,378.033958056,235.328608308
122.963990632,377.616167412,235.326022754
122.68477727,377.212554686,235.324144418
122.395747347,376.794786559,235.321558863
122.106343214,376.377074839,235.284535925
121.629516293,375.68057759,235.604183706
121.327797654,375.229572097,236.217831487
121.031066427,374.775269693,236.849119269
120.729689853,374.303460831,237.43084705
120.428192456,373.821538646,237.969314831
120.133612795,373.335357102,238.788132613
119.845540297,372.845291891,239.551930394
119.559408059,372.344148586,240.275408175
119.279517297,371.839492829,240.986495956
119.011164077,371.338357895,241.831353738
118.750157086,370.833357872,242.668021519
118.495698305,370.325026876,243.4085093
118.243654082,369.805902631,244.102587081
117.991577122,369.267709559,244.902714863
117.750922826,368.733746309,245.739172644
117.516781978,368.196895023,246.436190425
117.286330078,367.649093505,247.184238206
117.060596231,367.090031329,248.012505988
116.829964793,366.495854618,248.786130893
116.61884348,365.931112127,249.502425799
116.418152347,365.3717217,250.263660705
116.225188907,364.809618784,251.05324561
116.033972256,364.22875515,251.778780516
115.844740847,363.629152692,252.484575422
115.671014888,363.051809135,253.253160327
115.505125491,362.472165283,254.029305233
115.343917897,361.882268275,254.715360139
115.194504186,361.307055165,255.439005044
115.05127936,360.721399174,256.25777995
114.919190394,360.150799714,256.966094856
114.798355541,359.595328193,257.727329761
114.685516329,359.046968132,258.372224667
114.580854179,358.505758915,259.054919573
114.482467053,357.96337385,259.718504478
114.390229097,357.428647516,260.213039384
114.300505371,356.884762201,260.63239429
114.212182118,356.323203053,261.061619196
114.129381175,355.769510499,261.494834102
114.051033162,355.215170322,261.955349007
113.976431301,354.660313578,262.342363913
113.905853791,354.104930596,262.757728819
113.835604093,353.523470175,263.111143725
113.764321312,352.933458866,263.111143725
113.690972363,352.326345779,263.111143725
113.612552842,351.67680249,263.120824286
113.534664405,351.035031648,263.03947095
113.458901468,350.41886459,262.94090095
113.377807229,349.768642323,262.840916506
113.300147654,349.153047303,262.778901504
113.226632716,348.572326613,262.79141095
113.153017428,347.991282702,262.767365394
113.081334105,347.427357912,262.744027061
113.010622022,346.872160028,262.73931984
112.937458192,346.299573216,262.697350395
112.867282287,345.75282197,262.674719283
112.799304853,345.223492006,262.689350396
112.73125126,344.693835816,262.667426504
112.661999547,344.15581771,262.663426508
112.592710273,343.617804441,262.659426505
112.524168372,343.087875194,262.600947615
112.458736604,342.58410224,262.59836206
112.393078357,342.080022679,262.559221507
112.328296263,341.584682924,262.538712063
112.26211326,341.080671989,262.499571506
112.195790245,340.577015596,262.496985952
112.126981801,340.055975543,262.457138173
112.039124334,339.389925738,262.485596313
111.97225692,338.851438186,262.921454452
111.906075996,338.278170048,263.414642591
111.842595522,337.669945914,264.04160073
111.784944605,337.043840486,264.739118869
111.735991125,336.434275129,265.408497009
111.695696963,335.841340935,266.112315148
111.661878034,335.248002196,266.737803287
111.636148376,334.662878938,267.482151426
111.618944761,334.094676766,268.265769565
111.608736324,333.517691446,268.986387704
111.606756655,332.932006103,269.806335843
111.614170779,332.372205716,270.758793983
111.629364997,331.829795142,271.604572122
111.65191588,331.235921387,272.174620261
111.676898239,330.693873441,272.6388284
111.711848416,330.143746121,273.635176539
111.754695205,329.611457546,274.602124678
111.805028165,329.079824622,275.408422817
111.864581629,328.531814613,276.202120956
111.934592639,327.959001615,276.968309095
112.010168518,327.404276702,277.758227235
112.099044255,326.816658048,278.600645374
112.2454607,325.90676476,279.141445942
112.348702781,325.321499305,280.00417651
112.462454166,324.738185321,281.034697078
112.589138755,324.139923354,281.956017646
112.723377845,323.552142652,282.864738213
112.868759245,322.958147182,283.752878781
113.023011515,322.366393345,284.610149349
113.185614028,321.776879315,285.420169917
113.358607683,321.181356007,286.198060485
113.539661723,320.588233547,286.975111053
113.730868498,319.989258087,287.704281621
113.929975337,319.392862157,288.461592189
114.137210739,318.799241804,289.244312757
114.351518087,318.208137756,289.928333325
114.576014896,317.611616166,290.623483893
114.792341611,317.058084476,291.346144461
115.02188245,316.49127113,292.046335029
115.252485537,315.94353324,292.831575597
115.496404206,315.382756947,293.507406165
115.743696334,314.832890697,294.214946734
116.006160044,314.271029846,295.038827301
116.269342196,313.728589578,295.881817869
116.540326462,313.190004565,296.708848437
116.854505001,312.586448302,297.499031599
117.135797288,312.062932086,298.24973476
117.423893989,311.543129364,298.997077922
117.706335172,311.049797173,299.791881083
117.995479426,310.560363548,300.573454244
118.290473666,310.07443344,301.260737406
118.586146536,309.599029405,301.879140567
118.897200759,309.112961979,302.616823729
119.223337697,308.616142819,303.28289689
119.550029765,308.130032201,303.903190052
119.885887724,307.63973228,304.411343213
120.220652216,307.159145165,304.860066375
120.564084427,306.674120531,305.301229536
120.905559522,306.198278119,305.664062698
121.255864054,305.718193426,306.11719586
121.60460886,305.24765299,306.544289021
121.967497459,304.766178013,307.005402183
122.333710457,304.287226732,307.402045344
122.714425272,303.797705491,307.873238506
123.083313916,303.331748682,308.367951667
123.466542254,302.855196052,308.805124829
123.846913984,302.387410165,309.115667991
124.22478783,301.928709897,309.481441152
124.606624822,301.473303386,309.978254314
124.993995684,301.011296779,309.978254314
125.409035894,300.516289701,309.978254314
125.840553783,300.001378466,309.950672651
126.260875846,299.498691051,309.850688203
126.674812919,299.002761135,309.850688203
127.07771167,298.520056017,309.850688203
127.452990178,298.069958532,309.790087649
127.838741583,297.60659891,309.765334871
128.235305576,297.129826628,309.739874871
128.631718409,296.652495397,309.67785987
129.000036774,296.208462111,309.672445426
129.362852851,295.7708388,309.649107093
129.730948341,295.326620737,309.643692649
130.088014664,294.895635204,309.638985428
130.428688072,294.483974387,309.580506537
130.768860273,294.072331524,309.558582648
131.108874933,293.660558529,309.536658759
131.448570195,293.249386242,309.58784487
131.783267268,292.844608496,309.584552093
132.10705446,292.452729606,309.545411541
132.430573873,292.060629617,309.506270984
132.764776935,291.655011997,309.466423202
133.087755488,291.262466376,309.427282649
133.421399047,290.856388406,309.38743487
133.743750008,290.463758347,309.384849316
134.071589099,290.064274468,309.363632649
134.382944283,289.684473849,309.325199315
134.704954301,289.291133335,309.286058759
135.021201502,288.904421685,309.265549314
135.342801843,288.510746144,309.226408761
135.658646271,288.123705462,309.205899317
135.974352135,287.736551746,309.185389872
136.295401392,287.342426656,309.146249316
136.610790654,286.954585355,309.08918487
136.931177684,286.55992175,309.050044317
137.245829253,286.171910689,309.029534872
137.560427808,285.783427729,308.972470426
137.863813956,285.408031328,308.916113206
138.188454848,285.005515887,308.858341538
138.501806432,284.616454225,308.837832093
138.809576201,284.234170163,308.835953761
139.12277574,283.844986091,308.815444316
139.430482913,283.46222395,308.777010982
139.74336623,283.072358213,308.719946539
140.050435007,282.689083733,308.681513205
140.362584366,282.299056848,308.661003761
140.680013089,281.902009979,308.621863208
140.996925988,281.505830829,308.692387649
141.469446433,280.924255066,309.093273537
141.866533217,280.447918106,309.815459424
142.27048291,279.977387062,310.64600531
142.63507745,279.563947337,311.407671197
143.01065164,279.14876609,312.132587084
143.385427217,278.74453243,312.834402971
143.777761232,278.333164355,313.643318858
144.170275474,277.933960129,314.515864745
144.57458303,277.534353984,315.335070632
144.983201994,277.139157559,315.956666519
145.402066643,276.742208345,316.538782406
145.83746342,276.337703433,317.106408293
146.258327107,275.955573313,317.76160418
146.683794221,275.578575425,318.456490067
147.120363102,275.201184535,319.158305954
147.567711592,274.82314939,319.800271841
148.012753639,274.455788741,320.461977728
148.468860663,274.088368512,321.146573615
148.922890616,273.732176045,321.885349502
149.38110158,273.381378407,322.563015389
149.849960911,273.030376744,323.180411276
150.316001979,272.690050436,323.861227163
150.814024443,272.335170184,324.52713305
151.316063469,271.98599518,325.180858937
151.80347453,271.647416719,325.247847271
152.298934495,271.303283525,325.186539495
152.764014131,270.976403414,324.898625382
153.234183872,270.641804123,324.562201269
153.702325203,270.3043727,324.216327157
154.149775866,269.981286482,324.120586042
154.603577073,269.652567978,324.042768821
155.056766768,269.323573849,324.001506602
155.509554841,268.994593832,323.996799377
155.955099654,268.671148348,324.047278266
156.38715212,268.357872411,324.061909378
156.82617362,268.039819054,324.094464377
157.279494839,267.711574082,324.089757156
157.711949478,267.398285152,324.067833267
158.151172245,267.079941558,324.063833265
158.590540962,266.761231532,324.023278267
159.022631809,266.447441046,324.001354378
159.454433037,266.133818911,324.015985488
159.879601874,265.824871015,323.976137709
160.297506197,265.520861446,323.954921046
160.715297916,265.216697148,323.933704376
