-210,260
-210.0,260.0,0.0
-209.837184914,260.00010827,0.0762019999826
-209.683149855,260.000438105,0.169171999963
-209.51122262,260.000985551,0.195706499953
-209.270391543,260.001858583,0.219694999951
-209.012001293,260.002827831,0.210147499953
-208.761723645,260.003617853,0.151568999966
-208.494886117,260.004339072,0.158152999961
-208.176036941,260.005140654,0.129927999971
-207.857187409,260.005785166,0.101702999977
-207.521111478,260.006297073,0.0728414999808
-207.150916459,260.006776643,0.0756064999833
-206.419306346,260.007884426,0.0979044999908
-206.014992833,260.008696643,0.132295999989
-205.601566503,260.009596133,0.117019999961
-205.196919752,260.010427847,0.118511999974
-204.765933628,260.011135725,0.0696999999909
-204.300494789,260.011498498,0.0196149999773
-203.826609369,260.011520319,-0.0143384999956
-203.37839663,260.011214739,-0.0637870000101
-202.922070896,260.010705052,-0.0642044999969
-202.44818595,260.010033613,-0.098157999971
-201.965521955,260.00899308,-0.148879499953
-201.474412462,260.007568715,-0.183469499958
-200.983303919,260.005847863,-0.218059499962
-200.492529205,260.003972796,-0.21974999995
-200.010201187,260.002047869,-0.237571999945
-199.510647824,259.999896032,-0.256030499941
-199.010762612,259.997438198,-0.307388499924
-198.536884785,259.994755432,-0.341341999897
-198.037003788,259.991553288,-0.39269999991
-197.537125861,259.987903069,-0.444057999892
-197.028472628,259.983658368,-0.512183999883
-196.5286034,259.978965718,-0.563541999866
-196.029070364,259.973971848,-0.582000499861
-195.511982089,259.968484527,-0.633994999874
-195.003677266,259.962703475,-0.669221499848
-194.504485861,259.956935512,-0.654780499826
-193.996514718,259.95111981,-0.657107499844
-193.479765564,259.945106995,-0.67620249984
-192.980243313,259.939130905,-0.694660999835
-192.489169669,259.933028521,-0.729250999809
-191.972428495,259.92636505,-0.748345999804
-191.463804977,259.919419052,-0.816471999826
-190.95585227,259.912169856,-0.818798999813
-190.438791089,259.904545507,-0.870793499796
-189.939292015,259.89687295,-0.889251999791
-189.457019417,259.889312273,-0.907073999787
-188.966302738,259.881535637,-0.908764499806
-188.475586288,259.873744523,-0.910454999792
-187.984539111,259.865792649,-0.945044999797
-187.493496823,259.857544326,-0.97963499977
-186.950458715,259.847929659,-1.04903399976
-186.459432206,259.838790133,-1.08362399973
-185.96874182,259.829501452,-1.08531449975
-185.495605362,259.820669615,-1.05346899979
-185.013025804,259.811581988,-1.10419049974
-184.513231745,259.8017248,-1.15554849975
-184.030669144,259.791777412,-1.20626999973
-183.548445761,259.781548446,-1.22409199973
-183.057779621,259.771056804,-1.22578249972
-182.558667795,259.760440133,-1.21134149972
-182.076775587,259.750313933,-1.19626399973
-181.577328156,259.739804095,-1.21472249973
-181.103882512,259.729760757,-1.21577649972
-180.621660833,259.719451781,-1.23359849971
-180.122220357,259.7086165,-1.25205699971
-179.631559396,259.697885374,-1.25374749973
-179.166566553,259.687638997,-1.27093299969
-178.675909154,259.676746224,-1.27262349971
-178.167700342,259.665299996,-1.30784999971
-177.685495852,259.65421611,-1.32567199971
-177.202964914,259.642835936,-1.37639349956
-176.720774028,259.631175192,-1.39421549953
-176.229811492,259.619077635,-1.42880549966
-175.747631475,259.606975806,-1.44662749966
-175.27423036,259.595016281,-1.44768149952
-174.774833856,259.582314945,-1.46613999951
-174.292661827,259.569898925,-1.48396199951
-173.819268605,259.557630931,-1.48501599968
-173.345546005,259.54520958,-1.51896949982
-172.854940359,259.532192834,-1.52065999936
-172.372780363,259.519318008,-1.53848199967
-171.89906956,259.506454605,-1.5724354998
-171.408147028,259.492829957,-1.60702549962
-170.916903715,259.478758453,-1.67451499971
-170.426006237,259.464259187,-1.70910499952
-169.95233584,259.449985164,-1.74305849966
-169.461456059,259.434898644,-1.77764849947
-168.97935866,259.419861325,-1.79547049978
-168.479719903,259.403974929,-1.84682849941
-167.997641012,259.388355527,-1.86465049941
-167.524011112,259.372795647,-1.89860399955
-167.041946532,259.35674062,-1.91642599953
-166.551114647,259.34016885,-1.95101599967
-166.060292856,259.323300764,-1.98560599949
-165.586696859,259.306741053,-2.01955949962
-165.104667247,259.289668389,-2.0373814993
-164.157192609,259.25512834,-2.13818799951
-163.692413326,259.237705653,-2.15537349951
-163.210097771,259.219339375,-2.20609499977
-162.727798663,259.20054613,-2.25681649941
-162.237073892,259.18105867,-2.29140649954
-161.738245831,259.161161566,-2.27696549958
-161.26506774,259.142342946,-2.27801949945
-160.783120047,259.123096038,-2.29584149975
-160.300850968,259.103547357,-2.34656299939
-159.327920872,259.062952899,-2.43187449947
-158.846026599,259.0424119,-2.44969649947
-158.372907392,259.022166866,-2.45075049933
-156.918187491,258.958593477,-2.5538839994
-156.453546845,258.937799182,-2.5710694994
-155.507396716,258.895296032,-2.57317749912
-155.025554567,258.873566648,-2.59099949943
-154.552159975,258.852003887,-2.62495299956
-153.605409541,258.808036782,-2.6928599992
-153.123613833,258.785300948,-2.71068199951
-152.65059175,258.762901047,-2.71173599937
-152.168477275,258.739852252,-2.76245749932
-151.669177777,258.715536062,-2.81381549927
-151.187105131,258.691628357,-2.86453699922
-150.722257937,258.668164973,-2.91462199949
-150.266196152,258.644812248,-2.9479389993
-149.802035471,258.620973328,-2.93222499935
-149.303461142,258.595498495,-2.91778399938
-148.804880408,258.570149326,-2.90334299943
-148.349466447,258.547181831,-2.87086099933
-147.884947951,258.52381734,-2.88804649933
-147.394793363,258.499082452,-2.88973699951
-146.922169614,258.475356917,-2.85789149941
-146.449206645,258.45174176,-2.85894549927
-145.97624411,258.428117903,-2.85999949945
-145.486077473,258.403622954,-2.86168999931
-145.030320592,258.380839149,-2.86210749949
-144.565798532,258.357545626,-2.87929299948
-144.092518429,258.333601182,-2.91324649961
-143.163204292,258.285761773,-2.98051699924
-142.707169667,258.261884553,-3.01383399906
-142.233947094,258.236828828,-3.04778749919
-141.75230147,258.211108892,-3.0656094995
-141.288190726,258.186316758,-3.04989549923
-140.841274933,258.162568564,-3.03354499927
-140.385914341,258.138566222,-3.00106299918
-139.921775963,258.114296948,-2.98534899922
-139.457305081,258.090004306,-3.00253449922
-138.984403235,258.065195232,-3.00358849939
-138.537142317,258.041662421,-3.02013749939
-138.081124312,258.017469856,-3.05345449952
-137.607919179,257.992086899,-3.08740799902
-137.151929892,257.967358944,-3.12072499947
-136.678754887,257.941420419,-3.15467849928
-136.205595336,257.915201495,-3.18863199941
-135.723689403,257.88814071,-3.23935349905
-135.250894139,257.861377222,-3.24040749922
-134.769337703,257.834038212,-3.25822949922
-134.287789793,257.806549414,-3.27605149922
-133.814686845,257.779328228,-3.31000499903
-133.006102109,257.732119125,-3.37281999929
-132.53304581,257.704098941,-3.40677349911
-132.0600062,257.675798428,-3.44072699925
-131.57854829,257.646775955,-3.45854899923
-131.096775185,257.617445248,-3.50927049918
-130.61535234,257.587846823,-3.52709249918
-130.150807545,257.559009739,-3.57717749914
-129.6781783,257.529459065,-3.57823149931
-129.196467514,257.49912207,-3.62895299926
-128.689482348,257.466957715,-3.63127999912
-128.199689847,257.435866864,-3.63297049929
-127.718332025,257.40522913,-3.65079249929
-127.219792925,257.373339348,-3.66925099929
-126.754997192,257.343194839,-3.75223549919
-126.299001637,257.313024804,-3.81845199928
-125.808990204,257.280171199,-3.8530419991
-125.318998696,257.247021776,-3.88763199891
-124.829350203,257.213739821,-3.88932249909
-124.356888961,257.181614733,-3.89037649895
-123.884428311,257.149480955,-3.89143049912
-123.403213593,257.116672145,-3.90925249912
-122.930440363,257.084224258,-3.94320599925
-122.423639235,257.049279715,-3.94553299912
-121.942455712,257.016016524,-3.96335499912
-121.452528935,256.981923771,-3.99794499924
-120.971376041,256.948220426,-4.01576699892
-120.490233653,256.914367419,-4.03358899892
-120.000671533,256.879838227,-4.0352794991
-119.502357654,256.84460371,-4.05373799909
-118.995302795,256.808512394,-4.08896449922
-118.513881567,256.773882705,-4.13968599917
-118.023739907,256.738117458,-4.20717549895
-117.559892629,256.703926298,-4.22436099894
-117.078876677,256.668321847,-4.24218299925
-116.589443509,256.632010563,-4.2438734988
-116.091261209,256.594962095,-4.26233199911
-115.610591016,256.559201696,-4.24725449915
-114.665464808,256.488449029,-4.31516149909
-114.158901212,256.450215169,-4.31748849895
-113.661088451,256.41269472,-4.303047499
-113.180443792,256.376592756,-4.28796999904
-112.691039798,256.339890361,-4.28966049921
-112.218814553,256.304464896,-4.29071449907
-111.711913305,256.266276706,-4.3259409992
-111.222212086,256.229084242,-4.36053099902
-110.758457984,256.193651691,-4.37771649902
-110.277217391,256.156596246,-4.42843799896
-109.796331306,256.119278735,-4.44625999896
-109.30670927,256.081058,-4.48084999909
-108.800258358,256.041359416,-4.48317699895
-108.319408145,256.003582495,-4.50099899895
-107.855742304,255.967013099,-4.51818449894
-107.366489731,255.928344579,-4.51987499912
-106.868812609,255.889065939,-4.50543399884
-106.388298471,255.851266417,-4.4903564992
-105.899027175,255.812835527,-4.49204699875
-104.928298847,255.735845933,-4.57735849914
-104.438765546,255.696504995,-4.61194849896
-103.975171389,255.659037809,-4.62913399896
-103.502843149,255.620652573,-4.66308749909
-103.013689934,255.580746842,-4.66477799864
-102.508009813,255.539767263,-4.60130599922
-101.970503458,255.498044043,-4.2759109989
-101.467454102,255.462019194,-3.91634349894
-100.938888899,255.42772389,-3.5083814989
-100.401980323,255.396955053,-3.05138849939
-99.8732831538,255.370811094,-2.6105269997
-99.3356316188,255.348291104,-2.18643349952
-98.8153720373,255.330508531,-1.7288039997
-98.31220714,255.317335586,-1.27053799987
-97.8008375526,255.308258809,-0.763240999965
-97.2296169496,255.303413112,-0.208822499967
-96.6671561037,255.304166755,0.36236399986
-96.1128403216,255.310198565,0.884519499902
-95.5754887328,255.320792693,1.37441199968
-95.0382473671,255.335980862,1.86430449946
-94.4846193367,255.356686242,2.41935949946
-93.9393107104,255.382138812,2.92538349937
-93.377390361,255.413501194,3.46367049924
-92.8070228379,255.450629427,3.98518949897
-91.72698939,255.535310275,4.98110599866
-91.1322474749,255.589955329,5.51811999883
-90.5719729816,255.646577605,6.02350749875
-89.9954462811,255.710148656,6.56115799861
-89.4282689362,255.778165693,7.1155764983
-88.8363277522,255.855051032,7.68548999844
-88.2364733263,255.938950084,8.23863549813
-87.637456821,256.028636258,8.79178099813
-87.0393340663,256.124101194,9.34492649781
-86.4504742201,256.2238414,9.88194049767
-85.862575056,256.32909633,10.4189544975
-85.2926160822,256.436665298,10.9566049977
-84.7154230379,256.551303304,11.5103869974
-84.1397259824,256.671611776,12.0970684971
-83.5652909867,256.797808702,12.683749997
-82.9918153323,256.929791112,13.237531997
-82.4367545764,257.063369034,13.8248499967
-81.8745569318,257.204688943,14.3953999965
-81.3223087526,257.349455833,14.9827179964
-80.7387045093,257.509026389,15.6016624963
-80.1980929379,257.663061447,16.2057484961
-79.6587697604,257.822727603,16.7769349963
-79.1375338381,257.9827108,17.3487579961
-78.6095287413,258.150470529,17.9038129961
-78.099905498,258.318007483,18.4924039957
-77.5840586253,258.493563493,19.0971264955
-77.0542124536,258.680314152,19.7341119955
-76.5261065276,258.872906471,20.3381979953
-75.9914448626,259.074036682,20.8926164953
-75.4355896139,259.28975562,21.5283289954
-74.8899708876,259.508408731,22.147909995
-74.3545230213,259.729647264,22.7513594947
-73.8055832028,259.963255255,23.3541724948
-73.2595057834,260.202648591,23.9898849942
-72.7161180567,260.448085948,24.6255974943
-72.1827367985,260.695887605,25.2122789942
-71.6367479963,260.956565382,25.8312234941
-71.1086987101,261.215534838,26.4179049938
-70.5833287835,261.479897598,27.0045864937
-70.060319435,261.749628768,27.5583684938
-69.5250831669,262.032440658,28.1444134934
-68.5302913601,262.576864908,29.2371189933
-67.996263487,262.879473622,29.8392954934
-67.4505466338,263.196324661,30.4408354931
-66.9005924211,263.523295021,31.0256074928
-66.3392858646,263.864811972,31.6097429927
-65.8032397439,264.198394239,32.1783834925
-65.2779874553,264.532644348,32.7637919925
-64.7276806653,264.891005971,33.3808269921
-64.2025785088,265.240961953,33.9823669922
-63.6669440535,265.606111691,34.5832704923
-63.1565556462,265.962063262,35.2015784919
-62.6360139457,266.333504821,35.8192499918
-62.1262763667,266.705484746,36.4207899916
-61.6271898643,267.077675243,37.0061984915
-61.1389707793,267.449696652,37.6083749916
-60.6543170223,267.826894404,38.1776519911
-60.1730639824,268.208958179,38.7140294913
-59.755140143,268.546891056,39.2039219911
-59.3009390379,268.921050166,39.7577039908
-58.8699827054,269.283009718,40.2959909906
-58.4424459084,269.64900202,40.8342779905
-58.0176511378,270.019189419,41.3067659905
-57.5771233821,270.409857613,41.8276484905
-57.1277434991,270.815963639,42.3807939902
-56.6696344014,271.238059142,42.9333029902
-56.2156168494,271.664552545,43.4858119902
-55.7785375073,272.083386732,44.0718569898
-55.3334476048,272.518711991,44.6572654898
-54.8924663048,272.95867114,45.2097744898
-54.4557480127,273.402862195,45.7622834895
-54.0121003869,273.863415425,46.3799549894
-53.5784510199,274.322754197,46.9156959893
-53.1668580049,274.767113931,47.4688414893
-52.7651913102,275.209118336,48.0058554891
-52.3621270617,275.661228494,48.5590009891
-51.9575995424,276.123759252,49.0953784887
-51.1718215489,277.047018328,50.1029709885
-50.752607909,277.553375182,50.6542069882
-50.3435377134,278.057126705,51.1893114884
-49.9447340004,278.557867966,51.7411839881
-49.5507718482,279.062427214,52.2930564881
-49.1616878065,279.570757638,52.8449289881
-48.7322601357,280.144305457,53.5090854877
-48.3393078119,280.681388023,54.1093524875
-47.9668744002,281.201630858,54.6941244875
-47.6093187681,281.711711763,55.2466334875
-47.2472844995,282.23924417,55.8314054871
-46.8999233855,282.756321356,56.3839144871
-46.5624650723,283.26943859,56.9531914869
-46.2394462714,283.77139932,57.5231049868
-45.9350480627,284.254781352,58.0775234868
-45.6487478664,284.719192285,58.6164469866
-45.3493349103,285.215568544,59.1869969868
-45.0591006806,285.707585362,59.7414154865
-44.7822517831,286.187468053,60.2964704861
-44.4812265561,286.722007306,60.9315464859
-44.2104061911,287.214976982,61.502732986
-43.9366718024,287.725584846,62.1061824858
-43.660961037,288.253879835,62.7747944858
-43.3914338324,288.785356181,63.4434064855
-43.1281268914,289.319941512,64.1120184855
-42.8707777442,289.857790128,64.7477309852
-42.6159283204,290.406155787,65.3995749851
-42.3744186691,290.941683582,66.0520554849
-42.1354251258,291.487936091,66.6877679847
-41.9092391512,292.02095055,67.3241169847
-41.6887061625,292.556689393,67.9275664845
-41.4741059076,293.094473029,68.5639154845
-41.2563184469,293.658584496,69.2157594841
-41.044683401,294.225388944,69.834703984
-40.8419733734,294.786473841,70.4375169841
-40.6394920356,295.365921088,71.0396934839
-40.4407683253,295.955235673,71.6909009837
-40.2482093056,296.547294898,72.2763094834
-40.0644252314,297.132940881,72.8784859832
-39.8868063117,297.720486048,73.4806624832
-39.7151097037,298.310136523,74.0499394831
-39.5413624327,298.927291429,74.5031134829
-39.3746895873,299.531650521,74.6608284831
-39.204077546,300.154174656,74.6863089829
-39.033208638,300.777319499,74.6459904828
-38.8681060914,301.376115682,74.5243779829
-38.7060938366,301.958238818,74.3705024831
-38.5427759165,302.539650904,74.2495264829
-38.3881197053,303.087017435,74.195622483
-38.2284987637,303.650535306,74.173981483
-38.0733690199,304.197421429,74.1529769833
-37.9158089674,304.752397831,74.1481039831
-37.7604322398,305.299213834,74.1270994831
-37.6118105557,305.821260333,74.090599983
-37.4678228647,306.326368933,74.0876364831
-37.3262890466,306.823047576,74.1014409831
-37.1751918547,307.353171353,74.0810729831
-37.0283977738,307.866955844,74.0284419831
-36.8836254271,308.372186792,73.9925789833
-36.7410333008,308.868909378,73.973483983
-36.6005401289,309.357446871,73.9382574832
-36.4552099263,309.86217084,73.935293983
-36.3096163974,310.367165758,73.8994309832
-36.1662169185,310.86365587,73.8803359832
-36.0251624334,311.351684698,73.878008983
-35.8477818685,311.964218671,73.8215589834
-35.6822107128,312.534817248,73.8160494832
-35.5358042997,313.03923009,73.8130859834
-35.3795133329,313.576995071,73.7759499829
-35.2352797125,314.072896432,73.7897544832
-35.0932206799,314.560980896,73.7545279831
-34.9582148083,315.024033202,73.7367059834
-34.8157039334,315.511985928,73.7014794833
-34.6777351599,315.983319335,73.6668894834
-34.541794432,316.44644538,73.6161679832
-34.4031240121,316.917572833,73.5815779831
-34.2620785488,317.396458526,73.596018983
-34.1209221267,317.875658961,73.577560483
-33.9847136954,318.338011536,73.5926379833
-33.8486269378,318.800399939,73.6077154832
-33.7052519557,319.287752089,73.6053884834
-33.5664929014,319.758853445,73.5707984829
-33.4300028637,320.221470449,73.5529764833
-33.2908129219,320.692444677,73.5183864834
-33.1462091292,321.180128871,73.450260483
-33.0061750807,321.650852811,73.4156704832
-32.8632782845,322.12988493,73.3643124833
-32.7201851156,322.608510606,73.3458539833
-32.5769377593,323.087090159,73.3273954833
-32.4314153844,323.573457552,73.3579679834
-32.2932078585,324.035564361,73.3401459831
-32.1499128252,324.51412964,73.3216874831
-32.0038712638,325.001037306,73.2864609833
-31.8601278873,325.479468111,73.2680024833
-31.7211949346,325.941357337,73.2501804833
-31.5745458105,326.42808236,73.2149539834
-31.4254636984,326.922547748,73.2287584831
-31.281238568,327.400833546,73.2102999831
-31.1292668955,327.903945813,73.1744369833
-30.9893507076,328.365886367,73.1237154833
-30.8466361578,328.835804573,73.0891254832
-30.698382719,329.322391716,73.0209994834
-30.5524242386,329.800151399,73.0025409834
-30.4089484424,330.269489264,73.0008504833
-30.2652265295,330.739100352,72.9662604834
-30.1214535707,331.208347272,72.9645699833
-29.9723800305,331.694335227,72.9293434831
-29.8232450683,332.179955724,72.9270164833
-29.6765031093,332.657475347,72.9085579833
-29.5373231225,333.110112704,72.9075039834
-29.3928363086,333.579489018,72.8729139836
-29.242985525,334.065237878,72.8376874835
-29.1005875441,334.526070644,72.8198654835
-28.9553829507,334.995225404,72.7852754833
-28.812332445,335.456204978,72.7345539834
-28.6713206369,335.908973151,72.6677009833
-28.527556075,336.36938142,72.6498789836
-28.3782696891,336.84646091,72.5985209834
-28.2366424559,337.298338518,72.5974669835
-28.1001615245,337.733776679,72.5970494833
-27.9609865278,338.177571285,72.5798639833
-27.8113540105,338.654193046,72.5614054833
-27.6640345548,339.12268802,72.5268154835
-27.5216120711,339.574665042,72.4928619834
-27.3737322558,340.042983441,72.4582719836
-27.2309993389,340.49451302,72.4572179837
-27.0855443852,340.954390046,72.4393959834
-26.9426627203,341.405872577,72.4383419835
-26.7891320171,341.890470902,72.4031154834
-26.6407539737,342.358282072,72.4014249832
-26.4871509387,342.842507858,72.3990979834
-26.3385049232,343.310583627,72.3645079836
-26.1923060356,343.770224692,72.3466859836
-26.0382404533,344.254303508,72.3443589834
-25.883915064,344.738649342,72.3091324836
-25.7292919193,345.222900203,72.2739059834
-25.5718662338,345.715122709,72.2548109838
-25.4167840457,346.199226756,72.2195844836
-25.2643957816,346.674624638,72.2340254836
-25.1066275247,347.166737449,72.2149304833
-24.9592291886,347.625995278,72.1971084836
-24.8089339544,348.093544105,72.1625184835
-24.6558336991,348.5690633,72.1440599835
-24.4917571634,349.077592449,72.0914289835
-24.3327646366,349.569311087,72.0723339835
-24.1869935277,350.019868996,72.0712799833
-24.0331362443,350.49514379,72.0528214837
-23.8765899059,350.978426055,72.0504944835
-23.7253355947,351.445315194,72.0488039836
-23.5687553697,351.928586482,72.0464769835
-23.4144530633,352.404067358,71.9951189835
-23.259724614,352.879409732,71.9437609835
-23.1048099284,353.354340919,71.9253024836
-22.9522983843,353.821171501,71.8907124837
-22.7887807876,354.320650568,71.8548494836
-22.6359330986,354.787020506,71.8531589837
-22.4777035876,355.26975431,71.8508319836
-22.3248231977,355.73611353,71.8491414837
-22.1665598385,356.218836238,71.8468144835
-22.0026596065,356.718189877,71.8109514834
-21.8386942274,357.217171347,71.8079879839
-21.6770260083,357.708367624,71.7559934836
-21.5154026858,358.198876949,71.7697979836
-21.3562281265,358.681650885,71.7345714834
-21.191349971,359.180682484,71.6987084836
-21.0289908351,359.671299802,71.6796134836
-20.8662224691,360.16213262,71.6276189837
-20.7004130724,360.660855576,71.5917559835
-20.5397391031,361.143132559,71.5565294837
-20.3787686514,361.625310666,71.5213029839
-20.2120341282,362.123725093,71.4854399835
-20.0504655401,362.605703106,71.4502134839
-19.8804944434,363.111940992,71.4304819836
-19.7158403017,363.601792864,71.4113869836
-19.5538934718,364.083292322,71.4090599835
-19.3974218571,364.548458925,71.4073694839
-19.2299458317,365.046273081,71.4044059837
-18.9178202721,365.989062319,71.9596799836
-18.7580980416,366.485217378,72.3515104835
-18.594143559,367.006965918,72.7588359835
-18.4317524141,367.537693176,73.2151924834
-18.2735935775,368.069697019,73.6715489832
-18.1174109714,368.61108071,74.1440369828
-17.9747439436,369.120835869,74.5848984831
-17.8405210994,369.615050533,75.0263964828
-17.7041113029,370.13456277,75.5491884829
-17.5726785479,370.655012447,76.1048799829
-17.4462995527,371.176712346,76.6605714826
-17.3270456881,371.691078208,77.2330309824
-17.2109627711,372.215165216,77.7887224824
-17.0985187784,372.748338975,78.3934449818
-16.9867516957,373.307859193,79.0136624821
-16.8808248967,373.868853861,79.6009804817
-16.7790301098,374.439533569,80.1715304815
-16.6827035764,375.011499926,80.7091809817
-16.5874878853,375.603472758,81.0158984816
-16.4926605667,376.206422836,81.1084509816
-16.3954664096,376.827450544,81.1016684817
-16.3041078495,377.406982151,80.9813289815
-16.2117511083,377.986018093,80.8938889816
-16.1199903574,378.556257877,80.8232169815
-16.0292284195,379.117428028,80.8022124816
-15.9422965436,379.653211381,80.7657129817
-15.8577959795,380.171937703,80.7298499813
-15.7718866548,380.698654641,80.7430179816
-15.6833262732,381.242392933,80.7555494815
-15.5933944983,381.794803256,80.7513129814
-15.5047031074,382.338857865,80.7309449817
-15.421379282,382.848880396,80.7118499817
-15.337685132,383.359179999,80.6598554814
-15.2494223194,383.894745707,80.6233559816
-15.163836366,384.41295628,80.6203924817
-15.0795286053,384.922817088,80.6012974817
-14.9937431506,385.440994672,80.5983339813
-14.9092391029,385.950822985,80.5792389822
-14.8247660288,386.460318614,80.5930434809
-14.704451508,387.203930695,81.0256304812
-14.6184297221,387.761462408,81.4323194819
-14.5354295643,388.327652767,81.8880394808
-14.455857755,388.902863048,82.3598909807
-14.3812338686,389.478399842,82.8646419813
-14.3126153334,390.046176627,83.3532614811
-14.2499021789,390.605802082,83.8586489806
-14.1931091329,391.157233781,84.3808044804
-14.1413437563,391.709160148,84.9029599801
-14.0952458235,392.253112638,85.4089839791
-14.0522776238,392.822735489,85.9634024803
-14.0151147633,393.384636292,86.4687899802
-13.9830900193,393.946519282,87.0070769807
-13.9581515969,394.466151121,87.4976059811
-13.9369813643,395.003190026,87.9874984794
-13.9207517937,395.531617079,88.4941589808
-13.9093545637,396.059836859,89.0337189798
-13.9028802171,396.605033698,89.6055419802
-13.9017877085,397.14182159,90.1612334802
-13.9061965992,397.686705495,90.7659559781
-13.9171519631,398.265622146,91.4023049785
-13.934355994,398.835603052,92.0554219789
-13.9577561912,399.406030904,92.642739978
-13.9856135464,399.950554069,93.2145629784
-14.0587552513,401.055819465,94.3575724771
-14.1042864186,401.616434917,94.9287589782
-14.157101719,402.193376379,95.532208478
-14.2167972424,402.778472672,96.1188899776
-14.2844011234,403.38004573,96.7049349779
-14.3560590218,403.963797709,97.2916164775
-14.4371613198,404.572222086,97.8937929788
-14.528398467,405.20515832,98.5114644784
-14.6250705922,405.828741485,99.1130044773
-14.728408246,406.450916611,99.7474439767
-14.8386288053,407.071909353,100.381883476
-14.9508722731,407.666432759,101.000827978
-15.0712726553,408.267974235,101.635903976
-15.1983330913,408.868144249,102.270979975
-15.3282868246,409.450056395,102.906692476
-15.4706437626,410.055463114,103.557899976
-15.6177617387,410.651034017,104.192975975
-15.7735836524,411.253460261,104.811283977
-15.9291229859,411.829407423,105.414096977
-16.0930060176,412.412161898,106.000141975
-16.2628410277,412.993209657,106.586186975
-16.4386796068,413.572120246,107.205131476
-16.6233181767,414.15749739,107.807307974
-16.8195179427,414.756902271,108.441747477
-17.0000586197,415.289953057,108.980034474
-17.1828212959,415.812601179,109.567988975
-17.3797764802,416.357094673,110.204337976
-17.5767306387,416.88323328,110.841323475
-17.7795218482,417.407149781,111.478308975
-17.9880990417,417.929149037,112.082394974
-18.2022121377,418.448180507,112.752279974
-18.4325187693,418.988258227,113.437659973
-18.6623260685,419.50977762,114.123676474
-18.8983501608,420.028879575,114.776793475
-19.1475924016,420.560484121,115.462173474
-19.4031757854,421.089069234,116.147553472
-19.672744333,421.629978261,116.832296972
-19.9526920608,422.175101615,117.533171972
-20.2392873585,422.717136979,118.201147472
-20.5280727597,423.248414795,118.852991474
-20.8228835951,423.776372839,119.504835473
-21.1322476336,424.31588807,120.156042972
-21.4608215702,424.873932108,120.822745473
-21.8003268433,425.435678244,121.472679971
-22.1327305091,425.974416517,121.876822972
-22.4782164024,426.528449735,122.017133473
-22.8205541912,427.075669621,122.042613972
-23.1540433257,427.608892079,122.002931971
-23.4780692671,428.128107998,121.930986972
-23.8014963575,428.648481993,121.793242971
-24.1236458073,429.169256139,121.688398471
-24.4358091147,429.675950881,121.584190471
-24.7424698438,430.174940294,121.562549472
-25.0444198768,430.66651954,121.557676473
-25.3463280998,431.158124465,121.552803474
-25.6346583082,431.627549604,121.565334971
-25.9050581096,432.067555791,121.579139472
-26.1800970615,432.515016099,121.576175971
-26.4551128699,432.962490633,121.573212473
-26.7346794159,433.41786471,121.520581471
-27.0138275454,433.873495402,121.467950472
-27.2835265434,434.314322232,121.448855473
-27.5531257549,434.755600671,121.396860973
-27.8267845843,435.204296767,121.360997971
-28.1002068882,435.653527202,121.292235471
-28.368598844,436.09554095,121.240240971
-28.6455143017,436.552532017,121.187609972
-28.9086192293,436.98748375,121.152383473
-29.1714566909,437.422597163,121.117156973
-29.4206566089,437.835566197,121.099334973
-29.6741488785,438.255810179,121.097644473
-29.93210074,438.683617414,121.079185973
-30.1899638122,439.111867226,121.027827972
-30.4474429122,439.540348005,120.976469972
-30.7045860442,439.969419044,120.892212474
-30.9566574862,440.391293418,120.824722972
-31.2081823426,440.813105946,120.790132972
-31.4726475437,441.257092433,120.771037973
-31.7369217077,441.700804797,120.784842472
-32.0013888591,442.145177975,120.732847972
-32.2566117048,442.574618881,120.714389472
-32.5204897365,443.018954596,120.695294473
-32.7886340639,443.470967827,120.659431471
-33.0520857685,443.915556449,120.640336472
-33.3242012973,444.375421804,120.587705473
-33.5870962351,444.82033988,120.568610474
-33.8498428794,445.265345545,120.549515472
-34.1255847823,445.732878812,120.513015974
-34.3878995108,446.178139213,120.493920972
-34.6500658334,446.623487012,120.474825972
-34.9208150922,447.0837715,120.455094471
-35.1870232772,447.53654115,120.452130973
-35.4575534237,447.996567871,120.465298972
-35.715154281,448.434801839,120.430072473
-35.9768241602,448.880441511,120.410977474
-36.2470603254,449.341027427,120.391245972
-36.5214755471,449.808954309,120.387645972
-36.7871505482,450.262037025,120.384682473
-37.0353815155,450.685410055,120.382991974
-37.2835999914,451.108790408,120.381301474
-37.5535975626,451.569516229,120.361569973
-37.8190663319,452.022719809,120.358606471
-38.0714340391,452.453458557,120.373047472
-38.3718207319,452.966064039,120.367537974
-38.6199250024,453.389511326,120.365847471
-38.8723471439,453.820218177,120.380288472
-39.1248778342,454.250861393,120.394729473
-39.377517057,454.681440947,120.409170474
-39.6303098283,455.112316807,120.390711971
-39.8742538825,455.528412135,120.372889974
-40.1223977068,455.951836246,120.371199474
-40.3749494751,456.383239618,120.319841473
-40.6141088085,456.792734625,120.252988472
-40.8571001121,457.209772804,120.202266973
-41.1040276839,457.634292929,120.167676973
-41.3593073977,458.073497634,120.165349974
-41.6058701103,458.497458887,120.196558972
-41.857062264,458.929269835,120.178100472
-42.1124632206,459.368789532,120.142873972
-42.35025745,459.778308213,120.141819972
-42.5966916203,460.202729625,120.140129472
-42.843113268,460.627158308,120.138438972
-43.0894768258,461.051235323,120.169647973
-43.3275122434,461.460999318,120.135694472
-43.5653047938,461.870904302,120.101740974
-43.8158249134,462.303490634,120.050382973
-44.0573399976,462.721385451,119.999661472
-44.2984384913,463.139136022,119.981839471
-44.5265277565,463.534753247,119.948522472
-44.7672532934,463.952718842,119.930700472
-45.0035293965,464.363115295,119.929646471
-45.2397979507,464.773516096,119.928592474
-45.4761554591,465.184634662,119.861739472
-45.7162933398,465.603322391,119.811017974
-45.9560151062,466.0218645,119.793195973
-46.178497307,466.410577494,119.776646971
-46.4094176725,466.814308987,119.759461473
-46.6444661767,467.225409761,119.758407472
-46.8753073476,467.62957037,119.708322474
-47.1143232764,468.048899596,119.657600972
-47.3487336842,468.46113146,119.590747973
-47.5869324244,468.881308536,119.507126971
-47.8244743987,469.301474487,119.456405473
-48.0658549123,469.729172991,119.421815473
-48.3069362952,470.156657613,119.420124973
-48.5480050651,470.584149348,119.418434473
-48.7890612219,471.011648195,119.416743973
-49.0301456146,471.439513686,119.382153973
-49.2709716571,471.867524644,119.347563972
-49.5157761601,472.30337097,119.296205972
-49.7686098222,472.75446468,119.244211472
-50.0041794398,473.175357752,119.226389472
-50.2438804636,473.60438155,119.158899974
-50.4830759674,474.033687397,119.091410472
-50.7218040409,474.463634547,118.991021473
-50.97226278,474.916432047,118.906127473
-51.226163725,475.376596858,118.870264474
-51.5295872307,475.922911519,119.225376473
-51.798305295,476.399244609,119.632701973
-52.0874954604,476.90279956,120.104553472
-52.3677588865,477.381469223,120.593809472
-52.6564972601,477.864939741,121.099196971
-52.9449900877,478.338304566,121.621352471
-53.2377848068,478.809020639,122.143507971
-53.5486426994,479.298310819,122.714057973
-53.8596899075,479.777441377,123.268476471
-54.189612601,480.274891612,123.838389971
-54.5244216201,480.768663359,124.441202971
-54.8545926901,481.24472845,125.04465247
-55.1997222449,481.731342474,125.647465471
-55.5449267935,482.207509512,126.234146971
-55.8949888837,482.680116919,126.82082847
-56.2550352925,483.155799797,127.423641471
-56.6095287592,483.614041315,128.02709097
-56.9795093094,484.082039189,128.629903971
-57.6305801911,484.881889765,129.66062947
-58.002776656,485.3263077,130.231179472
-58.3849302851,485.773364555,130.817860971
-58.7660263556,486.210174918,131.38841097
-59.1571308566,486.649422567,131.97509247
-59.558553168,487.091198357,132.545005969
-59.9584442085,487.522462063,133.131687469
-60.3510013159,487.937450468,133.68610597
-60.7534777001,488.35464379,134.256655969
-61.172169001,488.780088633,134.826569469
-61.5950713629,489.201347833,135.396482969
-62.0282454905,489.624219685,135.982527969
-62.4535239785,490.03143529,136.50341047
-62.8822321527,490.434064809,137.09009197
-63.3277149241,490.843949582,137.676136967
-63.7710367786,491.243663797,138.246050467
-64.2248326834,491.644829177,138.79919597
-64.6828938517,492.042645002,139.253642967
-65.1453520054,492.439961123,139.411994467
-65.6094640569,492.837396906,139.438747967
-66.0743170626,493.236016602,139.333903467
-66.5255269347,493.624593321,139.196795969
-66.9626383558,494.002630477,139.093224468
-67.3989227318,494.381113487,139.022552467
-67.834454326,494.759446948,139.017679468
-68.2699537413,495.13781745,139.012806469
-68.6924202371,495.504923632,139.008569969
-69.1084334493,495.866578975,138.988201969
-69.5307422598,496.233866543,138.983965469
-69.9663041028,496.613180828,138.913293468
-70.3623217993,496.95870554,138.877430471
-70.7581231449,497.304478063,138.841567467
-71.1730804598,497.667344441,138.82119947
-71.581353931,498.024516742,138.817599471
-71.9830488028,498.375874643,138.830767469
-72.3849743858,498.727474981,138.811035966
-72.7738193165,499.067865141,138.791940969
-73.1755065452,499.419737763,138.772209466
-73.5639678319,499.760060149,138.786013967
-73.9459547668,500.09444912,138.816586466
-74.3348326708,500.43480161,138.79749147
-74.7237499928,500.775614922,138.745496968
-75.1122053079,501.116449649,138.726401968
-75.4943066506,501.452224414,138.658275969
-75.8887825341,501.79950833,138.622412968
-76.2828906648,502.146705587,138.619449469
-76.6705952233,502.48839407,138.600354469
-77.058185883,502.830211741,138.581259469
-77.4520445327,503.177691983,138.57829597
-77.8458852081,503.525192594,138.575332467
-78.2269467651,503.861643636,138.540105967
-78.6141777786,504.203868685,138.52101097
-78.988547205,504.535137153,138.469652968
-79.3755080834,504.878170203,138.41765847
-79.7556423088,505.215668625,138.382431969
-80.1161811194,505.536068045,138.364609969
-80.4961546229,505.874248865,138.296483967
-80.8819269974,506.218117323,138.27738897
-81.2483820045,506.545074952,138.242798969
-81.6274844585,506.883731921,138.207572468
-81.9998833279,507.216714316,138.189113968
-82.3721749039,507.549816666,138.170655468
-82.7380202022,507.877456377,138.136065468
-83.1101555456,508.211232575,138.084707469
-83.4948030187,508.556857687,138.032712968
-83.879136686,508.902831713,137.980718469
-84.2438938419,509.231682409,137.946128469
-84.608452401,509.560753252,137.911538468
-84.9854410833,509.901264688,137.909211469
-85.3751969799,510.253340665,137.906247966
-85.7586183701,510.599828586,137.887152969
-86.1289981884,510.934558506,137.901593971
-86.4868354777,511.257972325,137.883771968
-86.8635096159,511.598334773,137.914344467
-87.2775971917,511.970392873,138.206203469
-87.6802651057,512.327875548,138.597397466
-88.1045845654,512.699114321,139.036985968
-88.5512422679,513.083781926,139.492069469
-89.0009411507,513.464889763,139.947152969
-89.4535050238,513.842070284,140.435135967
-89.895940602,514.204464736,140.923755469
-90.354867439,514.573876922,141.411738467
-90.8302784697,514.949713179,141.931984468
-91.2887513593,515.305541697,142.43673547
-91.723283151,515.6370837,142.876960466
-92.1807568058,515.98029914,143.365579968
-92.6272756263,516.309378428,143.854835966
-93.0767648643,516.634957495,144.311192467
-93.5496140713,516.971446654,144.815943466
-94.0252311149,517.303429701,145.353593967
-94.4971084618,517.626556223,145.842213468
-94.9858355459,517.954934326,146.363095965
-95.4704294944,518.274277448,146.867846968
-95.9506808747,518.584821475,147.356466466
-96.4190201409,518.882026062,147.845722465
-96.896894209,519.179304472,148.384009465
-97.3922500202,519.481044321,148.921659966
-97.8916196988,519.78000814,149.261913467
-98.3941670531,520.078198563,149.371870467
-98.9054010239,520.380913562,149.366360965
-99.3875796091,520.667040756,149.263425967
-99.8696507992,520.954651716,149.094691967
-100.365438339,521.252239427,148.958220968
-100.837886283,521.536883124,148.904953466
-101.302594392,521.817360083,148.868453965
-101.774392484,522.10243576,148.848085968
-102.24588585,522.387371329,148.860617467
-102.717441522,522.672203766,148.873148965
-103.167044961,522.943725225,148.870185466
-103.62410924,523.219875934,148.850453966
-104.073812228,523.491876977,148.814590965
-104.51587447,523.759546205,148.795495968
-104.957847482,524.027362744,148.776400965
-105.392471855,524.29100809,148.741174465
-105.841655239,524.563866349,148.705311467
-106.268699389,524.823721232,148.653953465
-106.70275933,525.088294815,148.618726965
-107.151152647,525.361810054,148.615763469
-107.599531817,525.635348484,148.612799966
-108.033193152,525.899935618,148.610472967
-108.503702877,526.187132724,148.590104967
-108.937467717,526.452189845,148.554878466
-109.371069511,526.717513602,148.519651969
-109.826639791,526.996760313,148.467020964
-110.421468142,527.362279728,148.391893468
-110.846875924,527.624169804,148.373434968
-111.279635323,527.890865353,148.338208467
-111.697363033,528.148483084,148.336517968
-112.129743483,528.415158261,148.334190966
-112.576772976,528.69089688,148.331227466
-113.031016267,528.971029305,148.344395468
-113.477890249,529.2463851,148.374331467
-113.910653821,529.513073878,148.339104966
-114.343046313,529.779729533,148.336777967
-114.775427972,530.046402748,148.334450965
-115.207798802,530.313093525,148.332123965
-115.640365797,530.580101029,148.296897468
-116.065338782,530.842696068,148.278438968
-116.490435093,531.105725329,148.227080966
-116.915295463,531.369135526,148.175722965
-117.332499705,531.628232386,148.141132964
-117.74933884,531.887285413,148.139442465
-118.173588582,532.151047331,148.120983965
-118.604962803,532.419347137,148.118656965
-119.021700284,532.678563662,148.116966466
-119.438430117,532.937792483,148.115275967
-119.869777606,533.206135262,148.112948965
-120.286489261,533.465393302,148.111258465
-120.710609207,533.729363878,148.092799965
-121.134644089,533.993471075,148.074341465
-121.551180955,534.253009848,148.072650966
-121.975122933,534.517266148,148.054192466
-122.40638964,534.786368808,148.018965965
-122.837901086,535.056337556,147.917940465
-123.283319823,535.33592634,147.849177966
-123.706639167,535.602432027,147.764920466
-124.114587632,535.859768523,147.747098466
-124.529635365,536.121682087,147.745407966
-124.966423341,536.397250153,147.759212465
-125.403480451,536.673016226,147.740117465
-125.825881605,536.939728536,147.721658968
-126.255579237,537.211329637,147.686432467
-126.677730303,537.478437613,147.667973967
-127.099795295,537.745681576,147.649515467
-127.507431926,538.004134649,147.598793966
-127.929378339,538.272187798,147.547435964
-128.351084307,538.540619056,147.496077966
-128.772345628,538.809128073,147.477619466
-129.186362092,539.073288878,147.443029465
-129.585496396,539.328128935,147.441975466
-129.991987924,539.587760713,147.424153466
-130.412911849,539.856798336,147.405694966
-130.826596381,540.121478655,147.371104965
-131.232766453,540.381613033,147.353282965
-131.653357278,540.6511711,147.334824465
-132.059362548,540.911562619,147.317002465
-132.465081054,541.171783935,147.332079967
-132.871073851,541.432194901,147.314257967
-133.276985628,541.69273214,147.296435964
-133.683021838,541.953692311,147.245714468
-134.081482804,542.210200111,147.211760964
-134.487337816,542.47205718,147.128139968
-134.907068105,542.743567309,147.076781966
-135.33348126,543.019683817,147.074454967
-135.745425637,543.286451816,147.072764468
-136.157362143,543.55323197,147.071073968
-136.583747786,543.829390957,147.068746966
-137.010122215,544.105567262,147.066419967
-137.49316865,544.417314921,147.258943967
-137.911280632,544.684562581,147.569480467
-138.352376477,544.962884678,147.928411466
-138.816843136,545.251629089,148.335736963
-139.290394924,545.541095857,148.792093467
-139.751676358,545.81821634,149.216186965
-140.23693396,546.104597845,149.688674966
-140.70963126,546.378332781,150.161799467
-141.206723669,546.660461749,150.683318467
-141.691521003,546.929986848,151.172574466
-142.186272463,547.199635325,151.645062463
-142.683012761,547.464894942,152.150449966
-143.189596088,547.729604122,152.671968966
-143.69856784,547.989691365,153.193487966
-144.209885846,548.245135124,153.715006966
-144.731360083,548.499842691,154.219757962
-145.262715356,548.753511599,154.740640465
-145.788896987,548.999136175,155.212491963
-146.316849417,549.240129031,155.717242966
-146.847141066,549.476749633,156.189094463
-147.379363365,549.708995115,156.660945964
-147.897636885,549.930087548,157.133433965
-148.441442431,550.156703375,157.621416964
-148.995013794,550.381783991,158.125531466
-149.544392082,550.600915081,158.383217963
-150.096236126,550.81925673,158.443507464
-150.633033658,551.031523119,158.405734963
-151.16230804,551.241656158,158.286031965
-151.691142253,551.452894503,158.166328964
-152.211667249,551.66216097,158.030494464
-152.723087658,551.868748143,157.977226966
-153.209989629,552.065709114,157.974263464
-153.71284901,552.269158672,157.970663464
-154.231911323,552.479378456,157.933527467
-154.742732093,552.686558867,157.913159464
-155.213706654,552.877844452,157.877932966
-155.676458712,553.066043085,157.859474466
-156.131045412,553.251014072,157.857783964
-156.617787512,553.449255016,157.821920963
-157.072763477,553.635036804,157.754431464
-157.543459365,553.827887808,157.686305465
-157.99799432,554.014745973,157.618815962
-158.443964096,554.198471262,157.600993962
-158.897966076,554.385748502,157.566403962
-159.359688024,554.57646042,157.547945462
-159.829181498,554.770482024,157.545618462
-160.274661067,554.954521675,157.560695964
-160.720444245,555.138699255,157.542873964
-161.197251108,555.335393545,157.622477462
-162.12507718,555.711680113,158.226782464
-162.60978084,555.903365787,158.618612964
-163.111589746,556.097695775,159.042706466
-163.622749236,556.291226014,159.482931462
-164.151535989,556.486801575,159.922519964
-164.673577518,556.675255677,160.378876461
-165.213091112,556.865003037,160.867495963
-165.762221158,557.052799523,161.372246962
-166.280557711,557.225138636,161.845371463
-166.816689301,557.398494416,162.317859461
-167.329718928,557.559795814,162.774852464
-167.859946663,557.721539184,163.297007964
-168.416543856,557.88588909,163.801758964
-168.966423868,558.043086271,164.290378462
-169.517902035,558.195835671,164.746098462
-170.07875638,558.346304749,165.217949963
-170.624157722,558.487820415,165.690437961
-171.187132784,558.628782844,166.19518896
-171.751327801,558.764780299,166.699939963
-172.316986223,558.896039929,167.17179146
-172.866895363,559.018878211,167.644279461
-173.41779878,559.137177559,168.116767462
-173.986236734,559.254180185,168.621518462
-174.958583357,559.442643652,169.43998846
-175.530168055,559.546935989,169.87894046
-176.093900351,559.645254078,170.33466046
-176.666742193,559.740389593,170.806511964
-177.231992237,559.829568835,171.262231961
-177.797628159,559.914037667,171.750851463
-178.363963857,559.993679733,172.239470961
-178.922883427,560.067667182,172.67905946
-179.499137417,560.139290363,173.150910958
-180.067249956,560.20507125,173.639530463
-180.644623572,560.267024855,174.111381961
-181.230585898,560.32476991,174.632264461
-181.817048973,560.377185603,175.153146961
-182.378368064,560.422290673,175.65853446
-182.974106706,560.464711148,176.195548461
-183.561781456,560.501107993,176.716430961
-184.149762804,560.532160788,177.237313458
-184.712677004,560.556998443,177.709801459
-185.292991798,560.577813868,178.181652957
-185.86468419,560.593523429,178.670272461
-186.453382421,560.604511324,179.191154958
-187.033709531,560.610147769,179.695905961
-187.622510125,560.610596367,180.216788458
-188.212964289,560.606525877,180.573173459
-188.814844993,560.600103167,180.649594458
-189.426167332,560.593204756,180.643448458
-190.012490383,560.58706735,180.556008459
-190.607936898,560.582001353,180.41890096
-191.203059555,560.578191436,180.314692959
-191.789408171,560.575418355,180.227252959
-192.357866651,560.573267858,180.206248459
-192.909099834,560.571381547,180.185880459
-193.469113553,560.569746216,180.148744458
-194.020348353,560.568413142,180.128376461
-194.537131376,560.567341354,180.109281458
-195.071140847,560.566414776,180.089549958
-195.596370796,560.565607455,180.086586459
-196.095594855,560.564790104,180.101027461
-196.594818693,560.563846927,180.115468459
-197.076816172,560.562812134,180.13054596
-197.576373048,560.561754382,180.112087457
-198.075930241,560.560857569,180.093628957
-198.58426749,560.560183145,180.058402457
-199.075045537,560.559690127,180.056711957
-199.557377229,560.559287725,180.038889957
-200.039375659,560.558897145,180.053967459
-200.55615964,560.558496495,180.034872459
-201.064497314,560.558343368,179.999645958
-201.555608849,560.558494646,179.965055957
-202.046720201,560.558942414,179.93046596
-202.537498128,560.559545261,179.928775457
-203.028276035,560.560162588,179.927084958
-203.501827802,560.560769589,179.926030959
-204.0017183,560.561638993,179.874672957
-204.484048837,560.562769045,179.85685096
-204.966378998,560.564049127,179.83902896
-205.439929275,560.565383913,179.837974958
-205.922258987,560.566822898,179.820152958
-206.413034842,560.56837065,179.818462459
-206.878138002,560.569914054,179.801276959
-207.352020067,560.571698072,179.767323458
-207.834680287,560.573871795,179.71660196
-208.317338396,560.576472796,179.665880461
-208.782768231,560.579390409,179.615795457
-209.247863024,560.582578965,179.59860996
-209.721735811,560.586039187,179.564656459
-210.186827574,560.58964286,179.547470959
-210.669475899,560.593668602,179.496749461
-211.160899123,560.59827452,179.429259958
-211.729663978,560.604207916,179.37535596
-212.237638108,560.609756434,179.373028958
-212.745280335,560.615176184,179.40360146
-213.236031967,560.6202919,179.401910961
-213.726783448,560.625422096,179.400220462
-214.252316738,560.631088138,179.364357458
-214.752174692,560.636857873,179.312999459
-215.269252044,560.643292798,179.261004958
-215.769098779,560.649964188,179.209646956
-216.268939332,560.657083621,179.158288961
-216.76811111,560.664354376,179.172729959
-217.259169315,560.671593314,179.138139959
-217.758669579,560.67918799,179.119681459
-218.258167371,560.686943584,179.101222959
-218.766109142,560.694922444,179.098895959
-219.265935,560.703008039,179.047537958
-219.774199837,560.711614297,179.01231146
-220.248012409,560.719923318,178.978357956
-220.747820151,560.729060421,178.926999961
-221.256065759,560.738735939,178.89177346
-221.755528749,560.748478342,178.87331496
-222.254988573,560.758381652,178.854856457
-222.745999061,560.768344826,178.82026646
-223.245449504,560.778710568,178.80180796
-223.736780715,560.789276481,178.73431846
-224.218663104,560.799859709,178.749395959
-224.692102364,560.810199541,178.74834196
-225.1915394,560.821192244,178.72988346
-225.69097287,560.832345845,178.71142496
-226.181956876,560.843538159,178.676834959
-226.690155395,560.855432681,178.641608458
-227.181125399,560.867223264,178.607018457
-227.671758481,560.879161184,178.605327958
-228.171166523,560.891400478,178.586869458
-228.670900165,560.90395241,178.53551146
-229.152742931,560.916207624,178.550588958
-229.651809519,560.928772269,178.56502996
-230.150879255,560.941211127,178.579470958
-230.633061016,560.953243304,178.561648961
-231.11523901,560.965425464,178.543826961
-231.606188177,560.978053923,178.50923696
-232.096800171,560.990829144,178.507546461
-232.578636898,561.003319535,178.52262396
-233.095247018,561.016729462,178.503528956
-233.61185264,561.03031156,178.48443396
-234.094013778,561.043143518,178.46661196
-234.576170903,561.056125454,178.448789956
-235.06709845,561.069568237,178.414199959
-235.540798467,561.082822851,178.380246458
-236.005716368,561.096039378,178.363060958
-236.470630286,561.109395354,178.345875461
-236.987525365,561.124556953,178.29388096
-237.46964116,561.138992398,178.27605896
-237.934534261,561.153054317,178.258873457
-238.408196607,561.167593062,178.224919959
-238.89906788,561.182953923,178.190329958
-239.380828069,561.198111785,178.20540746
-239.87136542,561.213488444,178.20371696
-240.345013549,561.22848316,178.16976346
-240.827096944,561.243962958,178.151941457
-241.309504071,561.259742009,178.101219961
-241.791568602,561.275798517,178.083397958
-242.247967956,561.291204082,178.050080961
-242.704358272,561.306875036,178.01676396
-243.186726831,561.323792182,177.966042461
-243.660308685,561.340751551,177.932088958
-244.142651714,561.35838155,177.881367462
-244.624978946,561.376438539,177.830645961
-245.106634488,561.394620414,177.845723459
-245.614279493,561.413726792,177.84339646
-246.104709898,561.432202477,177.841705958
-246.612353563,561.451344451,177.839378958
-247.119013572,561.470032942,177.935750461
-247.957011966,561.496371001,178.463853458
-248.495650713,561.509130564,178.822147957
-249.034028004,561.518361184,179.21334196
-249.589017229,561.523771008,179.669698457
-250.152811561,561.524858408,180.10928696
-250.71659764,561.521620238,180.548875459
-251.280006637,561.513899406,181.02136346
-251.852112315,561.501423773,181.47708346
-252.423762414,561.48424396,181.965702959
-252.986808256,561.462594759,182.438190956
-253.549656425,561.436303205,182.91067896
-254.112268647,561.405371087,183.383166958
-254.682687774,561.369044287,183.904685958
-255.269933437,561.326278996,184.425568458
-255.848700644,561.279087239,184.897419956
-256.426712486,561.226994669,185.402170959
-257.012988559,561.169032863,185.890153957
-257.607138648,561.105093776,186.394268456
-258.234572319,561.031807556,186.930009457
-258.8274642,560.957096419,187.43412396
-259.411316486,560.878383564,187.922106958
-259.994123039,560.794581052,188.442989458
-260.593171894,560.702880391,188.963235455
-261.20800942,560.602863512,189.515744457
-261.796927102,560.501480558,190.019858956
-262.384929983,560.394920027,190.523973455
-262.980253928,560.281527158,191.044219458
-263.557631203,560.166106951,191.565101955
-264.142185112,560.043629376,192.102115956
-264.70910005,559.919457013,192.606866955
-265.258104353,559.794125988,193.112254455
-265.797782307,559.665985668,193.601510456
-266.328163921,559.535337689,194.074634954
-266.85744863,559.400314544,194.547759455
-267.376729309,559.263025897,195.070551455
-267.902498005,559.118634804,195.642374457
-268.443730087,558.964343152,196.180661455
-268.975045359,558.807382049,196.735716453
-269.504815159,558.645281254,197.290771455
-270.032623789,558.478005114,197.878725955
-270.558688111,558.305321641,198.466680455
-271.107235896,558.118918221,199.070129953
-271.663584068,557.924113242,199.525213453
-272.237935848,557.719546193,199.683564952
-272.853948818,557.499128119,199.692277456
-273.462759162,557.281673755,199.619059454
-274.047687331,557.073681158,199.530346454
-274.665418219,556.855108874,199.440360454
-275.250618742,556.648884254,199.384546953
-275.802772564,556.454546604,199.395805454
-276.355258367,556.260148365,199.374164454
-276.891564768,556.071667296,199.353159954
-277.41962897,555.886213562,199.348923455
-277.964330653,555.695141108,199.311150954
-278.48458503,555.512940759,199.290782954
-278.988277997,555.336575975,199.303950956
-279.492295619,555.160129924,199.284219453
-280.004321766,554.980997275,199.280619457
-280.516359168,554.801896797,199.277019454
-281.020824859,554.625722537,199.224388453
-281.500504483,554.458462369,199.222061453
-281.980553609,554.291249786,199.186834956
-282.452388554,554.127146228,199.168376456
-282.932594147,553.960383514,199.133149955
-283.412539509,553.793887406,199.130822956
-283.909131773,553.621801776,199.094959955
-284.540631389,553.401512156,199.366231953
-285.04874043,553.221292533,199.691626953
-285.58711573,553.026371115,200.114447455
-286.155973974,552.815473594,200.568894455
-286.739246631,552.593958023,201.022704952
-287.304316427,552.374028422,201.510051454
-287.851494569,552.155681721,201.998034452
-288.39679325,551.932682728,202.486017454
-288.932414177,551.708386575,202.957868952
-289.44996448,551.486451282,203.463256451
-289.973980445,551.256521252,203.918976454
-290.503452327,551.018885289,204.423727451
-291.00751349,550.78738026,204.912983455
-291.493986127,550.558899758,205.402875951
-292.02358294,550.303877812,206.022456952
-292.505540362,550.066020693,206.512349454
-292.993322101,549.820170075,206.985473952
-293.463371617,549.578194867,207.492134454
-293.931263021,549.332072577,207.998794953
-294.412135161,549.073671111,208.50481895
-294.912803897,548.798630615,209.059237451
-295.396138056,548.527170747,209.581392951
-295.906865228,548.234179115,210.102275454
-296.693153432,547.770628602,210.940059451
-297.197162775,547.465581417,211.428042452
-297.698555812,547.156252744,211.916025451
-298.21113104,546.833559365,212.469170953
-298.713881885,546.510535954,212.973285452
-299.22078995,546.178402309,213.493531452
-299.724661382,545.841679693,214.013777452
-300.22508107,545.500440012,214.56692295
-300.729065666,545.149488542,215.136199953
-301.229538476,544.793547007,215.705476952
-301.73360756,544.427564882,216.25798595
-302.234498571,544.056684285,216.77759545
-302.732005551,543.681276476,217.29720495
-303.226087584,543.301372327,217.81681445
-303.723672418,542.91166125,218.31965595
-304.184326027,542.544404588,218.807638951
-304.655214609,542.162387776,219.29498545
-305.109550075,541.787343129,219.782968452
-305.573500471,541.397447537,220.303214448
-306.027529702,541.008911831,220.807328951
-306.491481572,540.604998352,221.277907449
-306.938835812,540.208795473,221.782021951
-307.382686807,539.808671953,222.286136447
-307.879186707,539.352470431,222.869635447
-308.308895566,538.949932685,223.39051795
-308.734927201,538.543505094,223.911400447
-309.138885871,538.151164701,224.416787947
-309.539368162,537.755276428,224.922175446
-309.93599319,537.355993739,225.460462447
-310.323009542,536.959104949,225.982617947
-310.717959478,536.546393177,226.537036448
-311.120337325,536.11744878,227.123717948
-311.512646832,535.690680976,227.694267947
-311.905582382,535.253967584,228.346748447
-312.28834817,534.819063852,228.950197948
-312.671962794,534.373700182,229.569778949
-313.045016565,533.930873587,230.206127949
-313.418777389,533.477208708,230.825708947
-313.782035507,533.02631177,231.462057946
-314.151264426,532.557720665,232.064870947
-314.515203653,532.085430546,232.700583449
-314.884587021,531.595212503,233.302759947
-315.233628871,531.121851103,233.889441447
-315.587888958,530.630974113,234.475486446
-315.931973486,530.143620591,235.078299447
-316.266509647,529.659493295,235.632081446
-316.596024204,529.172336867,236.218762946
-316.928070441,528.673094283,236.525480445
-317.282961166,528.135128237,236.649659446
-317.652420097,527.574020966,236.624835949
-318.01332038,527.027105725,236.534849946
-318.370830815,526.487675629,236.395832944
-318.720094869,525.96344835,236.257452445
-319.045839729,525.476301559,236.202911946
-319.381310537,524.975336866,236.180634446
-319.726569407,524.460195018,236.157720446
-320.072367836,523.945013795,236.101906945
-320.394140426,523.466175224,236.097033945
-320.711308535,522.994418867,236.076029445
-321.033297358,522.515725672,236.071156446
-321.345708715,522.051350788,236.066919947
-321.644195808,521.608148285,236.014288946
-321.942776385,521.165410651,235.994557445
-322.241509413,520.722775872,235.974825946
-322.539767953,520.28062503,236.020893445
-322.83332562,519.845089669,236.017929946
-323.117582121,519.423657049,235.982703449
-323.402097675,519.002399273,235.947476948
-323.696524797,518.567048826,235.911613944
-323.981562805,518.146144387,235.876387446
-324.276529861,517.711159582,235.840524445
-324.561782,517.290802922,235.838197446
-324.852044008,516.863235609,235.819102446
-325.128076837,516.457038072,235.784512446
-325.414047852,516.036766978,235.749285945
-325.695273212,515.623886256,235.730827445
-325.981637886,515.203883297,235.695600947
-326.263249983,514.791266259,235.677142447
-326.544994994,514.378739967,235.658683947
-326.831888285,513.959097914,235.623457446
-327.114326341,513.546641843,235.572099445
-327.40185346,513.127433819,235.536872947
-327.684607559,512.71559852,235.518414447
-327.967801314,512.303660949,235.467056446
-328.241590484,511.906162388,235.416334947
-328.535304136,511.480553784,235.364340446
-328.819297094,511.069571798,235.345881946
-329.098369882,510.66586186,235.344191447
-329.382507351,510.25497977,235.325732947
-329.662027639,509.851174159,235.291142946
-329.94685317,509.440363151,235.239784947
-330.226978882,509.036977296,235.205194947
-330.512112292,508.626785717,235.186736447
-330.802452418,508.209521025,235.151509949
-331.092118829,507.793005621,235.214981947
-331.514455718,507.179885915,235.664336947
-331.859663893,506.670337916,236.102015946
-332.200637709,506.158347393,236.572594447
-332.499977158,505.701035822,237.012819446
-332.800614277,505.234099097,237.436276445
-333.092715505,504.77252524,237.909400946
-333.390089186,504.293924988,238.381888944
-333.678864757,503.820341937,238.871144945
-333.968163329,503.336817748,239.343632946
-334.253156449,502.851130079,239.849020446
-334.537994839,502.355585217,240.370539446
-334.82676193,501.842457644,240.891421946
-335.09853229,501.34924931,241.396809445
-335.365941704,500.853662995,241.902196944
-335.632843333,500.348231359,242.423715944
-335.898936783,499.832849373,242.961366445
-336.156153242,499.322794327,243.515784944
-336.41237567,498.802434467,244.053435444
-336.660116617,498.287340262,244.574954444
-336.903158862,497.770012433,245.096473441
-337.145220277,497.242549073,245.601224444
-337.379243978,496.720713956,246.089843942
-337.622644344,496.165349963,246.577190444
-337.863647412,495.606035563,246.801340943
-338.097139755,495.060429249,246.861630443
-338.334454978,494.505821527,246.806453445
-338.559277737,493.98261794,246.686750444
-338.789038488,493.451619659,246.517379946
-339.020367903,492.921302885,246.348009446
-339.242160599,492.415926972,246.261842443
-339.468046886,491.903124101,246.191806943
-339.694278049,491.39083756,246.154670946
-339.920559417,490.878937538,246.150434443
-340.142975335,490.375292499,246.195865443
-340.358317305,489.886990357,246.209033445
-340.576883617,489.390878893,246.238332944
-340.802417279,488.878649007,246.234096445
-341.017707962,488.389960055,246.214364945
-341.236504966,487.89358605,246.210764942
-341.45561018,487.396983737,246.174265445
-341.671411058,486.908519868,246.154533945
-341.887105218,486.420373196,246.167701943
-342.099615514,485.939689601,246.131838942
-342.308802422,485.46713624,246.112743946
-342.518146807,484.994652621,246.093648942
