210,260
210.0,260.0,0.0
210.163648258,259.999869259,-0.045774399979
210.318683101,259.999517837,-0.129873799941
210.490943233,259.998862421,-0.2179981999
210.73210704,259.997850136,-0.24049759989
210.99049673,259.996741624,-0.251105933221
211.240272168,259.99540772,-0.305980333196
211.507106956,259.993999747,-0.298664777646
211.825784483,259.99204016,-0.352314177621
212.144460315,259.989822085,-0.3987885776
212.480360388,259.987280393,-0.433537977584
212.850545195,259.984489201,-0.430465755359
213.58264489,259.98044551,-0.316465155411
213.987454865,259.978587229,-0.263014555435
214.400878949,259.976953866,-0.226363955452
214.80552342,259.975361044,-0.22470617766
215.23617152,259.973214914,-0.285530577632
215.701267693,259.970234304,-0.367179977595
216.174970902,259.966391779,-0.46475437755
216.622831719,259.962291609,-0.524528777523
217.0791386,259.958112268,-0.524992666397
217.552834432,259.95344825,-0.56411706638
218.035137021,259.94813439,-0.631241466349
218.526044841,259.942098038,-0.704490866316
219.016948288,259.935715976,-0.744840266297
219.507685009,259.929328035,-0.746718599617
219.989972229,259.922765827,-0.779542999602
220.489483992,259.915969255,-0.779542999602
220.988990012,259.908762938,-0.82654239958
221.462660746,259.902015344,-0.816141799585
221.96216284,259.894541831,-0.857191199566
222.461647197,259.885964431,-0.983815599508
222.969727318,259.876350596,-1.08401499946
223.469192838,259.866738659,-1.10248939945
223.968653554,259.856880247,-1.13076379944
224.485335315,259.846594196,-1.14048819944
224.99341419,259.836914761,-1.09141259946
225.492884168,259.827537342,-1.07558699947
226.000798876,259.817989911,-1.07817255504
226.517501546,259.808814121,-1.01737195507
227.016988801,259.800407101,-0.964271355095
227.507860198,259.79191029,-0.991670755082
228.024563045,259.782744436,-1.01627015507
228.532648817,259.773434058,-1.04979455506
229.040567772,259.764115272,-1.0523801106
229.557262359,259.754495047,-1.06665451059
230.056736426,259.745338032,-1.0503039106
230.538991551,259.736734558,-1.02205331061
231.029691621,259.72797238,-1.02393164396
231.520391404,259.719194115,-1.02580997728
232.011260668,259.710574889,-1.00595937729
232.502121118,259.701467551,-1.06293377726
233.044642328,259.690939945,-1.11168317724
233.535489733,259.681154752,-1.14205757723
234.026170375,259.671364838,-1.14393591058
234.499789585,259.661652036,-1.17483531057
234.982026135,259.652063745,-1.13905971058
235.481481727,259.641949088,-1.16015911058
235.963701103,259.631532837,-1.23743351054
236.445907004,259.620510414,-1.30945791051
236.936556949,259.609286928,-1.31133624383
237.435992848,259.598242593,-1.26681064385
237.918215432,259.587975929,-1.21966004387
238.417677303,259.578176178,-1.12403444391
238.89113824,259.568881741,-1.12520555501
239.373364344,259.558781765,-1.19985495497
239.872814351,259.548394958,-1.19137935498
240.363486384,259.538182656,-1.19325768833
240.828493347,259.52859839,-1.18075708834
241.319167265,259.518477055,-1.18263542169
241.827230085,259.507988701,-1.18263542169
242.309453608,259.497766226,-1.21440982168
242.791671387,259.487276326,-1.24618422166
243.273877086,259.476245061,-1.31050862163
243.764693601,259.465016808,-1.31050862163
244.246891134,259.45363418,-1.35225802161
244.720311293,259.442453907,-1.35342913257
245.219737931,259.430998421,-1.31397853259
245.701937237,259.419691158,-1.34330293258
246.175359138,259.408584879,-1.34447404388
246.648951003,259.397619466,-1.32637344389
247.139597613,259.386251125,-1.32825177672
247.621796416,259.374922416,-1.34585117671
248.095375344,259.363411867,-1.39232557669
248.586159865,259.350862797,-1.46469997666
249.076931027,259.337801719,-1.52447437663
249.567677106,259.323829934,-1.63079877658
250.041196307,259.310080002,-1.66327317657
250.531920021,259.295343592,-1.72007257654
251.01401208,259.280135992,-1.8067969765
251.513321713,259.264385263,-1.8067969765
251.995405265,259.248910312,-1.83857137648
252.468870261,259.233405744,-1.87559577647
252.950931638,259.217254759,-1.91892017645
253.441585128,259.200340941,-1.97431957642
253.932222884,259.182976694,-2.0269189764
254.405630487,259.165808798,-2.07689337638
254.8876455,259.148328759,-2.07689337638
255.834455811,259.113858298,-2.08504277637
256.299232068,259.096355008,-2.15671717634
256.781189606,259.077356151,-2.25744157629
257.263144961,259.058301992,-2.26401597629
257.753715286,259.039126987,-2.2383903763
258.252930338,259.020619494,-2.12316477635
258.726157221,259.003070623,-2.12433588731
259.208145607,258.984871171,-2.1624102873
259.690133994,258.966671719,-2.1624102873
260.662726806,258.930189726,-2.1481596873
261.14471424,258.911965048,-2.16540908729
261.617928055,258.89406727,-2.16658019825
263.072514461,258.839524241,-2.14742959826
263.537295804,258.822156527,-2.14000399827
264.483738853,258.78677095,-2.14234622018
264.965736903,258.768829251,-2.13177062019
265.439127845,258.751207938,-2.13177062019
266.385909729,258.715965314,-2.13177062019
266.867892507,258.697617935,-2.17999502017
267.341101751,258.67959969,-2.18116613112
267.823087813,258.661338784,-2.16971553113
268.322281597,258.642266268,-2.18801493112
268.804238099,258.623241143,-2.26056433109
269.268951587,258.604143801,-2.35323873105
269.725056943,258.585343598,-2.36033813104
270.189778489,258.566443359,-2.32893753106
270.688933986,258.54639379,-2.30016193107
271.188118778,258.527087374,-2.21486133111
271.644308268,258.510453258,-2.08826073117
272.109119906,258.493916187,-2.03761013119
272.599587598,258.476458275,-2.03948846472
273.073027516,258.460205944,-1.96608786475
273.546300731,258.443954492,-1.96725897571
274.019573614,258.427693367,-1.96843008703
274.510062027,258.410827668,-1.9703084202
274.966118194,258.395136607,-1.97077230928
275.430948807,258.379141768,-1.97077230928
275.904376871,258.362547689,-2.00744670927
276.833983341,258.329004471,-2.06652110924
277.290167454,258.312223578,-2.10669550922
277.763554819,258.29450643,-2.14336990921
278.245556103,258.27665181,-2.12141930922
278.710349252,258.259602984,-2.10069370923
279.157947003,258.243716614,-2.03271810926
279.614187762,258.228553708,-1.90349250932
280.079045374,258.213363729,-1.87156690933
280.543906565,258.19828369,-1.85801630934
281.017209591,258.182924957,-1.85918742064
281.464858938,258.168565787,-1.83723682065
281.921113446,258.153822384,-1.85081122064
282.394573688,258.138173289,-1.89308562062
282.850801498,258.122625641,-1.9518100206
283.324230845,258.106068227,-2.00300942057
283.797644636,258.089071858,-2.05613382055
284.279674634,258.072010024,-2.02718322056
284.752930251,258.055253924,-2.02835433186
285.234954002,258.038016507,-2.04805373185
285.716973761,258.020667836,-2.06127813185
286.190386024,258.003628962,-2.06127813185
286.999463181,257.97375532,-2.11457753182
287.472849081,257.955999076,-2.14810193181
287.94622934,257.938093086,-2.1662263318
288.428207289,257.919619266,-2.19502573179
288.910176119,257.900909074,-2.22312513177
289.392147997,257.882277539,-2.21377453178
289.856900554,257.864155882,-2.23294893177
290.330092943,257.845700295,-2.23412004307
290.812051334,257.826723075,-2.25486944306
291.319661966,257.80672432,-2.25745499846
291.810059061,257.787384608,-2.25933333199
292.292026606,257.768641335,-2.227057732
292.791215851,257.749450396,-2.20160713202
293.255970262,257.731376333,-2.227081532
293.712086673,257.712846252,-2.32640593196
294.20258971,257.692020891,-2.43115533191
294.693086263,257.671043367,-2.4489297319
295.183415989,257.650064926,-2.45080806543
295.656534783,257.62981023,-2.45197917639
296.129653162,257.609545863,-2.45315028769
296.611542993,257.588900868,-2.45315028769
297.084843141,257.568989447,-2.40897468771
297.592398148,257.547625475,-2.41156024311
298.074291383,257.527060092,-2.4436846431
298.564797901,257.506316884,-2.42155904311
299.046699041,257.485937593,-2.42155904311
299.528603439,257.465635475,-2.41238344311
300.018946447,257.444969797,-2.41426177664
300.518053049,257.423737868,-2.43588617663
301.025780401,257.402506517,-2.39451057665
301.507665079,257.381741591,-2.46740997662
301.998143567,257.360345841,-2.4977843766
302.462791874,257.339723412,-2.54128377658
302.944631607,257.31794046,-2.58845817656
303.434908792,257.295768016,-2.59033650939
303.933990405,257.273956602,-2.50241090943
304.415881745,257.253346847,-2.44896030946
305.362454018,257.212863401,-2.44896030946
305.869993992,257.19114522,-2.45154586486
306.369100396,257.16990864,-2.43642026487
306.851013559,257.149815649,-2.38751966489
307.341365488,257.129362759,-2.38939799842
307.814505719,257.109615167,-2.39056910938
308.322227148,257.088242626,-2.41044350937
308.812725068,257.067297092,-2.44519290935
309.277387533,257.046996147,-2.50164230932
309.759237492,257.025440608,-2.5614167093
310.241098998,257.004144731,-2.53054110931
310.731555955,256.982260993,-2.5547905093
311.239054947,256.95960538,-2.5573760647
311.72090908,256.938143328,-2.5503004647
312.185572869,256.917872733,-2.49789986473
312.675884486,256.89647522,-2.49977819826
313.174974753,256.874862699,-2.47957759827
313.656882521,256.854640749,-2.4028519983
314.14722896,256.834056642,-2.40473033113
315.119624847,256.79265673,-2.43790473112
315.610101935,256.771228923,-2.50152913109
316.074739702,256.750370346,-2.57040353106
316.547981871,256.7291255,-2.57040353106
317.038266019,256.707107549,-2.57228186389
317.545938782,256.684608664,-2.5375562639
318.08808514,256.661861775,-2.40255566397
318.595996964,256.645631752,-1.83023006423
319.129926851,256.636366228,-0.994179464609
319.672537398,256.632639554,-0.393503864883
320.206547674,256.632652339,0.0013717349366
320.749148763,256.637566759,0.5189223347
321.274447506,256.647738058,1.10927293443
321.78237222,256.663559575,1.78414853412
322.298669722,256.685981302,2.4866741338
322.874821151,256.718627941,3.24309973346
323.442018667,256.756531103,3.82312533319
324.000202222,256.799688513,4.42117593292
324.540631227,256.848438728,5.15450153258
325.080364939,256.904363806,5.91565213224
325.636607047,256.967815832,6.50775273197
326.183514982,257.036759974,7.18490333166
326.746681063,257.114178559,7.82740393136
327.317538568,257.198665131,8.41862953109
328.398068561,257.368912315,8.95385513085
328.99244683,257.470010101,9.65305573053
329.551734775,257.571728666,10.3078063302
330.126644602,257.683576474,11.0092819299
330.69182351,257.800148654,11.6542325296
331.280889226,257.928631611,12.3042581293
331.876706384,258.066356996,13.015533729
332.470942137,258.210753112,13.6578593287
333.063459006,258.362047949,14.3239849284
333.645969666,258.517571643,14.9486355281
334.226652691,258.679786049,15.6077611278
334.788821489,258.844095159,16.2924367275
335.357341455,259.017241419,16.9384373272
335.924001857,259.196379824,17.5433129269
336.488731625,259.381514558,18.1506385266
337.05144629,259.572686694,18.7642641264
337.595657104,259.764652475,19.4298647261
338.145605661,259.966116679,20.1194403258
338.685144265,260.170846664,20.7794409254
339.254314794,260.394478673,21.4502915251
339.781067906,260.608209419,22.0849171249
340.305250249,260.828169742,22.7641677245
340.811023486,261.047384286,23.4330933242
341.322006499,261.276136998,24.1167189239
341.814426367,261.50409043,24.8405945236
342.312158764,261.740995568,25.4529951233
342.823192465,261.989981969,25.9763207231
343.331674013,262.244139772,26.5575713228
343.844716481,262.508343665,27.2473219225
344.377865344,262.789872666,27.8362725222
344.90061084,263.072594661,28.406323122
345.413148191,263.356031962,28.9429487217
345.937932745,263.652860973,29.4933993215
346.459743679,263.954886862,30.0623999212
346.978418783,264.262266798,30.6520505209
347.486542828,264.570494855,31.2410011207
348.006033495,264.893133684,31.8430767204
348.508021258,265.211257662,32.3636023202
349.006887213,265.534255092,32.9215779199
349.502835235,265.861715224,33.4356285197
350.010558908,266.202571558,33.8751291195
350.956959776,266.848004048,34.2934547193
351.466477697,267.201509783,34.7530803191
351.987997575,267.567916443,35.0909059189
352.513835026,267.943130192,35.5099315187
353.050644354,268.332589247,35.9611571185
353.56390226,268.710482281,36.3628577183
354.067411954,269.087058467,36.7929083181
354.59502928,269.488882517,37.2922589179
355.098466611,269.87976316,37.8266095177
355.611405056,270.286440504,38.4087351174
356.099908435,270.682289067,39.0188607171
356.597536994,271.094182499,39.6149863168
357.084196473,271.505764053,40.2221369166
357.560071869,271.916707166,40.8123125163
358.025631794,272.326376268,41.3461381161
358.48682069,272.740959937,41.9538137158
358.943232923,273.160796441,42.6097893155
359.338474138,273.532581965,43.2484399152
359.767301078,273.944045251,43.8162155149
360.174366294,274.340841902,44.2681411147
360.578869,274.740250506,44.6369417146
360.979624288,275.143419046,45.1719923143
361.394079785,275.569354746,45.782642914
361.816357401,276.011675876,46.3280185138
362.245109682,276.471570556,47.0070941135
362.668472135,276.936431685,47.6749697132
363.0748761,277.393380462,48.3505453129
363.487617471,277.867697019,48.9708209126
363.895221808,278.346435298,49.5884715123
364.296760169,278.830272646,50.310597112
364.703835842,279.331849937,50.9375227117
365.099741338,279.831345345,51.5992733114
365.473579661,280.31529914,52.315098911
365.836658552,280.796630634,52.9719495107
366.200107419,281.288434751,53.5351751105
366.564001935,281.790585722,54.0702257102
367.273185715,282.787041359,54.56030131
367.652670625,283.330947429,55.0964019098
368.021948421,283.87143445,55.6578775095
368.381377169,284.408185191,56.1922281093
368.735322515,284.948567533,56.775578709
369.083297402,285.492813672,57.4063543087
369.466122634,286.106730521,58.0532299084
369.815484665,286.680566254,58.6661555081
370.144746529,287.236333299,59.3555561078
370.458065375,287.78145983,60.1112817075
370.773173602,288.345372224,60.8040073072
371.074163561,288.897401825,61.3989079069
371.364737317,289.445253729,62.0590835066
371.641186936,289.981053969,62.7082341063
371.899824431,290.496924997,63.372609706
372.141601693,290.992309028,63.9848353057
372.393870469,291.520884194,64.4866359055
372.637844338,292.043849798,64.9900115053
372.870064264,292.553266473,65.493912105
373.122697101,293.119615717,65.9596627048
373.349444589,293.640898029,66.4919133046
373.578844424,294.179792227,66.9412139044
373.810351693,294.736488439,67.4195645042
374.037878686,295.294823246,67.828615104
374.260284584,295.855217665,68.3531657037
374.47732742,296.417710951,68.9004663035
374.692217461,296.990239236,69.4271169032
374.896449494,297.548346625,69.900567503
375.098385001,298.116438465,70.4315931028
375.289130196,298.670196094,70.9934187025
375.473604591,299.226074173,71.6409943022
375.652520634,299.783766104,72.212969902
375.834875772,300.367472341,72.6507205018
376.012619463,300.952599291,73.1028211016
376.183547795,301.530777286,73.5305967014
376.354354123,302.126931641,74.0122723011
376.521492102,302.733064078,74.5840729009
376.68296814,303.340729385,75.1185985006
376.835674014,303.941774918,75.7446491003
376.981619407,304.544497705,76.3881997001
377.120573631,305.148870554,77.0518752998
377.258364649,305.77998387,77.6838758995
377.387331182,306.395369333,78.1638014992
377.517531351,307.028092258,78.3721270991
377.647979972,307.660764005,78.3496276992
377.774556335,308.267849864,78.2226532992
377.898886548,308.857806038,78.0993538993
378.02504253,309.447374488,77.9219794994
378.145166894,310.003000089,77.8006050994
378.270089629,310.575211196,77.6846556995
378.391490097,311.130559374,77.6689812995
378.51472101,311.694153305,77.6635668548
378.636537877,312.249410293,77.6260174548
378.753273387,312.779328131,77.5767430549
378.866281899,313.292257199,77.5734502772
378.977345095,313.796965839,77.5896258772
379.096041987,314.335271172,77.5652014772
379.210901488,314.856782696,77.5792770772
379.323763554,315.369914627,77.5954526772
379.435362023,315.87450518,77.5288532773
379.545100518,316.370685891,77.5288532773
379.658537713,316.883520324,77.5255604993
379.77172254,317.396581158,77.5594110993
379.882904777,317.901263588,77.5761116993
379.992209321,318.397369444,77.5735261435
380.129270092,319.019825201,77.5820017435
380.257065164,319.600053573,77.5758800767
380.3700814,320.112980939,77.572587299
380.490324597,320.659765189,77.597512899
380.601084859,321.164540396,77.624013499
380.709689165,321.660970592,77.659789099
380.812573423,322.132201803,77.683839699
380.92130833,322.628603409,77.644715299
381.026431378,323.108161612,77.635865899
381.13009085,323.579222902,77.589566499
381.235700332,324.058674216,77.577742099
381.343252862,324.546517068,77.567142699
381.450459035,325.034436151,77.607818299
381.553321668,325.505672083,77.686468899
381.6559505,325.976958989,77.714894499
381.764053048,326.473328149,77.7123089436
381.868148716,326.953110409,77.7585845435
381.970839315,327.42438386,77.7073851436
382.07614528,327.903901929,77.6140107436
382.185892798,328.400080644,77.5278113436
382.292538662,328.879302497,77.4538619437
382.402074849,329.366703788,77.3340625437
382.511876852,329.854045265,77.3028131438
382.621312009,330.34146925,77.3459387437
382.732415238,330.837346158,77.3712143437
382.837622692,331.308064138,77.4012149437
382.946293544,331.795659093,77.4357655437
383.057105508,332.29160117,77.4048661437
383.166534472,332.779026546,77.3466667437
383.272334577,333.249611674,77.3290673437
383.38365954,333.745438849,77.3455929437
383.496871366,334.249669875,77.3455929437
383.606551475,334.737038799,77.3171435437
383.722004211,335.249594055,77.3060191437
383.828337885,335.720058905,77.2640947438
383.937159093,336.198791471,77.1936453438
384.05011121,336.694250504,77.1574959438
384.161314851,337.181274061,77.1379715438
384.270571937,337.659736415,77.1360932103
384.380187613,338.138287697,77.0985438103
384.489773924,338.616674753,77.0966654768
384.602954794,339.112081581,77.1310410768
384.716109726,339.607323407,77.1284555214
384.827261221,340.094358867,77.1441061214
384.932631144,340.556039304,77.1429350104
385.042218907,341.034596977,77.1018856104
385.155404575,341.530002709,77.1304862104
385.263153229,342.00014551,77.0917118104
385.373509257,342.478526604,77.0098874105
385.482616082,342.948356069,76.9261380105
385.590272822,343.409679731,76.8642636105
385.700510315,343.879245189,76.7882142106
385.814935241,344.365521994,76.7587148106
385.923408179,344.826483237,76.7575436996
386.027941597,345.270674863,76.7570798105
386.134141738,345.723493662,76.8009054105
386.248408448,346.20980767,76.7773560105
386.360590547,346.687763841,76.7910816105
386.468993583,347.148912706,76.7715572105
386.581491181,347.626794716,76.7532578105
386.690008022,348.087745626,76.7520866996
386.800330146,348.557291208,76.7778872996
386.90864883,349.018288723,76.7767161886
387.024589823,349.513056871,76.8116167886
387.136570427,349.990889143,76.8097384551
387.252500776,350.485488636,76.8071528997
387.364307273,350.96353281,76.8361034996
387.474064127,351.433210846,76.8468540996
387.589674055,351.927885334,76.8442685439
387.705211503,352.422747873,76.8583441439
387.820517031,352.917664503,76.8851947439
387.938455586,353.420810945,76.8079203439
388.054428499,353.915571612,76.8079203439
388.168201883,354.40200127,76.8354709439
388.28578255,354.905231468,76.8486715439
388.394820828,355.375076845,76.9344971439
388.505806218,355.853312319,76.9344971439
388.619029375,356.339870344,76.9002727439
388.740622633,356.859853088,76.8383983439
388.858139161,357.363098267,76.8559739439
388.965829466,357.824242977,76.8548028326
389.079302863,358.310742703,76.8708034326
389.194706009,358.805465472,76.8682178768
389.30621452,359.283408133,76.8663395437
389.42165621,359.778121909,76.8637539879
389.535316603,360.264577981,76.8487795879
389.649211098,360.750979296,76.8212051879
389.763780801,361.237222011,76.741655788
389.876974315,361.714939661,76.669806388
389.998589887,362.226067705,76.616156988
390.112199921,362.703515184,76.6142786548
390.229816878,363.197716313,76.6116930991
390.343464109,363.675154939,76.6098147659
390.461119568,364.169346903,76.6072292102
390.583090403,364.680390287,76.5763298102
390.705037234,365.191268084,76.5730370329
390.82483564,365.693974944,76.5960376329
390.944808414,366.196640218,76.5761632329
391.063093478,366.690853207,76.5400138329
391.1858744,367.201702568,76.4854894329
391.30689814,367.704115844,76.456340033
391.428016356,368.206506351,76.445565633
391.551492597,368.717188095,76.407491233
391.671506564,369.210984087,76.339491833
391.792355258,369.704576458,76.2426174331
391.917190733,370.21492764,76.2549430331
392.037870775,370.708561271,76.262193633
392.165153747,371.227180611,76.2106442331
392.288740939,371.728969462,76.1638198331
392.410239625,372.222230623,76.1612342773
392.527636923,372.69876101,76.1593559445
392.653298439,373.20873781,76.1560631665
392.885599425,374.180472872,76.5553137664
393.001794582,374.692860333,77.2230143661
393.116952223,375.231933891,77.9416399657
393.226919261,375.780877143,78.6721655654
393.329787717,376.3311948,79.4121411651
393.426691928,376.891336966,80.1850167647
393.510303023,377.418761045,80.9920173643
393.583243619,377.930371751,81.8859929639
393.652616011,378.468542323,82.6548435636
393.714645424,379.007608595,83.4359441632
393.768405105,379.547562288,84.3141697628
393.813076044,380.079700881,85.2014953624
393.849970956,380.621068463,86.101245962
393.880103743,381.171480671,86.8664215617
393.904713718,381.748031294,87.5558221613
393.922275614,382.324839625,88.256072761
393.932244345,382.910443472,89.0247483607
393.934513422,383.496127766,89.7780239603
393.929156578,384.099018795,90.50907456
393.919264308,384.710466675,90.9268751598
393.909137412,385.338972493,90.9193390488
393.899909301,385.924588479,90.9027896489
393.891542562,386.510217404,90.8185152489
393.884780304,387.087253403,90.671415849
393.87965474,387.655692846,90.516616449
393.874762157,388.198294133,90.516616449
393.869433686,388.723664319,90.581092049
393.863570278,389.257642403,90.629117649
393.857104531,389.808840895,90.672068249
393.850562701,390.368485509,90.6673610265
393.843942853,390.919682171,90.6880866265
393.837873379,391.436430666,90.6729372265
393.83214414,391.953183044,90.6352128266
393.826227158,392.495774127,90.6247884266
393.820514926,393.020973635,90.6214956489
393.814776141,393.537725908,90.6362712489
393.808958652,394.06292426,90.6329784706
393.803461958,394.579679165,90.6094290706
393.797800436,395.096432289,90.6277046706
393.788081489,395.854320044,90.7347052706
393.777493027,396.422683974,91.0672808704
393.759876726,396.999490646,91.7493314701
393.733930992,397.584604361,92.5390070698
393.700254073,398.169324043,93.2963076694
393.659620705,398.744967336,94.0376832691
393.612683948,399.311488838,94.7361838688
393.55987285,399.868841896,95.4128094684
393.499873236,400.425466984,96.1522600681
393.434199994,400.972777324,96.8423606678
393.35897351,401.544928745,97.4902862675
393.278076598,402.107605706,98.1814368672
393.189696679,402.669155937,98.9441624668
393.100713575,403.186963075,99.7508130665
393.001184113,403.720380341,100.569188666
392.896779797,404.244085137,101.274514266
392.786458406,404.766575486,101.922614865
392.665497463,405.304376596,102.675890465
392.539098162,405.832072825,103.470291065
392.403740873,406.366432243,104.214466664
392.253825623,406.932609475,104.830717264
392.099863727,407.488767732,105.473742864
391.938676231,408.042874998,106.219493464
391.778121607,408.570211509,106.933569063
391.439938944,409.637618768,107.579569663
391.261937822,410.177494007,108.247795263
391.07201397,410.731533871,108.921620862
390.872854631,411.29147149,109.579521462
390.661225717,411.865213219,110.246872062
390.449381429,412.420475839,110.882897661
390.222333176,412.997558076,111.476748261
389.97931257,413.596082401,112.098773861
389.732490824,414.183718214,112.783624461
389.479300569,414.768638309,113.40600006
389.219713005,415.350747509,114.03415066
388.963870941,415.90618536,114.73142626
388.698204371,416.4665389,115.365876859
388.425784218,417.023640396,116.058427459
388.154535564,417.562092304,116.736978059
387.864767609,418.120094246,117.442653658
387.572030493,418.666793246,118.167404258
387.267982898,419.217144676,118.918929858
386.970221892,419.74140098,119.595205457
386.662245657,420.269716231,120.239631057
386.349063699,420.794962297,120.805831657
386.030400466,421.316901098,121.405632257
385.701954068,421.8429218,121.980582856
385.35827905,422.379693919,122.629908456
385.045799538,422.854568877,123.345909056
384.732911814,423.318823889,123.978259655
384.401315545,423.801602467,124.483210255
384.075201438,424.267219542,125.007060855
383.744578335,424.729645792,125.563811455
383.409218044,425.18864813,126.152937054
383.069384239,425.644348314,126.713362654
382.709879609,426.117582928,127.223038254
382.356766228,426.574011688,127.727113854
381.999579015,427.027259486,128.240289453
381.627593293,427.490747568,128.749790053
381.251645566,427.951027793,129.241265653
380.86020685,428.420859783,129.799241253
380.458785475,428.893549635,130.338841853
380.052792797,429.362319048,130.895242452
379.647411969,429.820175743,131.521293052
379.237191106,430.273701057,132.129843652
378.810625587,430.735624744,132.721069251
378.362137145,431.212437526,133.246669851
377.90278839,431.690811156,133.837720451
377.456353317,432.145709551,134.462021051
376.992800461,432.607890318,135.08492165
376.53308135,433.061706053,135.37024725
376.085915044,433.503717285,135.33217285
375.652127397,433.934756315,135.18209845
375.219713203,434.367173165,134.99982405
374.788132627,434.800422025,134.88947465
374.369778717,435.22252934,134.74412525
373.95790431,435.638931446,134.686800851
373.552223443,436.049110689,134.681386407
373.14658134,436.459328267,134.675971964
372.759008918,436.851309389,134.675971964
372.395715411,437.218846697,134.667297564
372.02649489,437.592401725,134.664004784
371.657295836,437.965977972,134.660712009
371.282099314,438.345970792,134.636112609
370.907154226,438.72621171,134.598213209
370.544788376,439.094663656,134.522863809
370.182747414,439.463434841,134.472364409
369.815196767,439.838866253,134.392290009
369.447735075,440.214384734,134.378715609
369.086784535,440.584223283,134.303191209
368.714736725,440.967299518,134.163266809
368.361322589,441.33245193,134.064117409
368.008030675,441.697722594,134.044943009
367.672702756,442.044420173,134.044943009
367.331508469,442.397194597,134.043064676
366.983880388,442.755960415,134.096690276
366.636315395,443.114787351,134.086615876
366.289581606,443.474417543,133.954041476
365.943639048,443.834808916,133.828117076
365.603799042,444.189119084,133.805792676
365.264105775,444.543569939,133.782068276
364.906533914,444.916676103,133.782068276
364.548962054,445.289782266,133.782068276
364.191090105,445.662600604,133.828168876
363.84493216,446.022785102,133.862369476
363.48663586,446.395195637,133.893420076
363.122540957,446.773979381,133.867245676
362.764880036,447.147000173,133.795746276
362.395175331,447.532338215,133.813846876
362.037047721,447.904910973,133.867472476
361.679047093,448.277605746,133.847948076
361.303380251,448.669159726,133.813723676
360.945520957,449.041990209,133.826224276
360.587501778,449.414667164,133.850799876
360.217092006,449.7993275,133.918775476
359.85278304,450.177674076,133.9154827
359.482395375,450.5623557,133.9154827
359.130073472,450.928562077,133.8929833
358.771248685,451.300463432,133.9747839
358.400463073,451.684761498,133.9747839
358.023826376,452.075151149,133.970783899
357.659174128,452.453166879,133.967491124
357.31845703,452.806402203,133.965612791
356.977751513,453.159648697,133.963734457
356.606967905,453.543948697,133.974485057
356.24229124,453.921940869,133.971192278
355.895449816,454.281467255,133.971192278
355.482966659,454.70908179,133.965070613
355.142264485,455.062331506,133.963192277
354.795356392,455.421793563,133.981817877
354.44820746,455.781023036,134.020218477
354.100698345,456.13990409,134.077694077
353.753264399,456.498857912,134.065694677
353.417559685,456.845190659,134.107245277
353.075982001,457.197593866,134.105366944
352.728828686,457.556819103,134.020917544
352.399877798,457.897701497,133.979518144
352.065444115,458.245261762,133.897343744
351.725528818,458.599499699,133.817969344
351.373810312,458.966054738,133.81538379
351.034038233,459.320430045,133.79480939
350.688182532,459.680904772,133.81430999
350.336099091,460.047340423,133.85568559
350.008004657,460.388816173,133.854514478
349.667984735,460.742722641,133.852636145
349.327976416,461.096640256,133.850757812
348.987858456,461.450683612,133.850757812
348.659917209,461.79253743,133.810058412
348.332203203,462.134609098,133.771984012
347.987119472,462.495822904,133.691734612
347.654555205,462.845172345,133.589960212
347.322183658,463.194705147,133.558360812
347.00810262,463.525973386,133.474436412
346.676055909,463.875814787,133.505137012
346.350056829,464.219291489,133.5039659
346.024064768,464.562774856,133.502794791
345.698219321,464.906626916,133.459820392
345.366912259,465.257168862,133.384120992
345.03606112,465.608141152,133.309646592
344.728842206,465.934043992,133.309646592
344.40970441,466.272384653,133.327047192
344.084774515,466.616872982,133.32587608
343.76553573,466.955118355,133.34415168
343.435183822,467.306560585,133.22820228
343.111541155,467.652486761,133.09387788
342.782703819,468.005346549,132.98177848
342.45470435,468.358985312,132.84587908
342.120765927,468.718863144,132.85890468
341.786946744,469.078624299,132.857026347
341.453139356,469.438396397,132.855148014
341.119343762,469.798179439,132.853269681
340.785440734,470.158090111,132.853269681
340.451786848,470.518231763,132.813620281
340.112564422,470.884955557,132.769070881
339.761959463,471.264615941,132.721546481
339.43489008,471.619115085,132.695372081
339.102650339,471.980561734,132.589047681
338.7710797,472.342622275,132.483073281
338.440065215,472.705191354,132.395123881
338.092277037,473.087433721,132.297899481
337.739728149,473.476986679,132.145375081
337.315918883,473.941440488,132.380125681
336.940229924,474.344825403,132.964001281
336.534087996,474.766820634,133.90330188
336.139540125,475.16401507,134.80847748
335.732047369,475.560372643,135.79362808
335.324579349,475.944301354,136.703703679
334.911715484,476.322421536,137.515079279
334.474203604,476.711798727,138.331529878
334.037079612,477.088546502,139.242655478
333.573999901,477.474633888,140.180731078
333.105476173,477.85409641,140.995606677
332.645214322,478.216298383,141.799107277
332.166074531,478.582264706,142.627457876
331.688992348,478.936647509,143.394558476
331.207064999,479.284412673,144.185284076
330.713500085,479.630678416,144.948009675
330.229853918,479.961007988,145.666985275
329.727759198,480.294785131,146.385260875
328.852686372,480.860814724,147.103711474
328.357335631,481.173318942,147.753212074
327.851159949,481.48473628,148.398687674
327.349017738,481.786206742,149.020713274
326.836367203,482.086846076,149.610888873
326.313135461,482.386403804,150.208239473
325.793784442,482.675313997,150.913215073
325.286501491,482.950414486,151.528940672
324.76899862,483.224680814,152.077291272
324.233982368,483.50264466,152.546191872
323.696092277,483.775005704,153.144592472
323.147509877,484.045234714,153.775368071
322.61095528,484.300780689,154.532843671
322.071188432,484.549469911,155.262844271
321.513207251,484.799716524,155.84444487
320.960356599,485.040262664,156.48607047
320.39682616,485.277749114,157.14817107
319.830889338,485.509442618,157.73589667
319.262897979,485.73605282,158.249597269
318.694043232,485.960486874,158.468947869
318.125317842,486.185248522,158.435948469
317.573160725,486.40506003,158.292699069
317.037444476,486.619592945,158.175874669
316.502226719,486.835366491,158.043125269
315.967173702,487.051103013,158.037710826
315.432141075,487.266890096,158.032296383
314.913102678,487.47627976,158.02758916
314.401843817,487.682376728,158.04481476
313.882759683,487.891652984,158.040107538
313.347913634,488.108346257,157.944633138
312.861108131,488.305988932,157.902883738
312.374246247,488.503492679,157.919234338
311.863337593,488.710456279,157.947659938
311.360573442,488.914141057,157.943659939
310.865596046,489.114551516,157.957560539
310.370424577,489.31448198,158.013111139
309.891286427,489.508111722,157.995336739
309.396177004,489.708195789,157.995336739
308.916912728,489.901513145,158.032687339
308.445478757,490.091217771,158.080187939
307.965934602,490.283839803,158.115788539
307.486330205,490.476311796,158.133714139
307.00708794,490.66968371,158.026164739
306.536099253,490.860491181,157.946090339
306.049219941,491.057951958,157.924290939
305.562500718,491.255364096,157.920998162
305.083780239,491.450024182,157.872073762
304.604924658,491.644351675,157.911874362
304.118248227,491.841869285,157.908581585
303.631583151,492.039414864,157.905288805
303.160708026,492.230502416,157.912014405
302.68202105,492.42524487,157.862215005
302.219541735,492.614112756,157.785815605
301.741114859,492.809493329,157.785815605
301.270854806,493.002089586,157.728316205
300.824632332,493.185200286,157.688841805
300.354569081,493.378276372,157.669842405
299.8767119,493.575046184,157.619343005
299.423042504,493.762692138,157.529118605
298.953350876,493.956670514,157.559819205
298.491442432,494.146930295,157.613269805
298.029560472,494.337254363,157.605295405
297.575770967,494.524609667,157.565821005
297.11407125,494.715375399,157.550496605
296.636694465,494.91330784,157.479872205
296.159423285,495.111494783,157.449322805
295.705902784,495.299500316,157.483698405
295.252419369,495.487595284,157.472399005
294.783182566,495.682236821,157.46981345
294.298044539,495.883503427,157.46652067
293.82049254,496.08101275,157.53064627
293.358747968,496.271669892,157.56397187
292.913114529,496.456209492,157.50524747
292.443468777,496.650298909,157.54627307
291.925759641,496.863392064,157.62754867
291.422723108,497.066848056,157.97884927
290.89362588,497.274708095,158.55222487
290.33808257,497.485815201,159.193150469
289.780065656,497.690294303,159.875201069
289.219512364,497.88771413,160.598376669
288.67294837,498.072873713,161.285152268
288.107775563,498.256651513,161.986977868
287.523841084,498.438274447,162.722578468
286.962413664,498.605099182,163.451004067
286.431857875,498.754672365,164.255904667
285.874401193,498.903864595,165.017055267
285.331675983,499.04127198,165.792380866
284.787219875,499.171652146,166.533056466
284.215686275,499.299638809,167.377682066
283.642574708,499.420363179,168.104707665
283.076287205,499.531425026,168.903833265
282.491622764,499.638018042,169.667608864
281.9142017,499.736080032,170.361559464
281.344094949,499.825492362,171.086660064
280.789835591,499.904410082,171.896460663
280.226104718,499.977602815,172.602311263
279.644404297,500.045836692,173.309736863
279.061899052,500.106819301,174.023462462
278.478835839,500.162213637,174.572863062
277.887367061,500.218438433,174.566741393
277.330159691,500.272765129,174.431366993
276.773126771,500.328852276,174.250317593
276.199128825,500.388372278,174.079943193
275.651019866,500.447008035,173.893818793
275.111552376,500.505445349,173.817594393
274.563431095,500.563965819,173.905869993
274.015274802,500.622157424,173.940245593
273.467167147,500.680805355,173.892546193
272.944919331,500.736701442,173.889253416
272.413899807,500.793139357,173.933254016
271.891445111,500.848666984,173.933254016
271.377524564,500.902994831,173.965529616
270.863604016,500.957322678,173.965529616
270.358235701,501.010620911,173.979605216
269.835759964,501.065950188,173.955005816
269.33901046,501.1188475,173.921656416
268.833715994,501.17284137,173.900732016
268.311460199,501.228662843,173.897439243
267.789207613,501.28451433,173.894146462
267.284086265,501.338559952,173.891560908
266.7359358,501.396806415,173.934511508
266.23056606,501.450091136,173.981137108
265.725223823,501.503636045,173.951637708
265.194278795,501.560770551,173.858088308
264.500739509,501.636472338,173.770663908
264.004176097,501.691088936,173.723314508
263.499051246,501.7466472,173.723314508
263.011215788,501.800311911,173.721436175
262.50625965,501.855879903,173.718850617
261.984183686,501.913358957,173.71555784
261.453312394,501.971174565,173.78458344
260.930965017,502.027702805,173.82350904
260.425689356,502.081872369,173.88080964
259.920580602,502.136035567,173.878224085
259.415474295,502.190221558,173.875638527
258.910370432,502.244430344,173.873052972
258.405089793,502.298553442,173.886078572
257.908402161,502.352028586,173.855004172
257.41174853,502.40581861,173.818679772
256.915129928,502.459931076,173.781480373
256.427133562,502.513656972,173.717330973
255.939303711,502.567372628,173.71545264
255.442757923,502.622149221,173.70485324
254.937817887,502.677863359,173.702267685
254.450002175,502.731707266,173.700389353
253.962188229,502.785567165,173.69851102
253.457254365,502.841337196,173.695925462
252.969444616,502.8952351,173.69404713
252.472888851,502.949921176,173.71529773
251.976318833,503.004477681,173.73024833
251.488476884,503.058083354,173.728369997
250.991945868,503.11299369,173.689420597
250.486913553,503.169386923,173.628596197
249.98191138,503.226049424,173.598046797
249.459949572,503.286033552,173.444297397
248.963803763,503.344321916,173.299472997
248.484805839,503.400934748,173.259473597
247.997420808,503.458546954,173.257595265
247.484186604,503.519015926,173.280420865
246.970941246,503.579390164,173.290996465
246.47480407,503.637751928,173.290996465
245.97013197,503.697282659,173.272522065
245.474056051,503.756162852,173.231122665
244.978022081,503.815395412,173.190423265
244.499107345,503.872707712,173.175798865
244.003145771,503.932543423,173.120749465
243.507209567,503.992589036,173.096500065
243.011369275,504.05342159,173.005575665
242.524126422,504.113599055,172.959276265
242.05414578,504.171649409,172.958105155
241.575415967,504.230486391,172.993355755
241.079597332,504.291495218,172.985206355
240.592356574,504.351689643,172.957281955
240.113684081,504.410991144,172.937757555
239.617938039,504.472587063,172.917358155
239.139286689,504.532058985,172.917358155
238.66056242,504.590941061,172.987958755
238.181748711,504.649091348,173.075534355
237.702885368,504.706831494,173.124609955
237.224037487,504.764699716,173.109285555
236.75386633,504.822566619,172.983536155
236.27518659,504.881809604,172.944761755
235.779411145,504.943168409,172.944761755
235.275254628,505.005576033,172.9421762
234.788196119,505.065886424,172.940297868
234.301139586,505.126212782,172.938419535
233.796989982,505.188676211,172.935833977
233.292843196,505.251162392,172.933248422
232.720082125,505.321596943,172.989324022
232.223905559,505.379622905,173.329774622
231.701334841,505.434047782,174.054175222
231.152400856,505.484377339,174.761425821
230.594346028,505.529168539,175.411101421
230.052902465,505.56493113,176.221077021
229.485186209,505.594050237,177.06377762
228.934367724,505.615511392,177.76875322
228.357480422,505.630252952,178.53620382
227.797671131,505.636961177,179.313454419
227.229208738,505.63653698,180.042755019
226.660784774,505.6299137,180.667580619
226.083835127,505.617856472,181.197206218
225.507033885,505.600063237,181.766906818
224.930449567,505.57625574,182.364432418
224.345546097,505.545937914,182.967208018
223.75235637,505.509598851,183.505583617
223.16810554,505.468584103,184.015609217
222.584275989,505.421954767,184.566409817
222.000872624,505.370265738,185.063135417
221.418072944,505.312164339,185.693211016
220.853084271,505.249415073,186.337461616
220.263066999,505.178181659,186.884062216
219.6651757,505.10051388,187.401437816
219.07656482,505.018466262,187.935438415
218.488642988,504.931618703,188.402939015
217.917762367,504.847288465,188.402939015
217.355201907,504.765585341,188.263539615
216.792261058,504.686545657,187.992365215
216.23770471,504.609742667,187.884990815
215.691643666,504.534384053,187.857416415
215.171342242,504.462595605,187.854123635
214.633971627,504.38848689,187.850123636
214.079368641,504.312021388,187.850123636
213.533273992,504.236906689,187.831824236
213.029770391,504.168190186,187.771524836
212.534787641,504.100734474,187.760400436
212.048503102,504.034472263,187.7585221
211.527894141,503.963701258,187.7412727
211.04139311,503.897794703,187.7149233
210.537770224,503.829957971,187.6714239
210.051113733,503.765209345,187.5785745
209.572912217,503.702222565,187.5035751
209.086154453,503.638239721,187.4884257
208.590880663,503.572955211,187.5091513
208.087231376,503.506578246,187.506565745
207.60909912,503.443067854,187.566316345
207.131096933,503.378585815,187.682766945
206.619025546,503.308952917,187.743742545
205.621745197,503.164212536,188.257968145
205.102865859,503.081711268,189.034343745
204.568087987,502.989772591,189.754894344
204.02601277,502.889692413,190.460394944
203.46826419,502.779846185,191.141570544
202.920370944,502.664761724,191.862471143
202.357165881,502.538998742,192.587571743
201.787027326,502.404934316,193.232347343
201.251949347,502.27244605,193.907047943
200.702019148,502.128479219,194.670298542
200.178756623,501.984825389,195.351474142
199.640470302,501.830944657,195.953724742
199.07901786,501.664204149,196.540400341
198.527585193,501.494091581,197.144575941
197.978148627,501.317638386,197.804576541
197.422458049,501.132599955,198.41715214
196.884811378,500.947976743,198.95202774
196.332822192,500.752172811,199.53082834
195.782576986,500.551520241,200.03490394
195.234352807,500.345409857,200.604254539
194.70437368,500.139808797,201.203355139
194.176527533,499.928791929,201.790030739
193.634727097,499.706343,202.321756339
192.713626388,499.319294854,202.792231938
192.17594282,499.08707164,203.359307538
191.648425418,498.853102281,203.918683138
191.115317659,498.610558761,204.463708738
190.592287119,498.366724132,204.994734337
190.071744155,498.117623163,205.573009937
189.553204597,497.864378224,206.030010537
189.044508048,497.610651025,206.509061137
188.52278485,497.344500417,207.027836737
188.010754199,497.078340907,207.465937336
187.493445225,496.803709031,207.963187936
186.970783715,496.520831807,208.423338536
186.450109533,496.234313087,208.823289136
185.954462068,495.95595493,209.318789735
185.431600128,495.655752202,209.862415335
184.91854304,495.355807197,210.311540935
184.407463375,495.05250511,210.687166535
183.921152443,494.758139101,211.186692135
183.422842228,494.450375926,211.700042734
182.934694419,494.142596802,212.231593334
182.43508659,493.820748086,212.789743934
181.945545684,493.499219018,213.296794534
181.451899249,493.168299426,213.836220133
180.961394271,492.832741016,214.376345733
180.466201489,492.488807303,214.781721333
179.964050607,492.140085234,214.774892445
179.482325935,491.806959762,214.664893045
178.992546988,491.470342524,214.500118645
178.50194334,491.134928393,214.359494245
178.018211172,490.804724774,214.318094845
177.548335182,490.484777549,214.251670445
177.092645209,490.174603032,214.241946045
176.630080992,489.859221061,214.286646645
176.174489438,489.548901998,214.260122245
175.747158711,489.25829179,214.218022845
175.305583623,488.957994573,214.218022845
174.871260022,488.662647048,214.214730068
174.458549508,488.381171957,214.294605668
174.046009664,488.099446783,214.329331268
173.647995857,487.826996725,214.392581868
173.235909906,487.544608052,214.421532468
172.823762235,487.262309464,214.409008068
172.404444054,486.975237873,214.396133668
171.999473005,486.697998294,214.394255336
171.601501638,486.425486248,214.401505936
171.203582243,486.152898317,214.412431536
170.777041592,485.861129713,214.373482136
170.357646262,485.574170843,214.380732736
169.952423217,485.297004452,214.371533336
169.546860528,485.020335285,214.301258936
169.141430957,484.743766667,214.2993806
168.735992322,484.467211342,214.297502267
168.344777333,484.200373418,214.296331157
167.931970806,483.919039157,214.275056757
167.53345328,483.647326427,214.286507357
167.13471715,483.375934603,214.240382957
166.743236338,483.10948682,214.239211843
166.344656724,482.83786518,214.273412443
165.939092787,482.56149364,214.271534111
165.554798326,482.299499175,214.284384711
165.163387297,482.032652958,214.284384711
164.764465476,481.761534158,214.201160311
164.364956182,481.491281777,214.076810911
163.979514953,481.230977352,214.032786511
163.594000938,480.970780736,214.016762111
163.201378887,480.705719576,214.023487711
162.816119258,480.445146449,214.072738311
162.416155847,480.175566604,213.980413911
162.008491597,479.902003478,213.863589511
161.536286615,479.58550367,213.832340111
161.114296018,479.302674322,213.829754553
160.692615189,479.019084629,213.921705153
160.285362411,478.745207815,213.91982682
159.878100654,478.471344351,213.917948488
159.441718481,478.17874766,213.842074088
159.026310137,477.901269552,213.741524688
158.596041933,477.615026441,213.634500288
158.179497924,477.339256095,213.506300888
157.762853231,477.063637889,213.485376488
157.346250158,476.787956781,213.494027088
156.936727672,476.517183336,213.472402688
156.52026347,476.241292483,213.522878288
156.103733915,475.965500305,213.509303888
155.680155428,475.685054641,213.506718333
155.263573366,475.409341781,213.498393933
154.839618294,475.12916339,213.459444533
154.444129688,474.868398635,213.398795133
154.026881299,474.593695201,213.359670733
153.602341213,474.314404042,213.339621333
153.184731447,474.040250292,213.284221934
152.766901119,473.766432816,213.238097534
152.356241419,473.497387212,213.230998134
151.938166933,473.223942666,213.186973734
151.527254206,472.955283674,213.177074334
151.123825138,472.690918372,213.236649934
150.727736886,472.43136926,213.235478823
150.309894041,472.157570881,213.235478823
149.892300103,471.883393023,213.287529423
149.481838943,471.614044623,213.273255023
149.056866187,471.335412261,213.250755623
148.646196079,471.066382547,213.228781223
148.235660951,470.797450876,213.226902891
147.817777129,470.523715042,213.226902891
147.399893309,470.249979209,213.226902891
146.996419274,469.985682541,213.226902891
146.578473954,469.712040613,213.214028491
146.160831809,469.437936194,213.277454091
145.757808235,469.17295313,213.324429691
145.354647476,468.908178835,213.294755291
144.944287418,468.638676428,213.294755291
144.534062228,468.369272219,213.292876958
144.130892788,468.10451114,213.292876958
143.69886007,467.820938266,213.279652558
143.266718626,467.537531109,213.257678158
142.863570454,467.272737651,213.297478758
142.46042228,467.007944192,213.297478758
142.049821198,466.738809137,213.243479358
141.653468954,466.479358964,213.208554958
141.264032717,466.225070249,213.143180558
140.874411292,465.971065368,213.101431158
140.441498596,465.688837723,213.101431158
140.037324044,465.425613568,213.074731758
139.647400222,465.172073142,213.033157358
139.250067527,464.914126976,212.991407958
138.838437025,464.64656903,213.023683558
138.434225275,464.383402,213.066634158
138.022930715,464.115633218,213.064755826
137.62592856,463.857178615,213.064755826
137.221563913,463.594246573,213.033331426
136.816833802,463.331877442,212.953607026
136.412103689,463.069508309,212.953607026
136.029206115,462.820962556,212.988332626
135.646024444,462.572855021,212.922783226
135.240960729,462.311001221,212.880683826
134.842758721,462.054399085,212.797809426
134.437163079,461.793369968,212.764110026
134.03160127,461.532288288,212.771535626
133.626094039,461.271121845,212.783511226
133.198997093,460.996064207,212.780925671
132.786372411,460.73034969,212.779047335
132.359254037,460.455325327,212.776461781
131.931989355,460.180220393,212.776461781
131.22467549,459.719591014,213.073687381
130.772796398,459.419182327,213.61591298
130.323858634,459.114395551,214.17283858
129.863517559,458.795777382,214.68846418
129.398818574,458.46835636,215.16803978
128.938231125,458.135176421,215.881240379
128.481555529,457.796654525,216.548590979
128.021790025,457.447896798,217.182341579
127.565846435,457.094157184,217.805767178
127.121214294,456.739965242,218.540667778
126.68111876,456.380151966,219.268743378
126.245120203,456.015385012,219.916668977
125.806478048,455.640405904,220.525919577
125.359477451,455.248761877,221.223545177
124.923893978,454.857228634,221.951445777
124.492515334,454.461067423,222.563146376
124.059411366,454.054108538,223.217371976
123.625261051,453.63575487,223.938447576
123.171532213,453.188131182,224.611923175
122.746978818,452.760041585,225.237623775
122.333402387,452.333252273,225.900774375
121.924971254,451.901536409,226.587549974
121.50963804,451.452688228,227.220950574
121.087599218,450.986625069,227.837901174
120.68815233,450.535018521,228.507176774
120.294057989,450.078733591,229.182752373
119.8992061,449.611766404,229.783252973
119.520504426,449.153749349,230.415078573
119.142110617,448.684362072,231.126179172
118.779476003,448.22444102,231.745229772
118.432697206,447.774003301,232.408380372
118.095573049,447.327037143,232.974580972
117.768244343,446.883508675,233.572281571
117.445435977,446.436679465,234.154057171
117.131065567,445.994399759,234.594957771
116.814678241,445.543001218,234.973208371
116.491551164,445.075306268,235.35968397
116.176460955,444.612543261,235.74948457
115.864710948,444.147523503,236.16203517
115.555817981,443.680601047,236.51333577
115.249987002,443.211667306,236.88826137
114.932813982,442.719292939,237.21156197
114.614124136,442.217664231,237.571787569
114.28893116,441.699768588,237.874788169
113.941061305,441.145654276,237.88446873
113.597323302,440.598722316,237.85129433
113.266373853,440.074272814,237.74636993
112.916709405,439.520894929,237.71232053
112.585448349,438.996642196,237.71232053
112.272081864,438.501836489,237.65342113
111.958817295,438.006966252,237.66522173
111.65476639,437.526651022,237.66522173
111.35539202,437.05376639,237.660514509
111.047049379,436.56597434,237.702240109
110.753037649,436.09969257,237.766715709
110.46828337,435.647938241,237.775541309
110.183674581,435.196092237,237.793991909
109.894548116,434.737109482,237.789991913
109.605389609,434.278146913,237.78599191
109.320276878,433.826618727,237.73006751
109.049039199,433.397085694,237.727481956
108.777277042,432.967687087,237.670682556
108.510000398,432.545642787,237.654308156
108.238202652,432.116266704,237.665933756
107.966484347,431.687037549,237.663348201
107.685006378,431.243402141,237.605673801
107.325644291,430.675775354,237.662274401
107.038566716,430.215311935,238.058375001
106.73706486,429.723262239,238.502250601
106.422631845,429.198764149,239.0576012
106.105140461,428.656057178,239.6717518
105.801805623,428.125063445,240.2624524
105.512611197,427.605870647,240.881853
105.228451494,427.083905282,241.435978599
104.954292318,426.566345635,242.089154199
104.694229164,426.060858911,242.775054799
104.435914461,425.544826173,243.408455398
104.180311112,425.017855426,244.124630998
103.943276703,424.510661054,244.951231598
103.719883879,424.016155502,245.688932197
103.480026379,423.472406516,246.196857797
103.264668809,422.974349078,246.616583397
103.053539867,422.465147593,247.479758997
102.856250949,421.96891775,248.318434596
102.665080972,421.470298644,249.023235196
102.473995648,420.953241603,249.717535795
102.280309518,420.409640688,250.388911395
102.098780216,419.880038427,251.080061995
101.913306467,419.315419911,251.814962595
101.633122936,418.437444536,252.300838194
101.459911448,417.868944439,253.054988794
101.295590887,417.297811062,253.948964394
101.13475994,416.707811254,254.751939993
100.984254661,416.123983841,255.544415593
100.839626243,415.529804583,256.319741192
100.702783628,414.933784059,257.069341792
100.573339472,414.336113097,257.779567392
100.449311037,413.728501574,258.463017991
100.332531683,413.11945527,259.145768591
100.221066024,412.500660442,259.788619191
100.116803791,411.880611229,260.454919791
100.019988677,411.259355671,261.14239539
99.9297412757,410.637112116,261.74762099
99.8450277587,410.005399805,262.36212159
99.7725959325,409.415528455,262.999547189
99.7046231232,408.807789972,263.618247789
99.6456779696,408.216418643,264.307823389
99.5913827949,407.607305844,264.906223989
99.5444043732,407.006224055,265.531049588
99.5038757272,406.387408861,266.252825188
99.4722220452,405.785325533,266.990525788
99.4481829355,405.182890134,267.714926387
99.4293040698,404.502719637,268.410101987
99.4196827065,403.908495766,269.072377587
99.4169013584,403.314200517,269.731853186
99.4211763013,402.74575404,270.430878786
99.4322766065,402.177399876,271.118879386
99.4494214594,401.609195928,271.728304985
99.4716971826,401.049789783,272.280330585
99.5012125656,400.473469461,272.931756185
99.5377371874,399.88029113,273.523506785
99.5793790152,399.296084662,274.077107384
99.6263926526,398.703645383,274.537257984
99.6769080479,398.120139226,274.947883584
99.7323432538,397.528428556,275.352209184
99.7904248055,396.945626896,275.691259784
99.8536350787,396.354696241,276.105560383
99.9199182434,395.772770314,276.498160983
99.9925501732,395.174246387,276.919111583
100.069016702,394.576200269,277.286337183
100.152275287,393.961673766,277.715687783
100.236676859,393.373395809,278.164638382
100.327759259,392.768688967,278.565638982
100.420632166,392.172970147,278.861114582
100.515676614,391.586317667,279.202615182
100.615332806,391.000430969,279.653315782
100.720793774,390.406811333,280.073916382
100.835973279,389.771182459,280.270866982
100.955534693,389.110087651,280.251342582
101.069630219,388.465514518,280.037918182
101.179411015,387.828931014,279.784593782
101.285629209,387.209213877,279.725869382
101.384803914,386.631982885,279.748869982
101.486533307,386.03771239,279.713945582
101.59047175,385.426343748,279.648571182
101.693404374,384.814804959,279.554321782
101.789134361,384.245893941,279.548907338
101.883950656,383.685394572,279.601482938
101.98014889,383.116562543,279.596068495
102.073425962,382.564707239,279.591361273
102.161824472,382.038064403,279.528436873
102.250711028,381.511503717,279.581537473
102.340188463,380.985043119,279.645838073
102.429462372,380.458547968,279.623688673
102.517253643,379.940706441,279.620395896
102.602777998,379.439783874,279.688896496
102.688071978,378.938822026,279.662547096
102.775259577,378.420709541,279.552197696
102.858940183,377.919475674,279.478073296
102.94545742,377.401250825,279.478073296
103.029099281,376.900179429,279.475487742
103.114362693,376.390477562,279.496563342
103.195517382,375.906286648,279.514838942
103.279148265,375.40504448,279.472389542
103.361169679,374.912265947,279.450065142
103.444736052,374.411013021,279.465015742
103.52733667,373.918331245,279.517416342
103.610255436,373.425702913,279.554416942
103.6938636,372.924456954,279.469792542
103.776226894,372.431735448,279.489818142
103.860226752,371.930554984,279.514568742
103.942802883,371.437869102,279.514568742
104.02473553,370.945075802,279.439744342
104.103109557,370.469154025,279.351444942
104.186914191,369.959210277,279.332620542
104.267739286,369.466234112,279.310996142
104.347135946,368.981920675,279.309117809
104.428279781,368.488996875,279.348043409
104.507551716,368.004494155,279.292119009
104.587992172,367.51145508,279.266294609
104.667241708,367.026948696,279.289470209
104.747582568,366.533893383,279.254720809
104.828572338,366.0322177,279.170621409
104.909815585,365.530583002,279.199572009
105.034468504,364.791686806,279.575722609
105.144495035,364.181384441,280.219623209
105.262332866,363.572542045,280.953823808
105.37346294,363.032623819,281.630624408
105.492506393,362.485577114,282.276800008
105.615604926,361.948261252,282.903725608
105.749466318,361.395784284,283.619901207
105.888592078,360.853497029,284.389101807
106.036811824,360.304697814,285.113852407
106.190389005,359.757373667,285.673928006
106.351398645,359.203214694,286.201103606
106.52233849,358.634027425,286.716204206
106.691425511,358.091294294,287.304279806
106.866386317,357.550426113,287.925430405
107.049995096,357.003339202,288.552356005
107.241926945,356.449991746,289.129406605
107.4366736,355.906769866,289.722907204
107.640210033,355.357584868,290.335482804
107.846951578,354.818813854,290.993208404
108.059387367,354.282262546,291.600009004
108.280273477,353.739823088,292.156584603
108.503583645,353.207705769,292.766010203
108.746088287,352.646316539,293.363010803
108.994330122,352.087440562,293.949861402
109.2399433,351.546267072,294.411062002
109.489001103,350.997198316,294.399062602
109.722037977,350.47869712,294.201213202
109.956414725,349.951360595,293.962938802
110.188523818,349.423022028,293.716789403
110.409083954,348.917834134,293.585615003
110.632161354,348.404348089,293.481915603
110.855749034,347.891084034,293.538866203
111.079249088,347.377963564,293.534158978
111.29955367,346.872664176,293.556634578
111.513626064,346.383440314,293.633010178
111.732079225,345.886732844,293.740010778
111.957379277,345.374400164,293.735303556
112.17242395,344.885602904,293.746929156
112.390852651,344.389066717,293.742929154
112.609169429,343.892299288,293.724279754
112.824164844,343.40348036,293.741155354
113.039413196,342.914772757,293.770805954
113.251444472,342.434059782,293.801156554
113.460274808,341.961348734,293.834482154
113.668678314,341.488449355,293.782757754
