-210,-260
-210.0,-260.0,0.0
-209.837184914,-259.99989173,0.0762019999826
-209.683149855,-259.999561895,0.169171999963
-209.51122262,-259.999014449,0.195706499953
-209.270391543,-259.998141417,0.219694999951
-209.012001293,-259.997172169,0.210147499953
-208.761723645,-259.996382147,0.151568999966
-208.494886117,-259.995660928,0.158152999961
-208.176036941,-259.994859346,0.129927999971
-207.857187409,-259.994214834,0.101702999977
-207.521111478,-259.993702927,0.0728414999808
-207.150916459,-259.993223357,0.0756064999833
-206.419306346,-259.992115574,0.0979044999908
-206.014992833,-259.991303357,0.132295999989
-205.601566503,-259.990403867,0.117019999961
-205.196919752,-259.989572153,0.118511999974
-204.765933628,-259.988864275,0.0696999999909
-204.300494789,-259.988501502,0.0196149999773
-203.826609369,-259.988479681,-0.0143384999956
-203.37839663,-259.988785261,-0.0637870000101
-202.922070896,-259.989294948,-0.0642044999969
-202.44818595,-259.989966387,-0.098157999971
-201.965521955,-259.99100692,-0.148879499953
-201.474412462,-259.992431285,-0.183469499958
-200.983303919,-259.994152137,-0.218059499962
-200.492529205,-259.996027204,-0.21974999995
-200.010201187,-259.997952131,-0.237571999945
-199.510647824,-260.000103968,-0.256030499941
-199.010762612,-260.002561802,-0.307388499924
-198.536884785,-260.005244568,-0.341341999897
-198.037003788,-260.008446712,-0.39269999991
-197.537125861,-260.012096931,-0.444057999892
-197.028472628,-260.016341632,-0.512183999883
-196.5286034,-260.021034282,-0.563541999866
-196.029070364,-260.026028152,-0.582000499861
-195.511982089,-260.031515473,-0.633994999874
-195.003677266,-260.037296525,-0.669221499848
-194.504485861,-260.043064488,-0.654780499826
-193.996514718,-260.04888019,-0.657107499844
-193.479765564,-260.054893005,-0.67620249984
-192.980243313,-260.060869095,-0.694660999835
-192.489169669,-260.066971479,-0.729250999809
-191.972428495,-260.07363495,-0.748345999804
-191.463804977,-260.080580948,-0.816471999826
-190.95585227,-260.087830144,-0.818798999813
-190.438791089,-260.095454493,-0.870793499796
-189.939292015,-260.10312705,-0.889251999791
-189.457019417,-260.110687727,-0.907073999787
-188.966302738,-260.118464363,-0.908764499806
-188.475586288,-260.126255477,-0.910454999792
-187.984539111,-260.134207351,-0.945044999797
-187.493496823,-260.142455674,-0.97963499977
-186.950458715,-260.152070341,-1.04903399976
-186.459432206,-260.161209867,-1.08362399973
-185.96874182,-260.170498548,-1.08531449975
-185.495605362,-260.179330385,-1.05346899979
-185.013025804,-260.188418012,-1.10419049974
-184.513231745,-260.1982752,-1.15554849975
-184.030669144,-260.208222588,-1.20626999973
-183.548445761,-260.218451554,-1.22409199973
-183.057779621,-260.228943196,-1.22578249972
-182.558667795,-260.239559867,-1.21134149972
-182.076775587,-260.249686067,-1.19626399973
-181.577328156,-260.260195905,-1.21472249973
-181.103882512,-260.270239243,-1.21577649972
-180.621660833,-260.280548219,-1.23359849971
-180.122220357,-260.2913835,-1.25205699971
-179.631559396,-260.302114626,-1.25374749973
-179.166566553,-260.312361003,-1.27093299969
-178.675909154,-260.323253776,-1.27262349971
-178.167700342,-260.334700004,-1.30784999971
-177.685495852,-260.34578389,-1.32567199971
-177.202964914,-260.357164064,-1.37639349956
-176.720774028,-260.368824808,-1.39421549953
-176.229811492,-260.380922365,-1.42880549966
-175.747631475,-260.393024194,-1.44662749966
-175.27423036,-260.404983719,-1.44768149952
-174.774833856,-260.417685055,-1.46613999951
-174.292661827,-260.430101075,-1.48396199951
-173.819268605,-260.442369069,-1.48501599968
-173.345546005,-260.45479042,-1.51896949982
-172.854940359,-260.467807166,-1.52065999936
-172.372780363,-260.480681992,-1.53848199967
-171.89906956,-260.493545395,-1.5724354998
-171.408147028,-260.507170043,-1.60702549962
-170.916903715,-260.521241547,-1.67451499971
-170.426006237,-260.535740813,-1.70910499952
-169.95233584,-260.550014836,-1.74305849966
-169.461456059,-260.565101356,-1.77764849947
-168.97935866,-260.580138675,-1.79547049978
-168.479719903,-260.596025071,-1.84682849941
-167.997641012,-260.611644473,-1.86465049941
-167.524011112,-260.627204353,-1.89860399955
-167.041946532,-260.64325938,-1.91642599953
-166.551114647,-260.65983115,-1.95101599967
-166.060292856,-260.676699236,-1.98560599949
-165.586696859,-260.693258947,-2.01955949962
-165.104667247,-260.710331611,-2.0373814993
-164.157192609,-260.74487166,-2.13818799951
-163.692413326,-260.762294347,-2.15537349951
-163.210097771,-260.780660625,-2.20609499977
-162.727798663,-260.79945387,-2.25681649941
-162.237073892,-260.81894133,-2.29140649954
-161.738245831,-260.838838434,-2.27696549958
-161.26506774,-260.857657054,-2.27801949945
-160.783120047,-260.876903962,-2.29584149975
-160.300850968,-260.896452643,-2.34656299939
-159.327920872,-260.937047101,-2.43187449947
-158.846026599,-260.9575881,-2.44969649947
-158.372907392,-260.977833134,-2.45075049933
-156.918187491,-261.041406523,-2.5538839994
-156.453546845,-261.062200818,-2.5710694994
-155.507396716,-261.104703968,-2.57317749912
-155.025554567,-261.126433352,-2.59099949943
-154.552159975,-261.147996113,-2.62495299956
-153.605409541,-261.191963218,-2.6928599992
-153.123613833,-261.214699052,-2.71068199951
-152.65059175,-261.237098953,-2.71173599937
-152.168477275,-261.260147748,-2.76245749932
-151.669177777,-261.284463938,-2.81381549927
-151.187105131,-261.308371643,-2.86453699922
-150.722257937,-261.331835027,-2.91462199949
-150.266196152,-261.355187752,-2.9479389993
-149.802035471,-261.379026672,-2.93222499935
-149.303461142,-261.404501505,-2.91778399938
-148.804880408,-261.429850674,-2.90334299943
-148.349466447,-261.452818169,-2.87086099933
-147.884947951,-261.47618266,-2.88804649933
-147.394793363,-261.500917548,-2.88973699951
-146.922169614,-261.524643083,-2.85789149941
-146.449206645,-261.54825824,-2.85894549927
-145.97624411,-261.571882097,-2.85999949945
-145.486077473,-261.596377046,-2.86168999931
-145.030320592,-261.619160851,-2.86210749949
-144.565798532,-261.642454374,-2.87929299948
-144.092518429,-261.666398818,-2.91324649961
-143.163204292,-261.714238227,-2.98051699924
-142.707169667,-261.738115447,-3.01383399906
-142.233947094,-261.763171172,-3.04778749919
-141.75230147,-261.788891108,-3.0656094995
-141.288190726,-261.813683242,-3.04989549923
-140.841274933,-261.837431436,-3.03354499927
-140.385914341,-261.861433778,-3.00106299918
-139.921775963,-261.885703052,-2.98534899922
-139.457305081,-261.909995694,-3.00253449922
-138.984403235,-261.934804768,-3.00358849939
-138.537142317,-261.958337579,-3.02013749939
-138.081124312,-261.982530144,-3.05345449952
-137.607919179,-262.007913101,-3.08740799902
-137.151929892,-262.032641056,-3.12072499947
-136.678754887,-262.058579581,-3.15467849928
-136.205595336,-262.084798505,-3.18863199941
-135.723689403,-262.11185929,-3.23935349905
-135.250894139,-262.138622778,-3.24040749922
-134.769337703,-262.165961788,-3.25822949922
-134.287789793,-262.193450586,-3.27605149922
-133.814686845,-262.220671772,-3.31000499903
-133.006102109,-262.267880875,-3.37281999929
-132.53304581,-262.295901059,-3.40677349911
-132.0600062,-262.324201572,-3.44072699925
-131.57854829,-262.353224045,-3.45854899923
-131.096775185,-262.382554752,-3.50927049918
-130.61535234,-262.412153177,-3.52709249918
-130.150807545,-262.440990261,-3.57717749914
-129.6781783,-262.470540935,-3.57823149931
-129.196467514,-262.50087793,-3.62895299926
-128.689482348,-262.533042285,-3.63127999912
-128.199689847,-262.564133136,-3.63297049929
-127.718332025,-262.59477087,-3.65079249929
-127.219792925,-262.626660652,-3.66925099929
-126.754997192,-262.656805161,-3.75223549919
-126.299001637,-262.686975196,-3.81845199928
-125.808990204,-262.719828801,-3.8530419991
-125.318998696,-262.752978224,-3.88763199891
-124.829350203,-262.786260179,-3.88932249909
-124.356888961,-262.818385267,-3.89037649895
-123.884428311,-262.850519045,-3.89143049912
-123.403213593,-262.883327855,-3.90925249912
-122.930440363,-262.915775742,-3.94320599925
-122.423639235,-262.950720285,-3.94553299912
-121.942455712,-262.983983476,-3.96335499912
-121.452528935,-263.018076229,-3.99794499924
-120.971376041,-263.051779574,-4.01576699892
-120.490233653,-263.085632581,-4.03358899892
-120.000671533,-263.120161773,-4.0352794991
-119.502357654,-263.15539629,-4.05373799909
-118.995302795,-263.191487606,-4.08896449922
-118.513881567,-263.226117295,-4.13968599917
-118.023739907,-263.261882542,-4.20717549895
-117.559892629,-263.296073702,-4.22436099894
-117.078876677,-263.331678153,-4.24218299925
-116.589443509,-263.367989437,-4.2438734988
-116.091261209,-263.405037905,-4.26233199911
-115.610591016,-263.440798304,-4.24725449915
-114.665464808,-263.511550971,-4.31516149909
-114.158901212,-263.549784831,-4.31748849895
-113.661088451,-263.58730528,-4.303047499
-113.180443792,-263.623407244,-4.28796999904
-112.691039798,-263.660109639,-4.28966049921
-112.218814553,-263.695535104,-4.29071449907
-111.711913305,-263.733723294,-4.3259409992
-111.222212086,-263.770915758,-4.36053099902
-110.758457984,-263.806348309,-4.37771649902
-110.277217391,-263.843403754,-4.42843799896
-109.796331306,-263.880721265,-4.44625999896
-109.30670927,-263.918942,-4.48084999909
-108.800258358,-263.958640584,-4.48317699895
-108.319408145,-263.996417505,-4.50099899895
-107.855742304,-264.032986901,-4.51818449894
-107.366489731,-264.071655421,-4.51987499912
-106.868812609,-264.110934061,-4.50543399884
-106.388298471,-264.148733583,-4.4903564992
-105.899027175,-264.187164473,-4.49204699875
-104.928298847,-264.264154067,-4.57735849914
-104.438765546,-264.303495005,-4.61194849896
-103.975171389,-264.340962191,-4.62913399896
-103.502843149,-264.379347427,-4.66308749909
-103.013689934,-264.419253158,-4.66477799864
-102.508009813,-264.460232737,-4.60130599922
-101.970503458,-264.501955957,-4.2759109989
-101.467454102,-264.537980806,-3.91634349894
-100.938888899,-264.57227611,-3.5083814989
-100.401980323,-264.603044947,-3.05138849939
-99.8732831538,-264.629188906,-2.6105269997
-99.3356316188,-264.651708896,-2.18643349952
-98.8153720373,-264.669491469,-1.7288039997
-98.31220714,-264.682664414,-1.27053799987
-97.8008375526,-264.691741191,-0.763240999965
-97.2296169496,-264.696586888,-0.208822499967
-96.6671561037,-264.695833245,0.36236399986
-96.1128403216,-264.689801435,0.884519499902
-95.5754887328,-264.679207307,1.37441199968
-95.0382473671,-264.664019138,1.86430449946
-94.4846193367,-264.643313758,2.41935949946
-93.9393107104,-264.617861187,2.92538349937
-93.377390361,-264.586498806,3.46367049924
-92.8070228379,-264.549370573,3.98518949897
-91.72698939,-264.464689725,4.98110599866
-91.1322474749,-264.410044671,5.51811999883
-90.5719729816,-264.353422395,6.02350749875
-89.9954462811,-264.289851344,6.56115799861
-89.4282689362,-264.221834307,7.1155764983
-88.8363277522,-264.144948968,7.68548999844
-88.2364733263,-264.061049916,8.23863549813
-87.637456821,-263.971363742,8.79178099813
-87.0393340663,-263.875898806,9.34492649781
-86.4504742201,-263.7761586,9.88194049767
-85.862575056,-263.67090367,10.4189544975
-85.2926160822,-263.563334702,10.9566049977
-84.7154230379,-263.448696696,11.5103869974
-84.1397259824,-263.328388224,12.0970684971
-83.5652909867,-263.202191298,12.683749997
-82.9918153323,-263.070208888,13.237531997
-82.4367545764,-262.936630966,13.8248499967
-81.8745569318,-262.795311057,14.3953999965
-81.3223087526,-262.650544167,14.9827179964
-80.7387045093,-262.490973611,15.6016624963
-80.1980929379,-262.336938553,16.2057484961
-79.6587697604,-262.177272397,16.7769349963
-79.1375338381,-262.0172892,17.3487579961
-78.6095287413,-261.849529471,17.9038129961
-78.099905498,-261.681992517,18.4924039957
-77.5840586253,-261.506436507,19.0971264955
-77.0542124536,-261.319685848,19.7341119955
-76.5261065276,-261.127093529,20.3381979953
-75.9914448626,-260.925963318,20.8926164953
-75.4355896139,-260.71024438,21.5283289954
-74.8899708876,-260.491591269,22.147909995
-74.3545230213,-260.270352736,22.7513594947
-73.8055832028,-260.036744745,23.3541724948
-73.2595057834,-259.797351409,23.9898849942
-72.7161180567,-259.551914052,24.6255974943
-72.1827367985,-259.304112395,25.2122789942
-71.6367479963,-259.043434618,25.8312234941
-71.1086987101,-258.784465162,26.4179049938
-70.5833287835,-258.520102402,27.0045864937
-70.060319435,-258.250371232,27.5583684938
-69.5250831669,-257.967559342,28.1444134934
-68.5302913601,-257.423135092,29.2371189933
-67.996263487,-257.120526378,29.8392954934
-67.4505466338,-256.803675339,30.4408354931
-66.9005924211,-256.476704979,31.0256074928
-66.3392858646,-256.135188028,31.6097429927
-65.8032397439,-255.801605761,32.1783834925
-65.2779874553,-255.467355652,32.7637919925
-64.7276806653,-255.108994029,33.3808269921
-64.2025785088,-254.759038047,33.9823669922
-63.6669440535,-254.393888309,34.5832704923
-63.1565556462,-254.037936738,35.2015784919
-62.6360139457,-253.666495179,35.8192499918
-62.1262763667,-253.294515253,36.4207899916
-61.6271898643,-252.922324757,37.0061984915
-61.1389707793,-252.550303348,37.6083749916
-60.6543170223,-252.173105596,38.1776519911
-60.1730639824,-251.791041821,38.7140294913
-59.755140143,-251.453108944,39.2039219911
-59.3009390379,-251.078949834,39.7577039908
-58.8699827054,-250.716990282,40.2959909906
-58.4424459084,-250.35099798,40.8342779905
-58.0176511378,-249.980810581,41.3067659905
-57.5771233821,-249.590142387,41.8276484905
-57.1277434991,-249.184036361,42.3807939902
-56.6696344014,-248.761940858,42.9333029902
-56.2156168494,-248.335447455,43.4858119902
-55.7785375073,-247.916613268,44.0718569898
-55.3334476048,-247.481288009,44.6572654898
-54.8924663048,-247.04132886,45.2097744898
-54.4557480127,-246.597137805,45.7622834895
-54.0121003869,-246.136584575,46.3799549894
-53.5784510199,-245.677245803,46.9156959893
-53.1668580049,-245.232886069,47.4688414893
-52.7651913102,-244.790881664,48.0058554891
-52.3621270617,-244.338771506,48.5590009891
-51.9575995424,-243.876240748,49.0953784887
-51.1718215489,-242.952981672,50.1029709885
-50.752607909,-242.446624818,50.6542069882
-50.3435377134,-241.942873295,51.1893114884
-49.9447340004,-241.442132034,51.7411839881
-49.5507718482,-240.937572786,52.2930564881
-49.1616878065,-240.429242362,52.8449289881
-48.7322601357,-239.855694543,53.5090854877
-48.3393078119,-239.318611977,54.1093524875
-47.9668744002,-238.798369142,54.6941244875
-47.6093187681,-238.288288237,55.2466334875
-47.2472844995,-237.76075583,55.8314054871
-46.8999233855,-237.243678644,56.3839144871
-46.5624650723,-236.73056141,56.9531914869
-46.2394462714,-236.22860068,57.5231049868
-45.9350480627,-235.745218648,58.0775234868
-45.6487478664,-235.280807715,58.6164469866
-45.3493349103,-234.784431456,59.1869969868
-45.0591006806,-234.292414638,59.7414154865
-44.7822517831,-233.812531947,60.2964704861
-44.4812265561,-233.277992694,60.9315464859
-44.2104061911,-232.785023018,61.502732986
-43.9366718024,-232.274415154,62.1061824858
-43.660961037,-231.746120165,62.7747944858
-43.3914338324,-231.214643819,63.4434064855
-43.1281268914,-230.680058488,64.1120184855
-42.8707777442,-230.142209872,64.7477309852
-42.6159283204,-229.593844213,65.3995749851
-42.3744186691,-229.058316418,66.0520554849
-42.1354251258,-228.512063909,66.6877679847
-41.9092391512,-227.97904945,67.3241169847
-41.6887061625,-227.443310607,67.9275664845
-41.4741059076,-226.905526971,68.5639154845
-41.2563184469,-226.341415504,69.2157594841
-41.044683401,-225.774611056,69.834703984
-40.8419733734,-225.213526159,70.4375169841
-40.6394920356,-224.634078912,71.0396934839
-40.4407683253,-224.044764327,71.6909009837
-40.2482093056,-223.452705102,72.2763094834
-40.0644252314,-222.867059119,72.8784859832
-39.8868063117,-222.279513952,73.4806624832
-39.7151097037,-221.689863477,74.0499394831
-39.5413624327,-221.072708571,74.5031134829
-39.3746895873,-220.468349479,74.6608284831
-39.204077546,-219.845825344,74.6863089829
-39.033208638,-219.222680501,74.6459904828
-38.8681060914,-218.623884318,74.5243779829
-38.7060938366,-218.041761182,74.3705024831
-38.5427759165,-217.460349096,74.2495264829
-38.3881197053,-216.912982565,74.195622483
-38.2284987637,-216.349464694,74.173981483
-38.0733690199,-215.802578571,74.1529769833
-37.9158089674,-215.247602169,74.1481039831
-37.7604322398,-214.700786166,74.1270994831
-37.6118105557,-214.178739667,74.090599983
-37.4678228647,-213.673631067,74.0876364831
-37.3262890466,-213.176952424,74.1014409831
-37.1751918547,-212.646828647,74.0810729831
-37.0283977738,-212.133044156,74.0284419831
-36.8836254271,-211.627813208,73.9925789833
-36.7410333008,-211.131090622,73.973483983
-36.6005401289,-210.642553129,73.9382574832
-36.4552099263,-210.13782916,73.935293983
-36.3096163974,-209.632834242,73.8994309832
-36.1662169185,-209.13634413,73.8803359832
-36.0251624334,-208.648315302,73.878008983
-35.8477818685,-208.035781329,73.8215589834
-35.6822107128,-207.465182752,73.8160494832
-35.5358042997,-206.96076991,73.8130859834
-35.3795133329,-206.423004929,73.7759499829
-35.2352797125,-205.927103568,73.7897544832
-35.0932206799,-205.439019104,73.7545279831
-34.9582148083,-204.975966798,73.7367059834
-34.8157039334,-204.488014072,73.7014794833
-34.6777351599,-204.016680665,73.6668894834
-34.541794432,-203.55355462,73.6161679832
-34.4031240121,-203.082427167,73.5815779831
-34.2620785488,-202.603541474,73.596018983
-34.1209221267,-202.124341039,73.577560483
-33.9847136954,-201.661988464,73.5926379833
-33.8486269378,-201.199600061,73.6077154832
-33.7052519557,-200.712247911,73.6053884834
-33.5664929014,-200.241146555,73.5707984829
-33.4300028637,-199.778529551,73.5529764833
-33.2908129219,-199.307555323,73.5183864834
-33.1462091292,-198.819871129,73.450260483
-33.0061750807,-198.349147189,73.4156704832
-32.8632782845,-197.87011507,73.3643124833
-32.7201851156,-197.391489394,73.3458539833
-32.5769377593,-196.912909841,73.3273954833
-32.4314153844,-196.426542448,73.3579679834
-32.2932078585,-195.964435639,73.3401459831
-32.1499128252,-195.48587036,73.3216874831
-32.0038712638,-194.998962694,73.2864609833
-31.8601278873,-194.520531889,73.2680024833
-31.7211949346,-194.058642663,73.2501804833
-31.5745458105,-193.57191764,73.2149539834
-31.4254636984,-193.077452252,73.2287584831
-31.281238568,-192.599166454,73.2102999831
-31.1292668955,-192.096054187,73.1744369833
-30.9893507076,-191.634113633,73.1237154833
-30.8466361578,-191.164195427,73.0891254832
-30.698382719,-190.677608284,73.0209994834
-30.5524242386,-190.199848601,73.0025409834
-30.4089484424,-189.730510736,73.0008504833
-30.2652265295,-189.260899648,72.9662604834
-30.1214535707,-188.791652728,72.9645699833
-29.9723800305,-188.305664773,72.9293434831
-29.8232450683,-187.820044276,72.9270164833
-29.6765031093,-187.342524653,72.9085579833
-29.5373231225,-186.889887296,72.9075039834
-29.3928363086,-186.420510982,72.8729139836
-29.242985525,-185.934762122,72.8376874835
-29.1005875441,-185.473929356,72.8198654835
-28.9553829507,-185.004774596,72.7852754833
-28.812332445,-184.543795022,72.7345539834
-28.6713206369,-184.091026849,72.6677009833
-28.527556075,-183.63061858,72.6498789836
-28.3782696891,-183.15353909,72.5985209834
-28.2366424559,-182.701661482,72.5974669835
-28.1001615245,-182.266223321,72.5970494833
-27.9609865278,-181.822428715,72.5798639833
-27.8113540105,-181.345806954,72.5614054833
-27.6640345548,-180.87731198,72.5268154835
-27.5216120711,-180.425334958,72.4928619834
-27.3737322558,-179.957016558,72.4582719836
-27.2309993389,-179.50548698,72.4572179837
-27.0855443852,-179.045609954,72.4393959834
-26.9426627203,-178.594127423,72.4383419835
-26.7891320171,-178.109529098,72.4031154834
-26.6407539737,-177.641717928,72.4014249832
-26.4871509387,-177.157492142,72.3990979834
-26.3385049232,-176.689416373,72.3645079836
-26.1923060356,-176.229775308,72.3466859836
-26.0382404533,-175.745696492,72.3443589834
-25.883915064,-175.261350658,72.3091324836
-25.7292919193,-174.777099797,72.2739059834
-25.5718662338,-174.284877291,72.2548109838
-25.4167840457,-173.800773244,72.2195844836
-25.2643957816,-173.325375362,72.2340254836
-25.1066275247,-172.833262551,72.2149304833
-24.9592291886,-172.374004722,72.1971084836
-24.8089339544,-171.906455895,72.1625184835
-24.6558336991,-171.4309367,72.1440599835
-24.4917571634,-170.922407551,72.0914289835
-24.3327646366,-170.430688913,72.0723339835
-24.1869935277,-169.980131004,72.0712799833
-24.0331362443,-169.50485621,72.0528214837
-23.8765899059,-169.021573945,72.0504944835
-23.7253355947,-168.554684805,72.0488039836
-23.5687553697,-168.071413518,72.0464769835
-23.4144530633,-167.595932642,71.9951189835
-23.259724614,-167.120590268,71.9437609835
-23.1048099284,-166.645659081,71.9253024836
-22.9522983843,-166.178828499,71.8907124837
-22.7887807876,-165.679349432,71.8548494836
-22.6359330986,-165.212979494,71.8531589837
-22.4777035876,-164.73024569,71.8508319836
-22.3248231977,-164.26388647,71.8491414837
-22.1665598385,-163.781163762,71.8468144835
-22.0026596065,-163.281810123,71.8109514834
-21.8386942274,-162.782828653,71.8079879839
-21.6770260083,-162.291632376,71.7559934836
-21.5154026858,-161.80112305,71.7697979836
-21.3562281265,-161.318349115,71.7345714834
-21.191349971,-160.819317516,71.6987084836
-21.0289908351,-160.328700198,71.6796134836
-20.8662224691,-159.83786738,71.6276189837
-20.7004130724,-159.339144424,71.5917559835
-20.5397391031,-158.856867441,71.5565294837
-20.3787686514,-158.374689334,71.5213029839
-20.2120341282,-157.876274907,71.4854399835
-20.0504655401,-157.394296894,71.4502134839
-19.8804944434,-156.888059008,71.4304819836
-19.7158403017,-156.398207136,71.4113869836
-19.5538934718,-155.916707678,71.4090599835
-19.3974218571,-155.451541075,71.4073694839
-19.2299458317,-154.953726919,71.4044059837
-18.9178202721,-154.010937681,71.9596799836
-18.7580980416,-153.514782622,72.3515104835
-18.594143559,-152.993034082,72.7588359835
-18.4317524141,-152.462306824,73.2151924834
-18.2735935775,-151.930302981,73.6715489832
-18.1174109714,-151.38891929,74.1440369828
-17.9747439436,-150.879164131,74.5848984831
-17.8405210994,-150.384949467,75.0263964828
-17.7041113029,-149.86543723,75.5491884829
-17.5726785479,-149.344987553,76.1048799829
-17.4462995527,-148.823287654,76.6605714826
-17.3270456881,-148.308921792,77.2330309824
-17.2109627711,-147.784834784,77.7887224824
-17.0985187784,-147.251661025,78.3934449818
-16.9867516957,-146.692140807,79.0136624821
-16.8808248967,-146.131146139,79.6009804817
-16.7790301098,-145.560466431,80.1715304815
-16.6827035764,-144.988500074,80.7091809817
-16.5874878853,-144.396527242,81.0158984816
-16.4926605667,-143.793577164,81.1084509816
-16.3954664096,-143.172549456,81.1016684817
-16.3041078495,-142.593017849,80.9813289815
-16.2117511083,-142.013981907,80.8938889816
-16.1199903574,-141.443742123,80.8232169815
-16.0292284195,-140.882571972,80.8022124816
-15.9422965436,-140.346788619,80.7657129817
-15.8577959795,-139.828062297,80.7298499813
-15.7718866548,-139.301345359,80.7430179816
-15.6833262732,-138.757607067,80.7555494815
-15.5933944983,-138.205196744,80.7513129814
-15.5047031074,-137.661142135,80.7309449817
-15.421379282,-137.151119604,80.7118499817
-15.337685132,-136.640820001,80.6598554814
-15.2494223194,-136.105254293,80.6233559816
-15.163836366,-135.58704372,80.6203924817
-15.0795286053,-135.077182912,80.6012974817
-14.9937431506,-134.559005328,80.5983339813
-14.9092391029,-134.049177015,80.5792389822
-14.8247660288,-133.539681386,80.5930434809
-14.704451508,-132.796069305,81.0256304812
-14.6184297221,-132.238537592,81.4323194819
-14.5354295643,-131.672347233,81.8880394808
-14.455857755,-131.097136952,82.3598909807
-14.3812338686,-130.521600158,82.8646419813
-14.3126153334,-129.953823373,83.3532614811
-14.2499021789,-129.394197918,83.8586489806
-14.1931091329,-128.842766219,84.3808044804
-14.1413437563,-128.290839852,84.9029599801
-14.0952458235,-127.746887362,85.4089839791
-14.0522776238,-127.177264511,85.9634024803
-14.0151147633,-126.615363708,86.4687899802
-13.9830900193,-126.053480718,87.0070769807
-13.9581515969,-125.533848879,87.4976059811
-13.9369813643,-124.996809974,87.9874984794
-13.9207517937,-124.468382921,88.4941589808
-13.9093545637,-123.940163141,89.0337189798
-13.9028802171,-123.394966302,89.6055419802
-13.9017877085,-122.85817841,90.1612334802
-13.9061965992,-122.313294505,90.7659559781
-13.9171519631,-121.734377854,91.4023049785
-13.934355994,-121.164396948,92.0554219789
-13.9577561912,-120.593969096,92.642739978
-13.9856135464,-120.049445931,93.2145629784
-14.0587552513,-118.944180535,94.3575724771
-14.1042864186,-118.383565083,94.9287589782
-14.157101719,-117.806623621,95.532208478
-14.2167972424,-117.221527328,96.1188899776
-14.2844011234,-116.61995427,96.7049349779
-14.3560590218,-116.036202291,97.2916164775
-14.4371613198,-115.427777914,97.8937929788
-14.528398467,-114.79484168,98.5114644784
-14.6250705922,-114.171258515,99.1130044773
-14.728408246,-113.549083389,99.7474439767
-14.8386288053,-112.928090647,100.381883476
-14.9508722731,-112.333567241,101.000827978
-15.0712726553,-111.732025765,101.635903976
-15.1983330913,-111.131855751,102.270979975
-15.3282868246,-110.549943605,102.906692476
-15.4706437626,-109.944536886,103.557899976
-15.6177617387,-109.348965983,104.192975975
-15.7735836524,-108.746539739,104.811283977
-15.9291229859,-108.170592577,105.414096977
-16.0930060176,-107.587838102,106.000141975
-16.2628410277,-107.006790343,106.586186975
-16.4386796068,-106.427879754,107.205131476
-16.6233181767,-105.84250261,107.807307974
-16.8195179427,-105.243097729,108.441747477
-17.0000586197,-104.710046943,108.980034474
-17.1828212959,-104.187398821,109.567988975
-17.3797764802,-103.642905327,110.204337976
-17.5767306387,-103.11676672,110.841323475
-17.7795218482,-102.592850219,111.478308975
-17.9880990417,-102.070850963,112.082394974
-18.2022121377,-101.551819493,112.752279974
-18.4325187693,-101.011741773,113.437659973
-18.6623260685,-100.49022238,114.123676474
-18.8983501608,-99.9711204252,114.776793475
-19.1475924016,-99.4395158795,115.462173474
-19.4031757854,-98.9109307664,116.147553472
-19.672744333,-98.3700217391,116.832296972
-19.9526920608,-97.8248983845,117.533171972
-20.2392873585,-97.2828630211,118.201147472
-20.5280727597,-96.7515852046,118.852991474
-20.8228835951,-96.2236271611,119.504835473
-21.1322476336,-95.6841119299,120.156042972
-21.4608215702,-95.1260678917,120.822745473
-21.8003268433,-94.5643217564,121.472679971
-22.1327305091,-94.0255834828,121.876822972
-22.4782164024,-93.4715502651,122.017133473
-22.8205541912,-92.9243303785,122.042613972
-23.1540433257,-92.3911079209,122.002931971
-23.4780692671,-91.8718920015,121.930986972
-23.8014963575,-91.3515180069,121.793242971
-24.1236458073,-90.8307438611,121.688398471
-24.4358091147,-90.3240491188,121.584190471
-24.7424698438,-89.8250597057,121.562549472
-25.0444198768,-89.3334804599,121.557676473
-25.3463280998,-88.8418755351,121.552803474
-25.6346583082,-88.3724503965,121.565334971
-25.9050581096,-87.932444209,121.579139472
-26.1800970615,-87.4849839012,121.576175971
-26.4551128699,-87.037509367,121.573212473
-26.7346794159,-86.5821352896,121.520581471
-27.0138275454,-86.1265045976,121.467950472
-27.2835265434,-85.6856777683,121.448855473
-27.5531257549,-85.2443993293,121.396860973
-27.8267845843,-84.7957032331,121.360997971
-28.1002068882,-84.3464727983,121.292235471
-28.368598844,-83.9044590501,121.240240971
-28.6455143017,-83.4474679834,121.187609972
-28.9086192293,-83.0125162501,121.152383473
-29.1714566909,-82.5774028373,121.117156973
-29.4206566089,-82.1644338029,121.099334973
-29.6741488785,-81.7441898207,121.097644473
-29.93210074,-81.316382586,121.079185973
-30.1899638122,-80.8881327744,121.027827972
-30.4474429122,-80.4596519952,120.976469972
-30.7045860442,-80.0305809559,120.892212474
-30.9566574862,-79.6087065825,120.824722972
-31.2081823426,-79.186894054,120.790132972
-31.4726475437,-78.7429075673,120.771037973
-31.7369217077,-78.2991952031,120.784842472
-32.0013888591,-77.8548220251,120.732847972
-32.2566117048,-77.4253811187,120.714389472
-32.5204897365,-76.9810454043,120.695294473
-32.7886340639,-76.5290321728,120.659431471
-33.0520857685,-76.0844435514,120.640336472
-33.3242012973,-75.6245781965,120.587705473
-33.5870962351,-75.1796601203,120.568610474
-33.8498428794,-74.734654455,120.549515472
-34.1255847823,-74.2671211877,120.513015974
-34.3878995108,-73.821860787,120.493920972
-34.6500658334,-73.3765129878,120.474825972
-34.9208150922,-72.9162285002,120.455094471
-35.1870232772,-72.4634588501,120.452130973
-35.4575534237,-72.0034321294,120.465298972
-35.715154281,-71.5651981606,120.430072473
-35.9768241602,-71.1195584887,120.410977474
-36.2470603254,-70.6589725729,120.391245972
-36.5214755471,-70.1910456909,120.387645972
-36.7871505482,-69.7379629748,120.384682473
-37.0353815155,-69.3145899454,120.382991974
-37.2835999914,-68.8912095921,120.381301474
-37.5535975626,-68.430483771,120.361569973
-37.8190663319,-67.9772801913,120.358606471
-38.0714340391,-67.5465414426,120.373047472
-38.3718207319,-67.033935961,120.367537974
-38.6199250024,-66.6104886742,120.365847471
-38.8723471439,-66.1797818231,120.380288472
-39.1248778342,-65.7491386067,120.394729473
-39.377517057,-65.3185590527,120.409170474
-39.6303098283,-64.8876831934,120.390711971
-39.8742538825,-64.4715878645,120.372889974
-40.1223977068,-64.0481637537,120.371199474
-40.3749494751,-63.6167603817,120.319841473
-40.6141088085,-63.2072653745,120.252988472
-40.8571001121,-62.7902271964,120.202266973
-41.1040276839,-62.3657070708,120.167676973
-41.3593073977,-61.9265023664,120.165349974
-41.6058701103,-61.5025411134,120.196558972
-41.857062264,-61.0707301655,120.178100472
-42.1124632206,-60.6312104678,120.142873972
-42.35025745,-60.2216917869,120.141819972
-42.5966916203,-59.7972703748,120.140129472
-42.843113268,-59.3728416919,120.138438972
-43.0894768258,-58.9487646774,120.169647973
-43.3275122434,-58.5390006825,120.135694472
-43.5653047938,-58.129095698,120.101740974
-43.8158249134,-57.6965093659,120.050382973
-44.0573399976,-57.2786145488,119.999661472
-44.2984384913,-56.8608639784,119.981839471
-44.5265277565,-56.465246753,119.948522472
-44.7672532934,-56.0472811582,119.930700472
-45.0035293965,-55.636884705,119.929646471
-45.2397979507,-55.2264839042,119.928592474
-45.4761554591,-54.8153653375,119.861739472
-45.7162933398,-54.3966776092,119.811017974
-45.9560151062,-53.9781354997,119.793195973
-46.178497307,-53.5894225061,119.776646971
-46.4094176725,-53.1856910131,119.759461473
-46.6444661767,-52.7745902393,119.758407472
-46.8753073476,-52.3704296302,119.708322474
-47.1143232764,-51.9511004039,119.657600972
-47.3487336842,-51.5388685397,119.590747973
-47.5869324244,-51.1186914639,119.507126971
-47.8244743987,-50.6985255133,119.456405473
-48.0658549123,-50.2708270094,119.421815473
-48.3069362952,-49.8433423873,119.420124973
-48.5480050651,-49.4158506524,119.418434473
-48.7890612219,-48.988351805,119.416743973
-49.0301456146,-48.5604863142,119.382153973
-49.2709716571,-48.1324753563,119.347563972
-49.5157761601,-47.69662903,119.296205972
-49.7686098222,-47.2455353202,119.244211472
-50.0041794398,-46.8246422484,119.226389472
-50.2438804636,-46.39561845,119.158899974
-50.4830759674,-45.9663126035,119.091410472
-50.7218040409,-45.5363654529,118.991021473
-50.97226278,-45.0835679533,118.906127473
-51.226163725,-44.6234031419,118.870264474
-51.5295872307,-44.0770884808,119.225376473
-51.798305295,-43.6007553907,119.632701973
-52.0874954604,-43.0972004396,120.104553472
-52.3677588865,-42.6185307767,120.593809472
-52.6564972601,-42.1350602588,121.099196971
-52.9449900877,-41.6616954341,121.621352471
-53.2377848068,-41.1909793611,122.143507971
-53.5486426994,-40.7016891811,122.714057973
-53.8596899075,-40.2225586235,123.268476471
-54.189612601,-39.725108388,123.838389971
-54.5244216201,-39.2313366406,124.441202971
-54.8545926901,-38.7552715497,125.04465247
-55.1997222449,-38.2686575259,125.647465471
-55.5449267935,-37.7924904882,126.234146971
-55.8949888837,-37.3198830814,126.82082847
-56.2550352925,-36.8442002026,127.423641471
-56.6095287592,-36.385958685,128.02709097
-56.9795093094,-35.9179608109,128.629903971
-57.6305801911,-35.1181102354,129.66062947
-58.002776656,-34.6736923002,130.231179472
-58.3849302851,-34.2266354448,130.817860971
-58.7660263556,-33.7898250824,131.38841097
-59.1571308566,-33.350577433,131.97509247
-59.558553168,-32.908801643,132.545005969
-59.9584442085,-32.4775379374,133.131687469
-60.3510013159,-32.0625495324,133.68610597
-60.7534777001,-31.6453562104,134.256655969
-61.172169001,-31.2199113666,134.826569469
-61.5950713629,-30.7986521674,135.396482969
-62.0282454905,-30.3757803154,135.982527969
-62.4535239785,-29.9685647096,136.50341047
-62.8822321527,-29.5659351906,137.09009197
-63.3277149241,-29.1560504182,137.676136967
-63.7710367786,-28.756336203,138.246050467
-64.2248326834,-28.3551708232,138.79919597
-64.6828938517,-27.957354998,139.253642967
-65.1453520054,-27.5600388771,139.411994467
-65.6094640569,-27.162603094,139.438747967
-66.0743170626,-26.7639833983,139.333903467
-66.5255269347,-26.3754066789,139.196795969
-66.9626383558,-25.9973695231,139.093224468
-67.3989227318,-25.6188865129,139.022552467
-67.834454326,-25.2405530518,139.017679468
-68.2699537413,-24.8621825503,139.012806469
-68.6924202371,-24.4950763679,139.008569969
-69.1084334493,-24.1334210248,138.988201969
-69.5307422598,-23.7661334566,138.983965469
-69.9663041028,-23.3868191716,138.913293468
-70.3623217993,-23.0412944596,138.877430471
-70.7581231449,-22.6955219369,138.841567467
-71.1730804598,-22.3326555591,138.82119947
-71.581353931,-21.9754832579,138.817599471
-71.9830488028,-21.6241253571,138.830767469
-72.3849743858,-21.2725250194,138.811035966
-72.7738193165,-20.9321348586,138.791940969
-73.1755065452,-20.5802622368,138.772209466
-73.5639678319,-20.2399398507,138.786013967
-73.9459547668,-19.9055508799,138.816586466
-74.3348326708,-19.5651983898,138.79749147
-74.7237499928,-19.2243850784,138.745496968
-75.1122053079,-18.8835503507,138.726401968
-75.4943066506,-18.5477755859,138.658275969
-75.8887825341,-18.2004916701,138.622412968
-76.2828906648,-17.8532944125,138.619449469
-76.6705952233,-17.5116059304,138.600354469
-77.058185883,-17.1697882589,138.581259469
-77.4520445327,-16.8223080172,138.57829597
-77.8458852081,-16.4748074056,138.575332467
-78.2269467651,-16.1383563638,138.540105967
-78.6141777786,-15.7961313152,138.52101097
-78.988547205,-15.4648628469,138.469652968
-79.3755080834,-15.1218297968,138.41765847
-79.7556423088,-14.7843313754,138.382431969
-80.1161811194,-14.4639319552,138.364609969
-80.4961546229,-14.1257511351,138.296483967
-80.8819269974,-13.7818826765,138.27738897
-81.2483820045,-13.4549250485,138.242798969
-81.6274844585,-13.1162680788,138.207572468
-81.9998833279,-12.7832856843,138.189113968
-82.3721749039,-12.4501833344,138.170655468
-82.7380202022,-12.1225436229,138.136065468
-83.1101555456,-11.7887674253,138.084707469
-83.4948030187,-11.4431423133,138.032712968
-83.879136686,-11.0971682869,137.980718469
-84.2438938419,-10.7683175912,137.946128469
-84.608452401,-10.4392467482,137.911538468
-84.9854410833,-10.0987353119,137.909211469
-85.3751969799,-9.74665933467,137.906247966
-85.7586183701,-9.40017141392,137.887152969
-86.1289981884,-9.06544149423,137.901593971
-86.4868354777,-8.74202767502,137.883771968
-86.8635096159,-8.40166522729,137.914344467
-87.2775971917,-8.02960712733,138.206203469
-87.6802651057,-7.67212445161,138.597397466
-88.1045845654,-7.30088567863,139.036985968
-88.5512422679,-6.91621807445,139.492069469
-89.0009411507,-6.53511023715,139.947152969
-89.4535050238,-6.15792971575,140.435135967
-89.895940602,-5.795535264,140.923755469
-90.354867439,-5.42612307795,141.411738467
-90.8302784697,-5.05028682077,141.931984468
-91.2887513593,-4.69445830284,142.43673547
-91.723283151,-4.36291630021,142.876960466
-92.1807568058,-4.01970086003,143.365579968
-92.6272756263,-3.69062157249,143.854835966
-93.0767648643,-3.36504250467,144.311192467
-93.5496140713,-3.02855334593,144.815943466
-94.0252311149,-2.69657029866,145.353593967
-94.4971084618,-2.37344377695,145.842213468
-94.9858355459,-2.04506567448,146.363095965
-95.4704294944,-1.72572255236,146.867846968
-95.9506808747,-1.41517852462,147.356466466
-96.4190201409,-1.11797393799,147.845722465
-96.896894209,-0.820695527712,148.384009465
-97.3922500202,-0.518955679303,148.921659966
-97.8916196988,-0.219991859577,149.261913467
-98.3941670531,0.0781985631213,149.371870467
-98.9054010239,0.380913562321,149.366360965
-99.3875796091,0.667040756254,149.263425967
-99.8696507992,0.954651716,149.094691967
-100.365438339,1.25223942745,148.958220968
-100.837886283,1.53688312384,148.904953466
-101.302594392,1.81736008294,148.868453965
-101.774392484,2.10243575988,148.848085968
-102.24588585,2.38737132898,148.860617467
-102.717441522,2.67220376646,148.873148965
-103.167044961,2.94372522452,148.870185466
-103.62410924,3.21987593417,148.850453966
-104.073812228,3.491876977,148.814590965
-104.51587447,3.7595462049,148.795495968
-104.957847482,4.02736274432,148.776400965
-105.392471855,4.29100808992,148.741174465
-105.841655239,4.56386634932,148.705311467
-106.268699389,4.82372123156,148.653953465
-106.70275933,5.08829481536,148.618726965
-107.151152647,5.36181005384,148.615763469
-107.599531817,5.63534848414,148.612799966
-108.033193152,5.89993561811,148.610472967
-108.503702877,6.1871327238,148.590104967
-108.937467717,6.4521898451,148.554878466
-109.371069511,6.71751360201,148.519651969
-109.826639791,6.99676031294,148.467020964
-110.421468142,7.36227972784,148.391893468
-110.846875924,7.62416980372,148.373434968
-111.279635323,7.89086535312,148.338208467
-111.697363033,8.14848308384,148.336517968
-112.129743483,8.41515826098,148.334190966
-112.576772976,8.69089688006,148.331227466
-113.031016267,8.97102930544,148.344395468
-113.477890249,9.24638510024,148.374331467
-113.910653821,9.51307387827,148.339104966
-114.343046313,9.7797295333,148.336777967
-114.775427972,10.0464027484,148.334450965
-115.207798802,10.3130935247,148.332123965
-115.640365797,10.580101029,148.296897468
-116.065338782,10.8426960678,148.278438968
-116.490435093,11.1057253288,148.227080966
-116.915295463,11.369135526,148.175722965
-117.332499705,11.6282323863,148.141132964
-117.74933884,11.8872854133,148.139442465
-118.173588582,12.1510473307,148.120983965
-118.604962803,12.4193471373,148.118656965
-119.021700284,12.6785636621,148.116966466
-119.438430117,12.9377924826,148.115275967
-119.869777606,13.2061352619,148.112948965
-120.286489261,13.4653933023,148.111258465
-120.710609207,13.7293638778,148.092799965
-121.134644089,13.9934710747,148.074341465
-121.551180955,14.2530098482,148.072650966
-121.975122933,14.5172661476,148.054192466
-122.40638964,14.7863688077,148.018965965
-122.837901086,15.0563375561,147.917940465
-123.283319823,15.33592634,147.849177966
-123.706639167,15.6024320275,147.764920466
-124.114587632,15.8597685226,147.747098466
-124.529635365,16.1216820868,147.745407966
-124.966423341,16.3972501535,147.759212465
-125.403480451,16.6730162255,147.740117465
-125.825881605,16.939728536,147.721658968
-126.255579237,17.2113296374,147.686432467
-126.677730303,17.478437613,147.667973967
-127.099795295,17.7456815757,147.649515467
-127.507431926,18.0041346494,147.598793966
-127.929378339,18.2721877979,147.547435964
-128.351084307,18.5406190563,147.496077966
-128.772345628,18.8091280731,147.477619466
-129.186362092,19.0732888776,147.443029465
-129.585496396,19.3281289353,147.441975466
-129.991987924,19.5877607131,147.424153466
-130.412911849,19.8567983357,147.405694966
-130.826596381,20.1214786548,147.371104965
-131.232766453,20.3816130327,147.353282965
-131.653357278,20.6511711001,147.334824465
-132.059362548,20.9115626185,147.317002465
-132.465081054,21.171783935,147.332079967
-132.871073851,21.432194901,147.314257967
-133.276985628,21.6927321405,147.296435964
-133.683021838,21.9536923108,147.245714468
-134.081482804,22.2102001114,147.211760964
-134.487337816,22.4720571801,147.128139968
-134.907068105,22.7435673087,147.076781966
-135.33348126,23.0196838174,147.074454967
-135.745425637,23.2864518164,147.072764468
-136.157362143,23.5532319697,147.071073968
-136.583747786,23.8293909569,147.068746966
-137.010122215,24.1055672618,147.066419967
-137.49316865,24.4173149207,147.258943967
-137.911280632,24.6845625807,147.569480467
-138.352376477,24.9628846775,147.928411466
-138.816843136,25.2516290894,148.335736963
-139.290394924,25.5410958573,148.792093467
-139.751676358,25.8182163405,149.216186965
-140.23693396,26.1045978445,149.688674966
-140.70963126,26.3783327809,150.161799467
-141.206723669,26.6604617487,150.683318467
-141.691521003,26.929986848,151.172574466
-142.186272463,27.1996353247,151.645062463
-142.683012761,27.4648949421,152.150449966
-143.189596088,27.729604122,152.671968966
-143.69856784,27.9896913652,153.193487966
-144.209885846,28.2451351236,153.715006966
-144.731360083,28.499842691,154.219757962
-145.262715356,28.7535115994,154.740640465
-145.788896987,28.9991361751,155.212491963
-146.316849417,29.2401290311,155.717242966
-146.847141066,29.4767496327,156.189094463
-147.379363365,29.7089951153,156.660945964
-147.897636885,29.9300875484,157.133433965
-148.441442431,30.1567033749,157.621416964
-148.995013794,30.3817839908,158.125531466
-149.544392082,30.6009150809,158.383217963
-150.096236126,30.8192567296,158.443507464
-150.633033658,31.031523119,158.405734963
-151.16230804,31.2416561578,158.286031965
-151.691142253,31.4528945028,158.166328964
-152.211667249,31.6621609704,158.030494464
-152.723087658,31.8687481432,157.977226966
-153.209989629,32.0657091136,157.974263464
-153.71284901,32.2691586721,157.970663464
-154.231911323,32.4793784559,157.933527467
-154.742732093,32.6865588667,157.913159464
-155.213706654,32.8778444521,157.877932966
-155.676458712,33.0660430853,157.859474466
-156.131045412,33.2510140723,157.857783964
-156.617787512,33.4492550161,157.821920963
-157.072763477,33.635036804,157.754431464
-157.543459365,33.8278878077,157.686305465
-157.99799432,34.014745973,157.618815962
-158.443964096,34.1984712619,157.600993962
-158.897966076,34.3857485023,157.566403962
-159.359688024,34.5764604199,157.547945462
-159.829181498,34.7704820237,157.545618462
-160.274661067,34.9545216753,157.560695964
-160.720444245,35.1386992548,157.542873964
-161.197251108,35.3353935453,157.622477462
-162.12507718,35.7116801135,158.226782464
-162.60978084,35.9033657874,158.618612964
-163.111589746,36.0976957751,159.042706466
-163.622749236,36.2912260138,159.482931462
-164.151535989,36.4868015754,159.922519964
-164.673577518,36.6752556773,160.378876461
-165.213091112,36.8650030366,160.867495963
-165.762221158,37.0527995229,161.372246962
-166.280557711,37.2251386357,161.845371463
-166.816689301,37.3984944157,162.317859461
-167.329718928,37.559795814,162.774852464
-167.859946663,37.7215391841,163.297007964
-168.416543856,37.8858890902,163.801758964
-168.966423868,38.0430862714,164.290378462
-169.517902035,38.1958356707,164.746098462
-170.07875638,38.3463047489,165.217949963
-170.624157722,38.4878204154,165.690437961
-171.187132784,38.6287828436,166.19518896
-171.751327801,38.7647802992,166.699939963
-172.316986223,38.8960399288,167.17179146
-172.866895363,39.0188782114,167.644279461
-173.41779878,39.1371775595,168.116767462
-173.986236734,39.2541801847,168.621518462
-174.958583357,39.4426436518,169.43998846
-175.530168055,39.5469359889,169.87894046
-176.093900351,39.6452540779,170.33466046
-176.666742193,39.7403895931,170.806511964
-177.231992237,39.8295688355,171.262231961
-177.797628159,39.9140376675,171.750851463
-178.363963857,39.9936797327,172.239470961
-178.922883427,40.0676671823,172.67905946
-179.499137417,40.1392903632,173.150910958
-180.067249956,40.2050712498,173.639530463
-180.644623572,40.2670248546,174.111381961
-181.230585898,40.3247699102,174.632264461
-181.817048973,40.3771856026,175.153146961
-182.378368064,40.4222906734,175.65853446
-182.974106706,40.4647111484,176.195548461
-183.561781456,40.5011079929,176.716430961
-184.149762804,40.5321607883,177.237313458
-184.712677004,40.5569984434,177.709801459
-185.292991798,40.5778138676,178.181652957
-185.86468419,40.593523429,178.670272461
-186.453382421,40.6045113241,179.191154958
-187.033709531,40.6101477688,179.695905961
-187.622510125,40.6105963668,180.216788458
-188.212964289,40.6065258773,180.573173459
-188.814844993,40.6001031668,180.649594458
-189.426167332,40.5932047563,180.643448458
-190.012490383,40.5870673498,180.556008459
-190.607936898,40.582001353,180.41890096
-191.203059555,40.5781914356,180.314692959
-191.789408171,40.5754183548,180.227252959
-192.357866651,40.573267858,180.206248459
-192.909099834,40.5713815466,180.185880459
-193.469113553,40.5697462157,180.148744458
-194.020348353,40.5684131416,180.128376461
-194.537131376,40.5673413541,180.109281458
-195.071140847,40.5664147762,180.089549958
-195.596370796,40.5656074546,180.086586459
-196.095594855,40.5647901038,180.101027461
-196.594818693,40.563846927,180.115468459
-197.076816172,40.562812134,180.13054596
-197.576373048,40.5617543823,180.112087457
-198.075930241,40.5608575687,180.093628957
-198.58426749,40.5601831445,180.058402457
-199.075045537,40.5596901267,180.056711957
-199.557377229,40.5592877246,180.038889957
-200.039375659,40.5588971445,180.053967459
-200.55615964,40.5584964946,180.034872459
-201.064497314,40.5583433677,179.999645958
-201.555608849,40.5584946463,179.965055957
-202.046720201,40.5589424136,179.93046596
-202.537498128,40.5595452608,179.928775457
-203.028276035,40.5601625883,179.927084958
-203.501827802,40.5607695895,179.926030959
-204.0017183,40.5616389928,179.874672957
-204.484048837,40.5627690447,179.85685096
-204.966378998,40.5640491267,179.83902896
-205.439929275,40.565383913,179.837974958
-205.922258987,40.5668228978,179.820152958
-206.413034842,40.5683706504,179.818462459
-206.878138002,40.5699140538,179.801276959
-207.352020067,40.5716980723,179.767323458
-207.834680287,40.5738717953,179.71660196
-208.317338396,40.5764727959,179.665880461
-208.782768231,40.5793904087,179.615795457
-209.247863024,40.582578965,179.59860996
-209.721735811,40.5860391874,179.564656459
-210.186827574,40.5896428599,179.547470959
-210.669475899,40.5936686021,179.496749461
-211.160899123,40.5982745201,179.429259958
-211.729663978,40.6042079159,179.37535596
-212.237638108,40.6097564339,179.373028958
-212.745280335,40.615176184,179.40360146
-213.236031967,40.6202919004,179.401910961
-213.726783448,40.6254220963,179.400220462
-214.252316738,40.631088138,179.364357458
-214.752174692,40.6368578735,179.312999459
-215.269252044,40.643292798,179.261004958
-215.769098779,40.6499641882,179.209646956
-216.268939332,40.6570836213,179.158288961
-216.76811111,40.664354376,179.172729959
-217.259169315,40.6715933144,179.138139959
-217.758669579,40.6791879896,179.119681459
-218.258167371,40.6869435842,179.101222959
-218.766109142,40.6949224436,179.098895959
-219.265935,40.7030080394,179.047537958
-219.774199837,40.7116142973,179.01231146
-220.248012409,40.719923318,178.978357956
-220.747820151,40.7290604213,178.926999961
-221.256065759,40.7387359393,178.89177346
-221.755528749,40.7484783422,178.87331496
-222.254988573,40.7583816524,178.854856457
-222.745999061,40.7683448264,178.82026646
-223.245449504,40.7787105676,178.80180796
-223.736780715,40.7892764814,178.73431846
-224.218663104,40.7998597094,178.749395959
-224.692102364,40.8101995408,178.74834196
-225.1915394,40.8211922435,178.72988346
-225.69097287,40.8323458451,178.71142496
-226.181956876,40.8435381586,178.676834959
-226.690155395,40.8554326808,178.641608458
-227.181125399,40.8672232636,178.607018457
-227.671758481,40.8791611839,178.605327958
-228.171166523,40.8914004784,178.586869458
-228.670900165,40.9039524098,178.53551146
-229.152742931,40.9162076239,178.550588958
-229.651809519,40.928772269,178.56502996
-230.150879255,40.9412111275,178.579470958
-230.633061016,40.953243304,178.561648961
-231.11523901,40.9654254638,178.543826961
-231.606188177,40.9780539228,178.50923696
-232.096800171,40.9908291441,178.507546461
-232.578636898,41.0033195353,178.52262396
-233.095247018,41.0167294623,178.503528956
-233.61185264,41.0303115596,178.48443396
-234.094013778,41.0431435182,178.46661196
-234.576170903,41.0561254537,178.448789956
-235.06709845,41.0695682366,178.414199959
-235.540798467,41.0828228513,178.380246458
-236.005716368,41.0960393781,178.363060958
-236.470630286,41.1093953536,178.345875461
-236.987525365,41.1245569532,178.29388096
-237.46964116,41.1389923984,178.27605896
-237.934534261,41.1530543166,178.258873457
-238.408196607,41.1675930623,178.224919959
-238.89906788,41.1829539235,178.190329958
-239.380828069,41.1981117852,178.20540746
-239.87136542,41.2134884444,178.20371696
-240.345013549,41.2284831602,178.16976346
-240.827096944,41.2439629585,178.151941457
-241.309504071,41.2597420091,178.101219961
-241.791568602,41.2757985173,178.083397958
-242.247967956,41.2912040821,178.050080961
-242.704358272,41.3068750365,178.01676396
-243.186726831,41.3237921817,177.966042461
-243.660308685,41.3407515513,177.932088958
-244.142651714,41.3583815497,177.881367462
-244.624978946,41.3764385388,177.830645961
-245.106634488,41.3946204136,177.845723459
-245.614279493,41.4137267916,177.84339646
-246.104709898,41.4322024774,177.841705958
-246.612353563,41.4513444508,177.839378958
-247.119013572,41.4700329421,177.935750461
-247.957011966,41.4963710014,178.463853458
-248.495650713,41.5091305638,178.822147957
-249.034028004,41.5183611844,179.21334196
-249.589017229,41.523771008,179.669698457
-250.152811561,41.5248584081,180.10928696
-250.71659764,41.5216202382,180.548875459
-251.280006637,41.5138994064,181.02136346
-251.852112315,41.5014237732,181.47708346
-252.423762414,41.4842439597,181.965702959
-252.986808256,41.4625947589,182.438190956
-253.549656425,41.4363032054,182.91067896
-254.112268647,41.4053710872,183.383166958
-254.682687774,41.3690442866,183.904685958
-255.269933437,41.326278996,184.425568458
-255.848700644,41.2790872392,184.897419956
-256.426712486,41.2269946685,185.402170959
-257.012988559,41.1690328626,185.890153957
-257.607138648,41.1050937757,186.394268456
-258.234572319,41.0318075559,186.930009457
-258.8274642,40.9570964188,187.43412396
-259.411316486,40.8783835638,187.922106958
-259.994123039,40.7945810522,188.442989458
-260.593171894,40.7028803914,188.963235455
-261.20800942,40.6028635119,189.515744457
-261.796927102,40.5014805575,190.019858956
-262.384929983,40.3949200273,190.523973455
-262.980253928,40.2815271584,191.044219458
-263.557631203,40.1661069513,191.565101955
-264.142185112,40.043629376,192.102115956
-264.70910005,39.9194570129,192.606866955
-265.258104353,39.7941259881,193.112254455
-265.797782307,39.6659856677,193.601510456
-266.328163921,39.5353376886,194.074634954
-266.85744863,39.4003145444,194.547759455
-267.376729309,39.263025897,195.070551455
-267.902498005,39.1186348043,195.642374457
-268.443730087,38.9643431525,196.180661455
-268.975045359,38.8073820491,196.735716453
-269.504815159,38.6452812544,197.290771455
-270.032623789,38.4780051138,197.878725955
-270.558688111,38.3053216407,198.466680455
-271.107235896,38.1189182214,199.070129953
-271.663584068,37.9241132421,199.525213453
-272.237935848,37.7195461933,199.683564952
-272.853948818,37.4991281192,199.692277456
-273.462759162,37.2816737551,199.619059454
-274.047687331,37.0736811579,199.530346454
-274.665418219,36.855108874,199.440360454
-275.250618742,36.6488842545,199.384546953
-275.802772564,36.4545466038,199.395805454
-276.355258367,36.2601483651,199.374164454
-276.891564768,36.0716672964,199.353159954
-277.41962897,35.8862135625,199.348923455
-277.964330653,35.6951411078,199.311150954
-278.48458503,35.5129407589,199.290782954
-278.988277997,35.3365759754,199.303950956
-279.492295619,35.160129924,199.284219453
-280.004321766,34.9809972745,199.280619457
-280.516359168,34.8018967969,199.277019454
-281.020824859,34.6257225366,199.224388453
-281.500504483,34.4584623688,199.222061453
-281.980553609,34.2912497858,199.186834956
-282.452388554,34.127146228,199.168376456
-282.932594147,33.9603835142,199.133149955
-283.412539509,33.7938874057,199.130822956
-283.909131773,33.6218017758,199.094959955
-284.540631389,33.4015121565,199.366231953
-285.04874043,33.2212925332,199.691626953
-285.58711573,33.0263711154,200.114447455
-286.155973974,32.8154735939,200.568894455
-286.739246631,32.5939580235,201.022704952
-287.304316427,32.3740284223,201.510051454
-287.851494569,32.1556817214,201.998034452
-288.39679325,31.9326827283,202.486017454
-288.932414177,31.7083865747,202.957868952
-289.44996448,31.4864512824,203.463256451
-289.973980445,31.256521252,203.918976454
-290.503452327,31.0188852893,204.423727451
-291.00751349,30.7873802604,204.912983455
-291.493986127,30.5588997577,205.402875951
-292.02358294,30.3038778119,206.022456952
-292.505540362,30.0660206931,206.512349454
-292.993322101,29.820170075,206.985473952
-293.463371617,29.5781948672,207.492134454
-293.931263021,29.3320725771,207.998794953
-294.412135161,29.0736711114,208.50481895
-294.912803897,28.7986306149,209.059237451
-295.396138056,28.5271707467,209.581392951
-295.906865228,28.2341791151,210.102275454
-296.693153432,27.7706286017,210.940059451
-297.197162775,27.4655814167,211.428042452
-297.698555812,27.1562527441,211.916025451
-298.21113104,26.8335593645,212.469170953
-298.713881885,26.5105359541,212.973285452
-299.22078995,26.1784023093,213.493531452
-299.724661382,25.8416796931,214.013777452
-300.22508107,25.5004400119,214.56692295
-300.729065666,25.1494885417,215.136199953
-301.229538476,24.7935470066,215.705476952
-301.73360756,24.4275648817,216.25798595
-302.234498571,24.0566842854,216.77759545
-302.732005551,23.6812764759,217.29720495
-303.226087584,23.3013723265,217.81681445
-303.723672418,22.9116612496,218.31965595
-304.184326027,22.5444045883,218.807638951
-304.655214609,22.1623877758,219.29498545
-305.109550075,21.7873431291,219.782968452
-305.573500471,21.397447537,220.303214448
-306.027529702,21.0089118313,220.807328951
-306.491481572,20.6049983523,221.277907449
-306.938835812,20.2087954732,221.782021951
-307.382686807,19.808671953,222.286136447
-307.879186707,19.3524704314,222.869635447
-308.308895566,18.9499326847,223.39051795
-308.734927201,18.5435050937,223.911400447
-309.138885871,18.1511647008,224.416787947
-309.539368162,17.7552764284,224.922175446
-309.93599319,17.355993739,225.460462447
-310.323009542,16.9591049489,225.982617947
-310.717959478,16.5463931769,226.537036448
-311.120337325,16.1174487798,227.123717948
-311.512646832,15.6906809756,227.694267947
-311.905582382,15.2539675843,228.346748447
-312.28834817,14.8190638517,228.950197948
-312.671962794,14.3737001822,229.569778949
-313.045016565,13.930873587,230.206127949
-313.418777389,13.4772087084,230.825708947
-313.782035507,13.0263117699,231.462057946
-314.151264426,12.5577206655,232.064870947
-314.515203653,12.0854305463,232.700583449
-314.884587021,11.5952125025,233.302759947
-315.233628871,11.1218511027,233.889441447
-315.587888958,10.6309741132,234.475486446
-315.931973486,10.143620591,235.078299447
-316.266509647,9.65949329485,235.632081446
-316.596024204,9.17233686709,236.218762946
-316.928070441,8.67309428295,236.525480445
-317.282961166,8.13512823671,236.649659446
-317.652420097,7.57402096591,236.624835949
-318.01332038,7.02710572541,236.534849946
-318.370830815,6.48767562939,236.395832944
-318.720094869,5.96344835036,236.257452445
-319.045839729,5.47630155871,236.202911946
-319.381310537,4.97533686579,236.180634446
-319.726569407,4.46019501798,236.157720446
-320.072367836,3.94501379544,236.101906945
-320.394140426,3.46617522389,236.097033945
-320.711308535,2.99441886739,236.076029445
-321.033297358,2.51572567248,236.071156446
-321.345708715,2.05135078844,236.066919947
-321.644195808,1.60814828507,236.014288946
-321.942776385,1.16541065142,235.994557445
-322.241509413,0.722775871819,235.974825946
-322.539767953,0.280625029771,236.020893445
-322.83332562,-0.154910331165,236.017929946
-323.117582121,-0.576342951229,235.982703449
-323.402097675,-0.997600726917,235.947476948
-323.696524797,-1.4329511744,235.911613944
-323.981562805,-1.85385561304,235.876387446
-324.276529861,-2.28884041762,235.840524445
-324.561782,-2.70919707795,235.838197446
-324.852044008,-3.13676439051,235.819102446
-325.128076837,-3.5429619284,235.784512446
-325.414047852,-3.96323302218,235.749285945
-325.695273212,-4.37611374385,235.730827445
-325.981637886,-4.79611670268,235.695600947
-326.263249983,-5.20873374062,235.677142447
-326.544994994,-5.62126003255,235.658683947
-326.831888285,-6.04090208624,235.623457446
-327.114326341,-6.45335815688,235.572099445
-327.40185346,-6.87256618146,235.536872947
-327.684607559,-7.28440147967,235.518414447
-327.967801314,-7.6963390507,235.467056446
-328.241590484,-8.09383761216,235.416334947
-328.535304136,-8.51944621593,235.364340446
-328.819297094,-8.93042820207,235.345881946
-329.098369882,-9.33413813986,235.344191447
-329.382507351,-9.74502022981,235.325732947
-329.662027639,-10.1488258406,235.291142946
-329.94685317,-10.5596368486,235.239784947
-330.226978882,-10.9630227036,235.205194947
-330.512112292,-11.3732142829,235.186736447
-330.802452418,-11.790478975,235.151509949
-331.092118829,-12.2069943788,235.214981947
-331.514455718,-12.8201140849,235.664336947
-331.859663893,-13.3296620843,236.102015946
-332.200637709,-13.8416526072,236.572594447
-332.499977158,-14.2989641783,237.012819446
-332.800614277,-14.7659009029,237.436276445
-333.092715505,-15.2274747596,237.909400946
-333.390089186,-15.7060750122,238.381888944
-333.678864757,-16.1796580629,238.871144945
-333.968163329,-16.6631822524,239.343632946
-334.253156449,-17.1488699214,239.849020446
-334.537994839,-17.6444147826,240.370539446
-334.82676193,-18.1575423557,240.891421946
-335.09853229,-18.6507506904,241.396809445
-335.365941704,-19.1463370055,241.902196944
-335.632843333,-19.6517686409,242.423715944
-335.898936783,-20.167150627,242.961366445
-336.156153242,-20.6772056733,243.515784944
-336.41237567,-21.1975655326,244.053435444
-336.660116617,-21.7126597384,244.574954444
-336.903158862,-22.2299875674,245.096473441
-337.145220277,-22.7574509275,245.601224444
-337.379243978,-23.2792860437,246.089843942
-337.622644344,-23.8346500373,246.577190444
-337.863647412,-24.3939644372,246.801340943
-338.097139755,-24.9395707513,246.861630443
-338.334454978,-25.4941784725,246.806453445
-338.559277737,-26.0173820603,246.686750444
-338.789038488,-26.5483803409,246.517379946
-339.020367903,-27.0786971145,246.348009446
-339.242160599,-27.5840730275,246.261842443
-339.468046886,-28.0968758987,246.191806943
-339.694278049,-28.6091624397,246.154670946
-339.920559417,-29.1210624622,246.150434443
-340.142975335,-29.6247075008,246.195865443
-340.358317305,-30.1130096432,246.209033445
-340.576883617,-30.6091211065,246.238332944
-340.802417279,-31.1213509926,246.234096445
-341.017707962,-31.6100399446,246.214364945
-341.236504966,-32.1064139498,246.210764942
-341.45561018,-32.6030162632,246.174265445
-341.671411058,-33.091480132,246.154533945
-341.887105218,-33.5796268045,246.167701943
-342.099615514,-34.0603103994,246.131838942
-342.308802422,-34.5328637604,246.112743946
-342.518146807,-35.0053473794,246.093648942
