w,-0.00523598775598 0.00523598775598 7398.99128
w,-0.00523598775598 0.00523598775598 7398.992378
w,-0.00523598775598 0.00523598775598 7398.993385
w,-0.00523598775598 0.00523598775598 7398.994209
w,-0.00523598775598 0.00523598775598 7398.995034
w,-0.00523598775598 0.00523598775598 7398.995919
w,-0.00523598775598 0.00523598775598 7398.996743
w,2.15722695546 2.06297917586 7399.467092
w,5.67581072749 5.56585498461 7399.975104
w,9.28864227911 9.11585468317 7400.474203
w,12.9433617328 12.7810461124 7400.990303
w,16.587609211 16.4305295783 7401.490349
w,20.1899687871 19.9962372401 7401.990425
w,23.7975643509 23.6352487305 7402.490501
w,27.4156318903 27.2899681842 7402.989601
w,31.070351344 30.8661478215 7403.497704
w,34.761722712 34.609879067 7404.00187
w,38.4373861167 38.2645985207 7404.505792
w,42.0921055703 41.8564861213 7405.005899
a,45.8672527424 45.6997011342 7405.504968 -0.0396980499909
w,47.7469723468 52.3389336088 7406.013071
a,51.8519867475 56.8942429565 7406.517146 0.185001949958
w,53.8102461682 62.9627527657 7407.021189
a,57.9466764955 67.3138585909 7407.516321 -0.0519480499881
a,60.124847402 73.9530910655 7408.028392 0.678501949845
a,62.1040507737 80.6760993442 7408.50448 0.772126949824
w,63.8319267332 87.6399630596 7409.024547
w,67.6856137216 91.6193137542 7409.528621
w,71.3560411385 95.2845051834 7410.035809
w,74.9322207759 98.8606848207 7410.535793
w,78.4822204744 102.436864458 7411.035961
w,82.1002880138 106.091583912 7411.544003
w,85.6345797491 109.625875647 7412.039044
w,89.2578832762 113.202055284 7412.547117
w,92.8654788401 116.820122824 7413.043195
w,96.4573664407 120.396302461 7413.551237
w,100.07543398 124.003898025 7414.051405
w,103.819165226 127.737157295 7414.55435
a,107.68332419 131.653676136 7415.07051 -0.00679804999845
w,109.772483304 137.847849652 7415.578675
w,113.814665852 141.95810004 7416.078629
a,117.537453146 145.780371102 7416.582764 0.0632019499856
a,119.69991609 152.126388262 7417.082871 0.637201949855
a,121.893794959 158.912228394 7417.585786 0.591701949865
w,123.810166478 165.190177714 7418.093889
w,127.88900094 169.441799771 7418.598055
a,131.842171696 173.442094417 7419.110126 0.208276949952
w,133.926094823 179.447772373 7419.622227
w,137.800725762 183.348583251 7420.12618
w,141.413557314 187.008538693 7420.62238
w,145.099692694 190.668494134 7421.13851
w,148.686344307 194.202785869 7421.646491
a,152.419603577 198.025056931 7422.149528 0.00667694999848
a,154.718202202 204.617165516 7422.653663 0.677101949845
w,156.346594394 211.088846382 7423.165826
w,160.310237125 215.261928624 7423.666024
w,164.022552444 218.989951906 7424.165978
a,167.844823506 222.833166919 7424.670053 0.0341519499922
a,169.829262865 229.063992349 7425.149131 0.710876949838
a,172.148805441 236.472915023 7425.673227 0.680601949845
w,174.489291968 242.651380576 7426.177301
w,178.646666246 246.971070474 7426.685374
w,182.442757369 250.76192561 7427.189509
w,186.186488615 254.479476916 7427.696575
w,189.982579738 258.29651199 7428.208798
w,193.584939314 261.872691628 7428.700695
w,197.203006854 265.495995155 7429.204739
w,200.868198283 269.155950596 7429.708936
w,204.365838104 272.627410479 7430.212064
w,207.832061998 276.140758263 7430.716047
w,211.429185587 279.737881851 7431.220091
w,214.71214991 282.999902223 7431.695323
w,218.167901829 286.497542044 7432.179254
w,221.309494482 289.628662722 7432.613315
w,224.890910107 293.168190445 7433.112415
w,228.440909806 296.739134095 7433.612491
w,232.053741357 300.336257683 7434.104541
w,235.467605374 303.734413737 7434.579621
