-0.00685934999841
-0.0951874311432
-0.185037284205
-0.227611021413
-0.29187392917
-0.322430230411
-0.325376113774
-0.311679799524
-0.28364653049
-0.288042931769
-0.285747185009
-0.335316348581
-0.389862548644
-0.460231730068
-0.511946410674
-0.508505807914
-0.522465519157
-0.518812972208
-0.53503514896
-0.533708281726
-0.550985222903
-0.567182616535
-0.547379539165
-0.564869861299
-0.583020481332
-0.619261237995
-0.654942359267
-0.709239252384
-0.763521747039
-0.781113473765
-0.780883958229
-0.834856928027
-0.871272828724
-0.92550623707
-0.980598607162
-1.01693248394
-1.01664652209
-1.01552665503
-1.03381015459
-1.05224422079
-1.08862257637
-1.14366605249
-1.19867129618
-1.25359621964
-1.30778250209
-1.36267023534
-1.38036908909
-1.41660459114
-1.47158317056
-1.49006602867
-1.56323143803
-1.5996060276
-1.63590779191
-1.69087152867
-1.76444902464
-1.80081216003
-1.83780973111
-1.87408022721
-1.90965872752
-1.94596642091
-1.98227985611
-2.03720920429
-2.0728531605
-2.07261055942
-2.12750404481
-2.14596649107
-2.20083668746
-2.21925827085
-2.2555522161
-2.27466905288
-2.29303626358
-2.34795899461
-2.3843096581
-2.4027126882
-2.43900849001
-2.49394006227
-2.51234048901
-2.51208392979
-2.548360932
-2.54885732701
-2.5851481175
-2.62147342394
-2.62125584524
-2.67616830284
-2.67594630419
-2.71292912147
-2.73134403398
-2.74901613082
-2.74877153504
-2.74780787584
-2.78410650924
-2.82043882108
-2.81951867625
-2.87372545221
-2.89142359977
-2.89117687092
-2.90955396716
-2.92723466817
-2.96354195873
-2.98099248377
-2.99866593345
-3.05289709503
-3.08922347215
-3.12552589756
-3.12529364312
-3.16158905065
-3.21583030543
-3.28869806018
-3.30709913165
-3.2710096616
-3.0521531614
-2.685612446
-2.28181169638
-1.89737897758
-1.53228918799
-1.18512060451
-0.874514358651
-0.600476327841
-0.30851708127
-2.81629579872e-05
0.272631818006
0.509426136911
0.710358388933
1.00230830404
1.2756584877
1.5310739846
1.7872069243
2.06125456461
2.2435759959
2.20515720011
2.11149232491
1.96266162588
1.7959313489
1.68368575724
1.60940334207
1.53582899342
1.4988134828
1.4610960912
1.44200143217
1.34910371023
1.27481458542
1.21986970939
1.14628815282
1.07271180436
1.03523299322
1.01755695728
0.999170228998
0.943523441667
0.869946630807
0.85155044779
0.814786841958
0.796395794471
0.796636126458
0.777548490824
0.741235628568
0.705869075807
0.706111632156
0.669807855488
0.63349210764
0.596471141142
0.541529551711
0.505216167832
0.524088245953
0.542263104301
0.542510542013
0.524829103931
0.507143050066
0.489460276128
0.471073240684
0.471315002559
0.434300023818
0.398694766608
0.38101598542
0.344705597082
0.326310835926
0.289294382841
0.271610612429
0.216670863122
0.161729398069
0.161968021548
0.107030857135
0.0886382717926
0.051622963034
-0.00331975541013
-0.0575559756045
-0.0938701185161
-0.148810128673
-0.185123398661
-0.185588796618
-0.22306435971
-0.25867107194
-0.294985192878
-0.313375059539
-0.386237271898
-0.422552859542
-0.440938943794
-0.495880431836
-0.568749186269
-0.587139831752
-0.623446549512
-0.641836128938
-0.715404791139
-0.733799038115
-0.771522364827
-0.771988560008
-0.771741861589
-0.808758643141
-0.845073155062
-0.882092398406
-0.91840436652
-0.954717020399
-0.991736523425
-1.04597052576
-1.1374687517
-1.19241446247
-1.21080089077
-1.21055664206
-1.22893985202
-1.26595800145
-1.28434898751
-1.31995362693
-1.35626626554
-1.37465369583
-1.41071987638
-1.42910915711
-1.44654519106
-1.48285661266
-1.4826149978
-1.50100060469
-1.57386753414
-1.61018309245
-1.62857029292
-1.64695693441
-1.66463679471
-1.64646926888
-1.6469294159
-1.62876380669
-1.64644389359
-1.68275655712
-1.68251562092
-1.73674978229
-1.77377159038
-1.7921590191
-1.82846909566
-1.8647806995
-1.90155573551
-1.883389884
-1.93832839998
-1.95671980123
-2.01166072723
-2.06660769507
-2.10291923594
-2.10550315229
-2.14181148885
-2.17812514189
-2.26962247752
-2.343199869
-2.39814437807
-2.43374834213
-2.45284035639
-2.45305822167
-2.50799857028
-2.56365310194
-2.63722870602
-2.67424914442
-2.71055862192
-2.76620723966
-2.78459582822
-2.82019762683
-2.83858742597
-2.89423699852
-2.93125781706
-3.00412237333
-3.0043450804
-3.02343711057
-3.06045557574
-3.09747592596
-3.13449564097
-3.13425284892
-3.15263815839
-3.18894898506
-3.22526234684
-3.2981291132
-3.38892117567
-3.44315898333
-3.46154566722
-3.51648562232
-3.51529307534
-3.51504683694
-3.55135799033
-3.56904133604
-3.60535282049
-3.64166480552
-3.65934503409
-3.71450617649
-3.73218868039
-3.8055176704
-3.8611698659
-3.89748195457
-3.89723932924
-3.8969945919
-3.91538027918
-3.89721353658
-3.89743341447
-3.93374506768
-3.93350402235
-3.98844558993
-4.02475891018
-4.06531339525
-4.10162579027
-4.13793705097
-4.21080239346
-4.21056115144
-4.24757742179
-4.26596660526
-4.2657233301
-4.28411001339
-4.33834529594
-4.39328931289
-4.42935784379
-4.44774544875
-4.50198082055
-4.57484810163
-4.62979154379
-4.72128920819
-4.81278778167
-4.7771618983
-4.79554462473
-4.85048668786
-4.86887672289
-4.94245028547
-5.03465657602
-5.08960078852
-5.12661930739
-5.18131669726
-5.18107313737
-5.2180909285
-5.27303502897
-5.2907163898
-5.32702699829
-5.34541560192
-5.38243347268
-5.38148328997
-5.39987054578
-5.45481364135
-5.47320285337
-5.5281440194
-5.56445614554
-5.60147524593
-5.63707977235
-5.65405318773
-5.74484239344
-5.79978761805
-5.83609936556
-5.8724098337
-5.85424259602
-5.87192164424
-5.90799023356
-5.94430229394
-5.96198367993
-5.99900234343
-5.9992238225
-6.03553328007
-6.07255248387
-6.12749574292
-6.18243969857
-6.18219757022
-6.1819517961
-6.20033825533
-6.20080309452
-6.21848360731
-6.21824105589
-6.23638494839
-6.23614203763
-6.2538217906
-6.29013390428
-6.32644625549
-6.36275814481
-6.39906972993
-6.41675033434
-6.48866520148
-6.50634743534
-6.54336579425
-6.56246103082
-6.58014056162
-6.59782090166
-6.59757793314
-6.61596499396
-6.63435301033
-6.68858883428
-6.74353293763
-6.77984506098
-6.85271098174
-6.92557814576
-6.96188947803
-6.98027619263
-7.01729495796
-7.0363908819
-7.07199476231
-7.12693754437
-7.18258806308
-7.20168329588
-7.25662517635
-7.32949236795
-7.36651176824
-7.40282286703
-7.4577653306
-7.47615388999
-7.4759102589
-7.51197722656
-7.52965820506
-7.65770983034
-7.98575463337
-8.38762094682
-8.88193329689
-9.3403980117
-9.76089157295
-10.2179384072
-10.674984663
-11.076138037
-11.4959225331
-11.8067516596
-11.8989572007
-11.8822014382
-11.7916279417
-11.6645010073
-11.6291161106
-11.6288737453
-11.6486767383
-11.6864040103
-11.7599785553
-11.8342603429
-11.8712793928
-11.8710356152
-11.8535747053
-11.891299295
-12.0924608386
-12.4025841128
-12.7499709155
-13.152541256
-13.5364800112
-13.9017861716
-14.2677987941
-14.6703660138
-15.0535967077
-15.4375343624
-15.8207647274
-16.241256671
-16.6617497109
-17.0270573382
-17.4482566235
-17.8694569979
-18.2720261615
-18.6925190418
-19.0950880039
-19.5342109928
-19.9740421401
-20.413873248
-20.7992267593
-21.2211334514
-21.6609645346
-22.0283939637
-22.1578630069
-22.3797738115
-22.6382434921
-22.9139317017
-23.2261751083
-23.5570489348
-23.8141063352
-24.1256406004
-24.4737300829
-24.8225267366
-25.1706167027
-25.537337695
-25.8854280381
-26.2155943722
-26.5823148791
-26.929697956
-27.2784947759
-27.6265844013
-27.9933053472
-28.2682864099
-28.3977539375
-28.6920692166
-28.9863893288
-29.3366016547
-29.6674764244
-30.0162734525
-30.4023323263
-30.7504228542
-31.1350675611
-31.5376362576
-31.9409116052
-32.3255563887
-32.7109085471
-33.0955536215
-33.4615682189
-33.8827680877
-34.2480754315
-34.6685671136
-35.1076913574
-35.4557816716
-35.7859466299
-36.1720051656
-36.5401416057
-36.8889399678
-37.2749993959
-37.6789825961
-38.0464115389
-38.4511015898
-38.8185304811
-39.1852515477
-39.5533867786
-39.9028909789
-40.2703191427
-40.619116591
-40.9865443834
-41.4084510673
-41.7751726607
-42.1605244455
-42.5272464133
-42.7298249849
-42.7496264407
-42.733577837
-42.6437140328
-42.6090365365
-42.5736534669
-42.556900413
-42.5946260293
-42.6137220152
-42.6693724971
-42.7063920251
-42.7613342687
-42.7617985415
-42.7808927736
-42.7999878036
-42.8004518913
-42.8188392265
-42.8185959675
-42.8183526996
-42.8560789205
-42.9110220212
-42.9659648365
-43.0029839098
-43.003447852
-43.0024965813
-43.0029605175
-43.058367083
-43.0760481191
-43.0944355417
-43.1128235657
-43.1670591456
-43.2033713181
-43.2403899608
-43.2580703884
-43.3123054883
-43.3486175339
-43.3670054563
-43.3667621072
-43.4386774941
-43.5115449091
-43.5657807215
-43.6200160976
-43.656327927
-43.6919320519
-43.7275361993
-43.7638479499
-43.856760144
-43.9109966654
-43.983862734
-43.9656956591
-43.9652081274
-44.0194436491
-44.0743870741
-44.1479609611
-44.2029040357
-44.2578466508
-44.3134966038
-44.3684394679
-44.4226748785
-44.478081163
-44.4964692061
-44.5693355845
-44.5877239637
-44.5874803552
-44.6237914836
-44.6421793482
-44.6791983229
-44.7155104503
-44.7331910501
-44.7702095099
-44.7878900218
-44.8421253735
-44.8605138118
-44.9147489986
-44.9862016964
-45.0404374466
-45.0588247616
-45.0585809762
-45.0583376813
-45.0939419014
-45.0929917926
-45.1293032825
-45.1649080639
-45.2012198182
-45.2189003763
-45.2186568111
-45.2177062259
-45.217462774
-45.2907929222
-45.3636604139
-45.3999722902
-45.4176525939
-45.3987781992
-45.3985344671
-45.3803671208
-45.4350661432
-45.4527477114
-45.4711351531
-45.5074464925
-45.5437586038
-45.5987014467
-45.6350131942
-45.6713248294
-45.6904197036
-45.708100009
-45.762335544
-45.8344952327
-45.8528834358
-45.8533470091
-45.8896582609
-45.9259702027
-45.9622818257
-45.9799623867
-46.0155666542
-46.0518784778
-46.1061140355
-46.1610570199
-46.2332166897
-46.2874525674
-46.3603187887
-46.4145543136
-46.4508659186
-46.4513297275
-46.4697170871
-46.4881048596
-46.5244166086
-46.560728636
-46.6156712973
-46.670614371
-46.7434809196
-46.7618687733
-46.7988872308
-46.8717538296
-46.908773235
-46.9637158612
-46.9634726618
-46.9818599315
-47.018171546
-47.036559492
-47.0549473574
-47.0912590369
-47.1282780643
-47.1466657651
-47.2199958428
-47.256308103
-47.2926196802
-47.3468552186
-47.4010908565
-47.4553263577
-47.4737143914
-47.4913946558
-47.4911511305
-47.4909075964
-47.4720333009
-47.5083448066
-47.5632878885
-47.5630448865
-47.5993562314
-47.6170370124
-47.6175006131
-47.6172570204
-47.6535687178
-47.7271428884
-47.7820859616
-47.7818428647
-47.8002300966
-47.8179106234
-47.817667373
-47.7995000226
-47.7806253942
-47.7990129412
-47.8544199472
-47.8900250069
-47.9449675068
-47.9633552197
-47.9996666677
-48.0359785028
-48.0722902644
-48.1086020372
-48.1821756289
-48.1998564897
-48.2547989538
-48.2731870147
-48.272943451
-48.3092548105
-48.3090117441
-48.3460305092
-48.4009733834
-48.4372852644
-48.4915209349
-48.5278325973
-48.5999917265
-48.6542275526
-48.7084630813
-48.763405906
-48.8176414743
-48.8720973866
-48.9633516015
-49.0003711138
-49.0732375
-49.1102565169
-49.1279368603
-49.1691987142
-49.2241415885
-49.2604537211
-49.296765241
-49.3337839323
-49.3700955605
-49.388483515
-49.4434262043
-49.7176982296
-50.1568227109
-50.615286581
-51.0544115977
-51.5121667551
-51.9692143494
-52.3524447635
-52.7543058974
-53.1382434888
-53.5042572801
-53.8881949281
-54.0155412453
-54.0160043546
-53.9247259411
-53.8348619333
-53.7457064508
-53.7282465368
-53.7659729204
-53.8029922373
-53.8213804427
-53.8583991718
-53.8588629277
-53.859326544
-53.859790566
-53.8602544647
-53.8984442558
-53.9347561249
-53.9158819774
-53.9536077625
-53.9906268554
-54.0269385064
-54.0644211789
-54.1007328172
-54.1004897021
-54.1375083524
-54.1566035594
-54.1929150673
-54.2289833514
-54.2652950361
-54.2843901743
-54.3393327368
-54.3756447285
-54.4569978288
-54.4760930996
-54.4944806767
-54.5494233346
-54.5857352166
-54.640677875
-54.6956207538
-54.7319325032
-54.7682440903
-54.8045557433
-54.8594984703
-54.913734072
-54.9500458096
-55.0049884037
-55.0405929648
-55.0776118513
-55.0952923841
-55.0771250708
-55.1127292456
-55.1676722429
-55.2405389624
-55.2768509791
-55.3131625298
-55.3315501037
-55.3305994222
-55.348279829
-55.3845914914
-55.4216106186
-55.4765535215
-55.5128653577
-55.5857317824
-55.6034125379
-55.6038762816
-55.6222638197
-55.6220205019
-55.6404083047
-55.640165252
-55.6585528598
-55.7125449004
-55.7302257411
-55.7842178144
-55.85779179
-55.9127347605
-55.9676774037
-55.9674341237
-55.9492668113
-56.0032588276
-56.0395707595
-56.0572513237
-56.0570078987
-56.0574716232
-56.075152206
-56.0935401024
-56.1112205852
-56.1661633155
-56.2203990593
-56.2574181056
-56.2937297431
-56.3121174262
-56.3488926828
-56.3486494845
-56.3856683614
-56.404056304
-56.4403678381
-56.4401245847
-56.4764359166
-56.4948239458
-56.5674472818
-56.6037593096
-56.5304060546
-56.2922014039
-55.9443313042
-55.7240498086
-55.7252209778
-55.8367652762
-56.0214190268
-56.1688104579
-56.2975705006
-56.4076994848
-56.4626423135
-56.5175847702
-56.5538963067
-56.6444432749
-56.6807552625
-56.6984356106
-56.6981922066
-56.6986560502
-56.7163364941
-56.7889597876
-56.8618267586
-56.916769589
-56.971005181
-57.0259480499
-57.0629667852
-57.0992783317
-57.1355901341
-57.1530273328
-57.207969844
-57.2442817218
-57.2626696249
-57.2989812061
-57.3173690516
-57.3536807482
-57.372068622
-57.409087281
-57.4088439341
-57.4265243217
-57.4262811577
-57.4625927341
-57.5347523158
-57.6255430058
-57.6804859158
-57.698873661
-57.71655411
-57.7167744952
-57.7165310539
-57.479034577
-57.0946095752
-56.6557054548
-56.2354327237
-55.8703463466
-55.5045531953
-55.175314978
-54.8095219501
-54.4623596765
-54.0793498904
-53.9335930336
-53.9899504467
-54.1014947671
-54.2675175523
-54.4335399553
-54.5257450461
-54.5627637857
-54.5997824696
-54.6554323185
-54.6558963399
-54.6922077318
-54.7105954856
-54.7110593358
-54.7294471823
-54.7657589658
-54.8207017864
-54.8756446736
-54.9312946413
-54.9676063335
-55.0046251295
-55.0237201222
-54.9145193063
-54.6583906973
-54.3277372533
-53.9426053201
-53.5588878669
-53.1751706221
-52.8273012115
-52.4622153148
-52.2426417341
-52.2431057446
-52.3546497506
-52.503455924
-52.6701855699
-52.8376220531
-52.9312414081
-52.9696745744
-52.9880622881
-53.0437121532
-53.0448834482
-53.082609476
-53.1203357035
-53.1766928159
-53.2328067329
-52.8681852957
-52.4472046018
-52.0262247534
-51.5880285879
-51.1870944404
-50.8033770786
-50.4382910127
-50.0732051791
-49.7267502006
-49.3437403284
-49.0152090579
-48.7046019714
-48.4850285575
-48.5041233767
-48.5977436763
-48.7637664365
-48.9304960577
-49.0606703115
-49.1740917669
-49.2122818232
-49.212745623
-49.2129660659
-49.2499848247
-49.269080081
-49.2867607772
-49.3244867833
-49.342874512
-49.4157410141
-49.452052951
-49.4704407344
-49.4709045802
-49.4892922957
-49.5442350123
-49.5439918106
-49.5989344022
-49.6359534132
-49.6357101071
-49.6906527814
-49.7455957127
-49.8005384567
-49.8547739036
-49.8724545982
-49.9453211358
-49.9637090967
-49.9641728788
-49.9825605694
-50.0188722267
-50.0551838885
-50.0735717364
-50.1464383373
-50.1648263515
-50.2384000181
-50.2747118982
-50.3289473455
-50.3838901195
-50.402277906
-50.4385895146
-50.4928251136
-50.5477678856
-50.5847867949
-50.6218056817
-50.6581173776
-50.676505117
-50.6762617356
-50.6946494118
-50.7316683242
-50.7679800733
-50.7863679449
-50.8047557063
-50.8589911143
-50.8953028153
-50.9323216848
-50.9872644965
-51.0235762557
-51.0240401762
-51.1339254442
-51.1702375102
-51.2065489984
-51.2246933686
-51.206526121
-51.3154608608
-51.3517729732
-51.3701606607
-51.387841235
-51.442783924
-51.4798029389
-51.5347456432
-51.5903956605
-51.5543046966
-51.5540610338
-51.5729127135
-51.5905932992
-51.5903500615
-51.6452927744
-51.6636807305
-51.6820684342
-51.7183800873
-51.7546917476
-51.8096344276
-51.8466534935
-51.8291935952
-51.5916964443
-51.2438264469
-50.8042157006
-50.366019436
-49.9837164239
-49.7648499413
-49.801868789
-49.9127057741
-50.0780213853
-50.2985225077
-50.391434765
-50.3926057647
-50.4296245814
-50.5024912077
-50.5574340034
-50.5944529717
-50.631471809
-50.6684906308
-50.7055095506
-50.7425283927
-50.7795472299
-50.7800113423
-50.5618526695
-50.2505375023
-49.8668199361
-49.4465476106
-49.0449064943
-48.6074178046
-48.1706360804
-47.8062570513
-47.4598020958
-47.0767922188
-46.7124132904
-46.3480343996
-46.0746892049
-46.039305129
-46.0784463855
-46.2086212238
-46.3760579864
-46.5434945172
-46.6378211751
-46.7128094108
-46.7677523776
-46.8427407421
-46.8804668025
-46.8995616983
-46.717250928
-46.4424910878
-46.5712499571
-46.3405832186
-46.031389943
-45.6842271876
-45.3198481152
-44.9733930333
-44.6083070274
-44.2073732681
-43.8609182289
-43.53238721
-43.1673012741
-42.7663675411
-42.401988525
-42.0562406069
-41.7836027313
-41.5482274285
-41.2762970715
-41.0222902473
-40.7496525083
-40.4590908964
-40.1133431896
-39.7675952365
-39.4763261712
-39.1119475201
-38.7482758429
-38.4025279623
-38.0567801004
-37.7117395677
-37.3666990266
-37.0037346171
-36.6586939094
-36.3143606029
-35.9521035224
-35.5712151526
-35.1544790052
-34.992212893
-34.8665027037
-34.4129690926
-34.1596688666
-33.8698146376
-33.562036201
-33.2721816862
-33.0009583112
-32.7290277847
-32.4563900404
-32.1471973245
-31.8372972782
-31.5467355418
-31.2368355772
-30.9269356209
-30.6349595708
-30.2892119601
-29.9434641132
-29.6894572373
-29.6547803064
-29.7304763143
-29.8792823654
-30.0467192309
-30.2141558119
-30.2712203639
-30.3275774127
-30.3832273533
-30.4395844908
-30.4959417385
-30.4978201978
-30.4989911108
-30.5360098535
-30.5737360836
-30.6480172878
-30.7036674039
-30.7227623689
-30.7788760885
-30.8524499509
-30.9081000446
-30.9816739132
-31.0366167291
-31.0557117756
-31.0196206428
-30.8186784499
-30.5066564992
-30.1215245789
-29.7184689102
-29.3340443893
-28.9496199306
-28.5651955361
-28.1821856693
-27.7984685107
-27.4333823082
-27.0510795752
-26.6874078981
-26.30651963
-25.9263384747
-25.7103009401
-25.7673652146
-25.8796164475
-26.0456391167
-26.266140311
-26.4135315187
-26.487812522
-26.5441696165
-26.5646791043
-26.6210362311
-26.5670214304
-26.3116002744
-25.8913276358
-25.4345000871
-25.0328588132
-24.6312176881
-24.248207689
-23.847273917
-23.4642639005
-23.1185160808
-22.9741741834
-22.793277981
-22.5206404253
-22.2487097325
-21.9574407887
-21.7020195233
-21.4465984684
-21.1001436495
-20.8260911266
-20.4975601097
-20.1511051327
-19.80465016
-19.4940428676
-19.1655118273
-18.8376879466
-18.4919402039
-18.2006712015
-17.9094023726
-17.5995023811
-17.4358221739
-17.2921879117
-17.0575197947
-16.8228512783
-16.5860612468
-16.2954997893
-15.9870142255
-15.6771141351
-15.385845147
-15.0228808712
-14.6771330399
-14.3679401537
-13.968420813
-13.5861179285
-13.2403701731
-13.0594733572
-12.897208064
-12.6625400513
-12.4278715911
-12.173864751
-11.9012269748
-11.5920341827
-11.2642102415
-10.9363863977
-10.5899314419
-10.2248453436
-9.84183532299
-9.47674915657
-9.11166309953
-8.72865312616
-8.34564315323
-7.98055706835
-7.57891600854
-7.15935100624
-6.73907874592
-6.52162682203
-6.26903503015
-5.99781165943
-5.67140210539
-5.38154740414
-5.00065918996
-4.69217347104
-4.36505689521
-3.98346134423
-3.62049683456
-3.2754562314
-2.89315348008
-2.52948175589
-2.16510289254
-1.81935510196
-1.45426906245
-1.09059740603
-0.726925794896
-0.34603742065
-0.127878150503
-0.129049186336
-0.222669135328
-0.352844044147
-0.555421351078
-0.722150893137
-0.870956303181
-0.983427410182
-1.05770848102
-1.07680341357
-1.09589836216
-1.11428615358
-1.11475004803
-1.11521391197
-1.15294001985
-1.18995897183
-0.989017011606
-0.641854495343
-0.370630582052
-0.353170353987
-0.428159183987
-0.575550538578
-0.705017909804
-0.778591890265
-0.85216575103
-0.888477425293
-0.906865107953
-0.961807807194
-0.998119506278
-1.01721444551
-0.999754462674
-1.03606604184
-1.07237778939
-0.8535119203
-0.50564213013
-0.083955248526
0.31910045467
0.722156066566
0.867912535513
0.848110006579
0.754490079578
0.58776043081
0.438954782665
0.327411506385
0.289685365558
0.197480490765
0.15975430658
0.159290491122
0.140195541031
0.103176647596
0.0661577495301
0.0112149754213
-0.0265111823745
-0.0456061979332
-0.082625054498
-0.00997905441835
0.281997025185
0.665714605965
1.06806319775
1.47041161157
1.83620500556
2.20270543807
2.56779145566
2.95080136022
3.29725647728
3.60786387904
3.95502600516
4.32011198436
4.64864313504
5.01302192992
5.340845909
5.68659367162
5.90475275148
5.83047177718
5.73685170816
5.5887530895
5.40339251872
5.25458699217
5.12441261692
5.03220761586
4.97726483988
4.97680097911
4.95770613421
4.90300668619
4.86669489814
4.82967603883
4.77402606378
4.7190832427
4.69998824411
4.66367663954
4.64458160107
4.62690107998
4.60780606175
4.57103052761
4.55334999512
4.55359335172
4.55383666675
4.51706109552
4.44419439758
4.38925158293
4.35223269896
4.31592104805
4.29753322978
4.26005054958
4.26029385416
4.22327501121
4.18696331016
4.15065163012
4.13297106684
4.13321440041
4.0782716849
4.07851489719
4.02357223914
3.98726047724
3.93231773557
3.89600603164
3.89554211731
3.85852332749
3.82221163963
3.76656164423
3.72954269333
3.69323103325
3.65621215487
3.61919328136
3.54561940518
3.4906765595
3.43502658885
3.41734600735
3.36240331249
3.34401545595
3.34355163381
3.28885231489
3.23390944031
3.19759765124
3.14336211715
3.08841935638
3.07003158874
3.01508890428
2.9601460893
2.92383437742
2.88681548092
2.85050380083
2.79675499912
2.77836720157
2.77861050683
2.74159165651
2.70527993666
2.65033714175
2.59539433872
2.57700658494
2.55932608422
2.541645514
2.48670275351
2.39520494502
2.35818596934
2.30324328933
2.30348656639
2.30372999013
2.30326613188
2.26695448552
2.32167654024
2.57780478884
2.96222952734
3.41834973194
3.63792339362
3.61882837238
3.52520852774
3.37781715681
3.19387095368
3.04577256209
2.93493650772
2.89791761767
2.87952991208
2.86043494445
2.84204721679
2.84158333981
2.84111946111
2.80410060493
2.74915774522
2.69375106092
2.74847319509
3.0046014946
3.24351353623
3.28101929878
3.26121675522
3.16759715879
3.05605379642
2.92729389999
2.85371990429
2.77943873954
2.72378872823
2.68676990855
2.63111996099
2.59410103584
2.55708216071
2.50213941199
2.42856555002
2.37362269914
2.3179726789
2.29887767484
2.3170449404
2.66445035317
2.6826183406
2.60833691212
2.46165281811
2.33289267127
2.27865698221
2.18645206733
2.05722828084
2.03954762375
2.0032360932
1.9657533133
1.94736550363
1.94760884435
1.92922110684
2.12945591349
2.51246602064
2.93273856229
3.37093489051
3.58980126733
3.58863007398
3.47708643511
3.3296949923
3.16367260413
2.9976503228
2.85025920706
2.74013037591
2.70381872346
2.68613828871
2.70359837947
2.73827506019
2.73876174032
2.73829781517
2.71991002544
2.68289109271
2.64657940341
2.60956052459
2.59117271264
2.55486108038
2.53647328674
2.53600942925
2.64521046129
2.91926272449
3.30368740729
3.7253742037
4.10979872575
4.54799478498
4.91378820525
5.29821260715
5.70056091638
6.13875687213
6.54039804827
6.90477701028
7.26915585174
7.63424190894
7.96206582665
8.32644466535
8.47220096062
8.41584363442
8.34014780664
8.20855879431
8.04112210905
7.89160940491
7.81662101454
7.76026374449
7.70461377665
7.66688771988
7.610530545
7.57280440452
7.55370939812
7.51598330547
7.49688826002
7.47779328817
7.42214334159
7.44031050192
7.42050835518
7.36485831579
7.3085010466
7.2721893373
7.21653940355
7.21536829141
7.21490443957
7.1413305924
7.10431159002
7.04866160632
6.91990169687
6.86425162693
6.80930885515
6.77299713031
6.75485272746
6.69991000878
6.6456743965
6.59073158107
6.55441992193
6.5174010835
6.49972051411
6.46411612292
6.42734055403
6.37239777788
6.31745496128
6.26251216097
6.24412436288
6.20781275833
6.20734887078
6.18896114028
6.18920441161
6.1887405247
6.17035277032
6.13287001299
6.13311331193
6.09680170327
6.04185887156
5.7489551352
5.32846216771
4.9251857238
4.48535448935
4.02759944336
3.56984444977
3.13001341569
2.65362746122
2.19445802484
1.77255076523
1.33271963437
0.911519573582
0.489612361762
0.0497812654451
-0.390757082528
-0.775402151097
-0.995903341991
-1.05155320281
-1.01616901411
-0.92559883697
-0.890214832106
-0.763089974788
-0.489037828769
-0.0866894477224
0.332875680067
0.752440758002
1.22648466239
1.70052862324
2.15664866913
2.5582898447
3.01511697795
3.45331309393
3.8735852433
4.29315020803
4.69408415608
5.05775585573
5.14691155393
5.07121582613
4.92241003084
4.79152817712
4.60616770715
4.45736214537
4.30926384113
4.21776595423
4.18145429263
4.47225916974
4.87390062186
5.33072804272
5.75100035758
6.17127258256
6.57291373848
6.92007599675
7.28586925234
7.6516625768
8.01674865732
8.21769096264
8.47240464579
8.76367346369
9.03701848296
9.3469184775
9.65681851847
9.98464239483
10.2945424243
10.640997386
11.060562338
11.4249413218
11.7900274163
12.2095923465
12.6105262531
13.011460149
13.4281962941
13.8104991254
14.1928018814
14.5571807757
14.8298185981
15.1562279028
15.4826373671
15.790415753
16.0989013587
16.4253108086
16.751720225
17.0967607368
17.4418013303
17.7689180351
18.1146657858
18.4417824792
18.7688991748
19.1139396941
19.4403490972
19.7846823743
20.110384612
20.4181629682
20.7266485519
21.0172102301
21.1249969604
21.1768901309
21.3750032437
21.5731167509
21.7898612887
22.007312988
22.2075479908
22.4808928696
22.7714545463
23.0627234864
23.3898401545
23.7169568484
24.0447807426
24.3912357478
24.7921696204
25.1744724524
25.5567752251
25.9018158096
26.2654874298
26.5940185894
26.7025125699
26.8819944458
27.0994461117
27.3355290102
27.6074595966
27.9510856671
28.2237235337
28.5329162655
28.8972951515
29.2803051515
29.6640223903
30.0291085172
30.4128256822
30.8144667677
31.2340317554
31.6170418066
31.9634968669
32.3823545852
32.728102416
32.964185228
33.0891885849
33.5764487591
33.8297486051
34.1203101612
34.4101646209
34.7724217543
35.1167551623
35.4603813114
35.7681597148
36.0759380333
36.3478685835
36.6742779168
36.9820562768
37.3256824074
37.6162441792
37.925436873
38.2167057754
38.5438223909
38.6716547523
38.7973651295
39.0506644134
39.2494851281
39.5034917862
39.7574984817
40.0115051584
40.2827284959
40.5919212469
40.9004068427
41.1916757467
41.5374234395
41.8286924187
42.1744401517
42.5194807011
42.8279662898
43.1737140576
43.5366784809
43.8810118434
44.1529424939
44.2965769617
44.5319522867
44.7852517613
45.0213346048
45.2753412427
45.5286406945
45.8005712357
46.1090567754
46.3996185435
46.6722563686
46.9814490723
47.272717953
47.5639868336
47.8552557322
48.1830795959
48.5109035201
48.8200963147
49.1285818531
49.4736223585
49.653811933
49.5967475509
49.4665728702
49.3363982028
49.1324065424
49.0208631659
48.9465821376
48.9088560112
48.8166510757
48.7789249252
48.7605371795
48.7407349885
48.7216400192
48.6846211123
48.6476021851
48.5733210874
48.5363021543
48.4985760732
48.4615571984
48.4424622194
48.406857784
48.4063938732
48.3872989355
48.3689111209
48.3139683176
48.2396871901
48.2026682783
48.1470183108
48.0720300101
48.108121058
48.3456182186
48.6762711616
49.0979579304
49.4830897088
49.848883072
50.2326002608
50.5976863636
50.889662514
51.1816385558
51.4729073742
51.4531052656
51.3236378577
51.1569082838
50.9715476497
50.8413731838
50.7298299327
50.6928110259
50.6185299555
50.5635871311
50.5079371909
50.4709183004
50.4525305085
50.4334355483
50.4329716754
50.5235416355
50.7975938166
51.2178660945
51.6195073862
52.0204413387
52.2751553434
52.2926153702
52.2362578956
52.0702355323
51.9221370922
51.7554077011
51.6252332677
51.569583232
51.5318571209
51.5858721068
52.3146296462
52.7886742203
53.2634252619
53.6836975504
54.0853386601
54.4676414249
54.8327275124
55.1612586175
55.3256459065
55.5072496265
55.7440395138
55.9442745392
56.1452167843
56.4006378881
56.6739828787
56.9473278969
57.2206729312
57.5305729137
57.8404729272
58.1682967965
58.4961206977
58.8239446011
59.1696923609
59.4982234781
59.8260473643
60.2083500932
60.5548051356
60.9378150884
61.3029012208
61.4658741044
61.3316996105
61.1821865677
61.0319665799
60.8253894387
60.8062943021
60.7140894331
60.6591466286
60.6221277421
60.5844016059
60.4719305787
60.3976494197
60.341535513
60.3045166178
60.2495738715
60.2311860687
60.230722191
60.1937033387
60.1566844126
60.1196655151
60.0640155289
60.0090727368
59.9906849382
59.9902210756
59.9890499881
59.9520311204
59.9150122086
59.8772860902
59.8768221678
59.859141651
59.803734997
59.7473777441
59.6945566192
59.6761688299
59.6577810801
59.6214694338
59.58540109
59.54908942
59.4941466553
59.4757588481
59.475294968
59.4576144322
59.420595576
59.4208389009
59.3658961352
59.3102460546
59.25530328
59.200360517
59.1640488444
59.1088855349
59.0718666172
59.0534788486
59.0343838891
59.0346272174
58.9796844483
58.9247416299
58.8877227331
58.8514110642
58.796468306
58.7601566541
58.7052138886
58.6689021507
58.5960355273
58.5590166256
58.5399216408
58.5036099925
58.4672983229
58.4123555534
58.3760438421
58.3017627398
58.2647438379
58.228432233
58.2473066334
58.4303249343
58.7237156262
59.0909234891
59.5126101771
59.9156657891
60.3187213346
60.6852218816
61.033091276
61.4361467543
61.8026473444
62.1870717576
62.5714961875
62.9731372776
63.356147301
63.5936446283
63.6283213387
63.5519184145
63.4024055102
63.2528926691
63.084748822
62.990422142
62.9512816294
62.9494033097
62.9303083313
62.854856133
62.7984988453
62.7607727286
62.7051227409
62.6867349348
62.6683471962
62.6492522184
62.6122333412
62.5938455157
62.5568266339
62.5384388679
62.5386822144
62.5202944528
62.4835189082
62.4472072001
62.3922644012
62.3193977469
62.2830860482
62.228850515
62.2104627408
62.174151105
62.1378394276
62.1015277565
62.0838471856
62.0661666689
62.0664100033
62.0300983568
62.030341663
61.9940300237
61.9584255344
61.9034827452
61.8492471808
61.8315666127
61.7945477427
61.7212172298
61.6856127661
61.6493010682
61.5757271947
61.5387082911
61.4837655204
61.4288227233
61.4290660611
61.3743666837
61.5753087571
61.8500683571
61.9234219467
61.9036196376
61.7927833977
61.6633160984
61.5718182618
61.4989515693
61.4440088237
61.4069899724
61.3878949814
61.332952221
61.2968838583
61.2784960888
61.2049222398
61.1499794223
61.1129605247
61.1311277214
61.2955149144
61.6426771832
61.8794674008
61.9514063337
61.8771251752
61.7662889457
61.6368216489
61.5273999212
61.4552404221
61.363035468
61.3253093745
61.3062144042
61.2694388721
61.2883133069
61.5444415836
61.8916039258
62.2753212366
62.6231907624
62.9889841058
63.336146334
63.5550124554
63.5179935788
63.4064500501
63.2590588157
63.0923293711
62.9628621513
62.8513188234
62.7784521554
62.7600643723
62.7223382984
62.7039505391
62.6313272443
62.5763844084
62.5400727239
62.6858287835
62.9605883377
63.3457200954
63.8032545852
64.1504169149
64.2044320043
64.130150706
64.018607166
63.8518776862
63.70307216
63.6280838404
63.5724338733
63.4809360796
63.5170270977
63.7545243367
64.08376282
64.4674801306
64.851197409
65.1997741137
65.584198506
66.0051778994
66.4261573407
66.8098745771
67.1756678818
67.266237979
67.1912495636
67.0603677766
66.8750071483
66.7254943324
66.5939054936
66.5368410556
66.4998221919
66.4434649731
66.4236627295
66.3654272329
66.3463322054
66.2906822257
66.217108316
66.1614582882
66.1244393902
66.0867133085
66.0485233244
65.9756566649
65.7006767267
65.3540010519
64.933508155
64.4950914096
64.0373364197
63.5616575398
63.085978649
62.6289308771
62.1346209222
61.6782803512
61.2212325843
60.7648920388
60.2712893155
59.797024854
59.3220531967
58.8284504312
58.3721098449
57.9516170669
57.8042258639
57.7837165429
57.8514122023
57.9219367419
58.0283089378
58.0629856242
58.0245522861
57.9861188959
57.9118377644
57.8554804928
57.7991232774
57.7793210669
57.7602261131
57.7590550044
57.7399600076
57.7022338844
57.6831388616
57.6274888856
57.5718388573
57.5527438473
57.4970938964
57.4600749753
57.4230560822
57.3674060877
57.3303871967
57.2568133246
57.2018705108
57.1469277445
57.0740610808
57.0370421815
57.0000233216
56.9995594259
56.9804644587
56.9441527889
56.8708222336
56.8165866321
56.7802749621
56.7062372066
56.6692182897
56.6321994213
56.6138116456
56.5954238844
56.5591122198
56.5034622041
56.4836599585
56.4466410954
56.4275460699
56.4098655345
56.3907705482
56.371675535
56.2981016765
56.261082742
56.2054327482
56.1698282935
56.1521477383
56.1144216514
56.1139577634
56.132832223
56.09581335
56.0408705491
55.9859277388
55.9489088417
55.9118899848
55.8927949818
55.8744072148
55.8380955515
55.8197077512
56.0199426708
56.3305499976
56.7515295223
57.1897257048
57.6272146188
58.063996305
58.4462991169
58.7748302227
58.8840313735
58.8463051529
58.7168377863
58.5508154644
58.3661621265
58.1994327005
58.1258587942
58.0709160257
58.0338971749
58.0699883084
58.0690605924
58.0506728124
58.0136539035
57.977342198
57.9037683127
57.8667493952
57.8118066265
57.7747877335
57.7019211224
57.6649022005
57.5734044221
57.5163399462
57.4979522032
57.4967810984
57.4783933391
57.423450584
57.3871388713
57.3501199773
57.3317321993
57.2584016781
57.2213827561
57.1843638857
57.1107900301
57.0924022112
57.0381666614
56.9841744122
56.9657866229
56.9483494291
56.9299616675
56.8936499963
56.8745549715
56.8561672039
56.8564105374
56.8200988917
56.7474755483
56.6925327342
56.6368827424
56.6184949675
56.6001072158
56.6182744281
56.5633316846
56.5456510823
56.5272633152
56.5267994162
56.5077044455
56.4893166722
56.452297788
56.4159860946
56.4155221818
56.3785033301
56.3049294481
56.2865416324
56.2315988823
56.1945799701
56.1761922031
56.1570972043
56.1200783268
56.0837666571
56.0833027538
56.083546121
56.0651583633
56.0288466752
55.9739038817
55.9189610604
55.8460943904
55.7732277496
55.7555471751
55.7006044323
55.6642927452
55.6272738505
55.5723310921
55.5532360853
55.5355555472
55.5171677734
55.4801488852
55.4617610935
55.4068183223
55.3518755344
55.3148566433
55.2419899904
55.187047201
55.1693666273
55.1144238781
55.0781122198
55.0413366809
55.023656111
54.9687133327
54.9503255222
54.8953827795
54.8411472125
54.7862044232
54.7864477357
54.7508433412
54.7324555493
54.7150183295
54.6438094526
54.6440527484
54.6442961011
54.6079844297
54.5530416409
54.5353610808
54.5356044345
54.499072227
54.4441294262
54.3526316333
54.2976888325
54.3165632774
54.3347305431
54.3163428013
54.2979550198
54.2795672204
54.242548319
54.2062366445
54.2057727399
54.1687538707
54.1503660929
54.1319783492
54.0949594569
54.0758644304
54.0395527668
54.003241089
53.9662221991
53.9292033201
53.8742605494
53.8193177486
53.8009299522
53.7639111045
53.7648616619
53.7464739033
53.746009986
53.7089911262
53.6719722108
53.6356605315
53.5807177573
53.5444060852
53.4901705398
53.4352277501
53.3802849734
53.3618971925
53.3069544322
53.2706427518
53.2336238779
53.1973122087
53.1430766579
53.1246888554
53.0872061109
53.0508944393
53.0145827682
52.9789783229
52.9247427665
52.833952214
52.7424544281
52.6695877285
52.5960138148
52.5776260378
52.5599455568
52.5229266906
52.4679839013
52.4130411004
52.3774366446
52.3411249843
52.1937339114
51.8829061373
51.4624132725
51.0405059405
50.5999675866
50.1959842189
49.8844491957
49.8481374802
49.902152629
50.0120610999
50.0847073051
50.1394295301
50.1568895227
50.1198705879
50.0828516468
50.0823877371
50.0639999919
50.026981115
50.0085933229
50.0088366567
49.9904489033
50.0265399979
50.0798477951
50.0973078149
50.0789200289
49.8218639676
49.6027771422
49.236763246
48.8349014927
48.3778536968
47.9028820187
47.4279103677
46.9529387203
46.4600431878
45.9664404296
45.4728376561
44.9971587508
44.5214798528
44.0271698722
43.5507837762
43.0550593518
42.6331520695
42.4305747824
42.1900282463
41.9136338275
41.6379465594
41.3063659995
40.9934165308
40.6818815284
40.3151604317
39.9663631947
39.6727520792
39.3432932109
38.994496
38.6091438068
38.2603465519
37.9301804241
37.581383181
37.2146620626
36.8486481744
36.4640031786
36.1338370682
35.9864459469
35.7286827278
35.4716266034
35.1780154857
34.8292182536
34.480421
34.1309165333
33.764195414
33.4340292715
33.0307532119
32.6640320863
32.3166493078
31.9320043182
31.510804348
31.1261593377
30.741514333
30.3210215684
29.8998215521
29.4614048992
29.1140221156
28.7659321672
28.3633632913
27.9421632543
27.5216704598
27.0452843663
26.5875293362
26.1297743392
25.6533882367
25.1956332325
24.6826921613
24.2055988101
23.7829843424
23.3603698818
22.9370481872
22.5151409648
22.1118648466
21.653402655
21.2322026392
20.8102954274
20.6256420302
20.6044254322
20.6563188581
20.7454744735
20.8339228414
20.8678922988
20.8660139348
20.845504467
20.8070711111
20.7514210726
20.6585088508
20.583520507
20.5637182835
20.5453305403
20.4710494696
20.1781456304
19.794207736
19.3737148357
18.9338836731
18.513390892
18.348075829
18.3282737078
18.345026636
18.4363039031
18.4910261748
18.5457483897
18.5639156019
18.5261894777
18.5257255434
18.4894138913
18.4703188793
18.4698549951
18.4514672183
18.3767222287
18.3583344217
18.3213155598
18.2838327695
18.1916277815
18.0814988691
17.8072261238
17.4412121638
17.0565670733
16.6525837298
16.229969308
15.8066476222
15.4205881461
15.0352359345
14.6326670633
14.1928359664
13.7350809729
13.3138809722
12.91060487
12.4714810041
12.0309426574
11.6283737332
11.2071737442
10.804604831
10.5855181121
10.5112370694
10.5279899609
10.617852796
10.671160593
10.6874494843
10.668354483
10.6127044519
10.5018683236
10.3917394004
10.3367965957
10.2632227504
10.243420542
10.2795116651
10.2790478018
10.2606600221
10.2236411305
10.205253325
10.1316794405
10.0760294057
10.0390105226
10.0206227641
10.020158882
9.98314000161
9.92749000411
9.89117831597
9.81760442785
9.7626616269
9.7077188476
9.67140718168
9.61646442298
9.57944552932
9.59831995266
9.57993221008
9.52618334356
9.48987165223
9.45355997083
9.4172483137
9.4174916495
9.39910388796
9.36279223032
9.34511166639
9.29016889443
9.29041219284
9.25410055498
9.2350055381
9.21661778724
9.1812566874
9.18079276535
9.14377389282
9.10746220915
9.07044331884
9.03413166014
8.9791888913
8.96150831106
8.9058583318
8.86954664559
8.79597276428
8.75895385678
8.7405661028
8.70425444954
8.66723555119
8.62809499252
8.6097072038
8.57268831677
8.51703832766
8.48072665426
8.40739610075
8.40693217492
8.38854444265
8.37015666367
8.33313778496
8.33338109712
8.29636221826
8.26005054965
8.2423699895
8.16950333651
8.13248441401
8.07754165037
8.04193719829
7.98699442832
7.91342054242
7.87710885493
7.84008997413
7.85825720967
7.83986946702
7.80380110738
7.73093443054
7.6946227516
7.67623498014
7.56588556618
7.51094273958
7.45529275247
7.40034997881
7.36403830838
7.34565052979
7.30816776778
7.27256331694
7.23625164305
7.2173999759
7.18108832845
7.14477665805
7.07215334055
7.01721053177
6.97948440986
6.94317275062
6.90686108659
6.8698422073
6.81443555246
6.75878553923
6.74039775684
6.74064109972
6.74088444945
6.70386557601
6.68547777947
6.62982777615
6.55696108349
6.50201829964
6.46499941396
6.4286877626
6.39166888095
6.35535721422
6.29995055123
6.24500776385
6.19006498297
6.15375330723
6.11673442352
6.06274221684
6.02572333464
5.98870442943
5.89720665761
5.87881884607
5.84179998656
5.82341220846
5.822948333
5.80456056261
5.76824889405
5.74986110346
5.73076609854
5.67511611006
5.65672831699
5.60178555964
5.60202886596
5.58434832678
5.53011277698
5.45653887884
5.43885829877
5.45702552895
5.69452270407
6.02376111845
6.44544784852
6.86642732503
7.26877565263
7.63456900572
8.0182862336
8.38266512314
8.72841288248
9.03831288209
9.33028899079
9.64018898035
9.98593673013
10.3316845121
10.6595084153
10.9314389918
10.8571579607
10.7269833908
10.5788849722
10.358383842
10.1744377102
10.0456777131
9.99073493436
9.95371607588
9.95325219928
9.95278833608
9.93510779337
9.93464389138
9.89762501544
9.89716110063
9.86084945207
9.82383053955
9.80614997731
9.78705499932
9.78729832768
9.76820334162
9.71350389907
9.65926832556
9.64041664834
9.60339778517
9.56708611074
9.54869831657
9.49375554064
9.45673664185
9.42042498831
9.40203721272
9.36596889053
9.29310222191
9.25608330984
9.20184776107
9.16553608975
9.12851720432
9.09220554349
9.07381776247
9.03679888294
8.99977999475
8.96276110463
8.92574220569
8.9266927527
8.88967388991
8.78025223867
8.45079335642
8.04963882371
7.59259098931
7.11691206159
6.65915705349
6.22074037742
5.8002476043
5.30664487744
4.92341428937
4.52225990046
4.15766045411
4.06686985559
4.06569884422
4.13693057499
4.26334837331
4.35321116005
4.35274727663
4.35157613763
4.31385002091
4.2581999877
4.18462608792
4.12897607948
4.12921941224
4.09290778272
3.57950287318
3.23211983458
2.79228874492
2.35245761825
1.91262650778
1.56524371112
1.41785259404
1.0862721983
0.792661078784
0.481126057262
0.133036034064
-0.215053972806
-0.600406183466
-1.02160617744
-1.42488230328
-1.84678952668
-2.26869676659
-2.67197288752
-3.07454178567
-3.53229677983
-3.99075900996
-4.44922122843
-4.86971401518
-5.32817620801
-5.78593121617
-6.07883515724
-6.19108569861
-6.15640895603
-6.06654609817
-5.94083552135
-6.05025712195
-6.34316106481
-6.72780614446
-7.07660345592
-7.51714179242
-7.93904903817
-8.36095624571
-8.74560125441
-9.14746291023
-9.56866289962
-9.93396957042
-10.2992762231
-10.701845087
-11.0850756389
-11.4138273199
-11.5977734434
-11.8913844634
-12.1857028165
-12.5165761596
-12.8660806411
-13.2148778923
-13.5629679018
-13.9289817759
-14.3136267534
-14.6610095336
-15.0442400707
-15.4647328347
-15.866594528
-16.2870873121
-16.7255039759
-17.1639206579
-17.6209684326
-18.1145711811
-18.5529878561
-18.9921117227
-19.3946806035
-19.8158805674
-20.2736355655
-20.6955428255
-21.1353739534
-21.5759123228
-22.0343745403
-22.4935439827
-22.9706373195
-23.4298067701
-23.8710523099
-24.3302217434
-24.7714673172
-25.1940817732
-25.6346201016
-26.0199723484
-26.4598034283
-26.9203873161
-27.3422945423
-27.6545367857
-27.7481562447
-27.9707788817
-28.3016522156
-28.5966778474
-28.9096273133
-29.277055647
-29.570666774
-29.8635706533
-30.2116606418
-30.5597506459
-30.9257645425
-31.2924856632
-31.6584995392
-32.0424373042
-32.482268402
-32.9041756385
-33.3074517641
-33.6920967777
-34.0760345533
-34.2965356965
-34.3894478721
-34.609948878
-34.8297427966
-35.1419850343
-35.4714439677
-35.8560889623
-36.2586578647
-36.6977817425
-37.1541222873
-37.6290939422
-38.1219894939
-38.63351616
-39.1450428251
-39.6565694809
-40.1688033668
-40.6631133862
-41.175347282
-41.6875811907
-42.1639673085
-42.38517568
-42.6443533621
-42.9393789171
-43.2523284204
-43.6197567706
-43.9685540097
-44.3359823433
-44.7206273316
-45.1239034242
-45.5271795255
-45.9304556253
-46.3337317288
-46.6811145287
-47.066466738
-47.4876667352
-47.8909428507
-48.3121428548
-48.7140045464
-49.1352045428
-49.4460323478
-49.6299784506
-49.9242966851
-50.1992766993
-50.5115189426
-50.8782400703
-51.2449611864
-51.575127308
-51.9791106256
-52.3830939809
-52.8050012017
-53.1710151092
-53.5742911963
-53.9775673066
-54.3622123151
-54.3454596431
-54.184608431
-54.3900143233
-54.7015493675
-54.9951605829
-55.3260339766
-55.6748312367
-56.0974456665
-56.4641667937
-56.8308878856
-57.2155328713
-57.6188089736
-58.0227923062
-58.408144536
-58.8121278812
-59.1788490263
-59.6193873333
-60.0420017742
-60.445985101
-60.8320445573
-60.9801429378
-61.2192750351
-61.4949622504
-61.8072044987
-62.1187395332
-62.4489056541
-62.8335506473
-63.1816406618
-63.5669928647
-63.9344212119
-64.3011423118
-64.6499395403
-65.0345845316
-65.4199367617
-65.6590690214
-65.9706039677
-66.3007700701
-66.649567291
-66.9424712103
-67.2719300957
-67.6379439828
-68.0039578616
-68.4072339647
-68.7911717518
-69.1571856387
-69.579092856
-70.0002928739
-70.4401239924
-70.7516590315
-70.9528217966
-71.2457256089
-71.5744772736
-71.8666739739
-72.1954256353
-72.5786561776
-72.9805178426
-73.4189344931
-73.8759822712
-74.2957678476
-74.7521083882
-75.2822661492
-75.7744545059
-76.2852739372
-76.5416228837
-76.7807550096
-77.1123355087
-77.4811783432
-77.8306828545
-78.2712211925
-78.6752045605
-79.0978189865
-79.5383573086
-79.9796028661
-80.4015100985
-80.823417329
-81.3005106485
-81.7403417817
-82.1801728939
-82.6386351162
-83.0591279055
-83.5348067596
-83.9739306612
-84.1951390348
-84.2135267757
-84.1595116983
-84.050310544
-83.9776643888
-83.9415732721
-83.9054821864
-83.9425010872
-83.9788127819
-83.997200568
-84.0521433347
-84.0712383464
-84.0717022318
-84.0900899977
-84.1264016667
-84.1268655678
-84.2001961018
-84.217876687
-84.236264455
-84.2360211222
-84.2730399958
-84.3100588871
-84.3650016677
-84.4378683434
-84.4376250351
-84.4560127888
-84.4736933353
-84.5100049982
-84.5463166742
-84.5639972402
-84.5823850156
-84.6007727885
-84.6191605608
-84.6375483395
-84.6552289039
-84.7280955541
-84.7644072462
-84.6372822822
-84.6011910844
-84.6195788402
-84.6379666543
-84.6742783401
-84.7105900156
-84.7655327926
-84.8391066868
-84.8940494725
-84.9303611337
-84.9301178005
-84.9671366597
-84.9668933365
-84.9852811114
-85.0402239
-85.1324289074
-85.1873716963
-85.2243905847
-85.2434855776
-85.2439494495
-85.2444133277
-85.2993561024
-85.3722227894
-85.4099489157
-85.4469677885
-85.4839866779
-85.5389294536
-85.6301838933
-85.6858339179
-85.7594078009
-85.7957194742
-85.8506622332
-85.8869739002
-85.9232855502
-85.9588899973
-85.9952016707
-86.0315133459
-86.1041366707
-86.1583722303
-86.1946838951
-86.176516683
-86.1762733355
-85.9208522706
-85.555058888
-85.1333721688
-84.6930543454
-84.27207489
-83.8510954642
-83.485302123
-83.1008776909
-82.7530082325
-82.3692910448
-82.2235349018
-82.2798921518
-82.4100666492
-82.5760889115
-82.7428183788
-82.8357306007
-82.8920877922
-82.9111827851
-82.9661255544
-83.0217755673
-83.0215322502
-83.038969448
-83.0939122139
-83.1302239047
-83.1658283546
-83.2021400157
-83.2384516778
-83.2568394606
-83.2929077758
-83.292664444
-83.3289761072
-83.3839188973
-83.438861687
-83.4565422451
-83.5107777801
-83.5105344691
-83.5468461199
-83.6017889011
-83.692579457
-83.7840772493
-83.8017578107
-83.8373622314
-83.8729666728
-83.8734305628
-83.8925255558
-83.9288372318
-84.002411115
-84.0200916919
-84.0384794638
-84.0752550049
-84.1478783242
-84.2386688955
-84.3115355814
-84.3851094695
-84.4400522527
-84.4942877968
-84.5126755682
-84.5310633295
-84.5673749968
-84.6409488891
-84.6586294649
-84.6949411267
-84.7491766786
-84.7854883366
-84.8210927756
-84.8387733376
-84.8937161137
-84.9479516776
-84.984263343
-85.0384988944
-85.0924911129
-85.0922477898
-85.1285594437
-85.1469472289
-85.1639205636
-85.2002322233
-85.1813577898
-85.2169622116
-85.2346427786
-85.2343994419
-85.2707111065
-85.3063155685
-85.3419200098
-85.3603077872
-85.4506116596
-85.4869233582
-85.541866118
-85.5595466865
-85.5583527872
-85.5946644395
-85.6309761178
-85.6486566799
-85.7028922244
-85.7392039049
-85.7927322355
-85.8469677952
-85.9012033601
-85.9919939081
-86.0283055738
-86.0108455586
-86.011309441
-86.0469138914
-86.1018566683
-86.138168344
-86.1744800209
-86.2473466808
-86.2657344602
-86.2841222288
-86.3018027843
-86.3015594444
-86.3378711038
-86.3562588962
-86.4291255494
-86.4647300182
-86.501041687
-86.5380605773
-86.5564483483
-86.629778886
-86.6488739102
-86.685185566
-86.7214972363
-86.7585161171
-86.8134588977
-86.8863255655
-86.9226372417
-86.9775800116
-87.0145989027
-87.0695416722
-87.1244844548
-87.1794272402
-87.2343700181
-87.2713889001
-87.2897766683
-87.3631072134
-87.4173427895
-87.472285566
-87.5458594557
-87.6008022374
-87.8019649792
-88.2224577622
-88.7361061586
-89.2131995513
-89.6902929137
-90.1659718103
-90.6416506792
-90.9159234854
-90.971573467
-90.9354822711
-90.8076500021
-90.7156655133
-90.6616504987
-90.6269738361
-90.6632855164
-90.7182283364
-90.7552472464
-90.8288211234
-90.8472089156
-90.902858888
-90.9033227901
-90.8856194428
-90.9047144302
-90.978995546
-91.2905305206
-91.6744683587
-92.0584062095
-92.4803134565
-92.9208517884
-93.3241279061
-93.7080656764
-94.1292656631
-94.6049445292
-95.0999617297
-95.5591311708
-95.9444834117
-96.293280649
-96.7151878627
-97.1191712137
-97.5604167504
-98.0195861915
-98.423569549
-98.8634006408
-99.3397867512
-99.7789106539
-100.237372864
-100.658572877
-101.079065647
-101.536820644
-101.902834553
-102.031594573
-102.014134533
-101.904933355
-101.832994397
-101.870720482
-102.108438269
-102.437897238
-102.803911194
-103.170632339
-103.591832327
-104.030956202
-104.451448974
-104.871941731
-105.31035839
-105.530152327
-105.5858023
-105.551125575
-105.461262758
-105.372814407
-105.320213855
-105.357939976
-105.450145002
-105.523718921
-105.579368926
-105.617095025
-105.63619001
-105.636653891
-105.637117771
-105.637581658
-105.893930507
-106.278575563
-106.736330621
-107.175454562
-107.651840668
-108.127519548
-108.584567319
-109.004352876
-109.424845646
-109.900524509
-110.303093415
-110.742924509
-111.164831747
-111.549476765
-111.678236808
-111.918076152
-112.231025561
-112.543975041
-112.874848409
-113.223645633
-113.553811751
-113.938456748
-114.30517787
-114.671191757
-115.092391735
-115.458405639
-115.823712306
-116.24561952
-116.611633416
-116.959016187
-117.325737297
-117.692458401
-118.077103392
-118.481793954
-118.866438968
-119.251083963
-119.635021733
-119.982404523
-120.384266177
-120.80546617
-121.172187284
-121.55612506
-121.86695286
-122.19641172
-122.581763923
-122.967823378
-123.353882839
-123.720603969
-124.08661786
-124.471970086
-124.819352875
-125.185366757
-125.587935629
-125.990504505
-126.374442286
-126.757672834
-127.160241716
-127.362111758
-127.619875031
-127.87763835
-128.171249469
-128.502122827
-128.85092006
-129.236979501
-129.640962846
-130.063577297
-130.468267866
-130.834988976
-131.256896179
-131.679510625
-132.102125067
-132.524739528
-132.984616196
-133.369968433
-133.49872846
-133.79304669
-134.068733928
-134.343713953
-134.636617852
-134.984707838
-135.333505053
-135.66437839
-135.939358403
-136.269524497
-136.619028941
-136.985750051
-137.260022858
-137.589481736
-137.973419502
-138.339433391
-138.70544728
-139.072168394
-139.401627295
-139.493125112
-139.677071135
-139.896865004
-140.1159517
-140.446117806
-140.77628394
-141.14300506
-141.509018957
-141.892956738
-142.313449505
-142.715311177
-143.098541737
-143.57351338
-144.048485051
-144.523456714
-144.97979728
-145.455476162
-145.894600068
-146.370278944
-146.772140627
-147.010565638
-147.359362792
-147.707452791
-148.092805005
-148.460233361
-148.882140591
-149.286123964
-149.708031192
-150.185124504
-150.643586732
-151.084125066
-151.524663407
-151.927939531
-152.367770639
-152.78897065
-153.191539535
-153.612032299
-153.995970075
-154.271657304
-154.54734448
-154.85958669
-155.134566725
-155.48336394
-155.814237284
-156.200296708
-156.549801177
-156.879967301
-157.228057308
-157.5575162
-157.868343965
-158.252281721
-158.581740622
-158.911906729
-159.260703949
-159.590870071
-159.938960066
-160.32431228
-160.617923411
-160.692911755
-160.658235044
-160.513186121
-160.386768297
-160.315536623
-160.316707736
-160.335802768
-160.40937667
-160.446395577
-160.502045572
-160.539064463
-160.576790562
-160.577254443
-160.577718328
-160.596813329
-160.59727722
-160.63358889
-160.707162787
-160.725550571
-160.725307228
-160.743695002
-160.780713885
-160.799101667
-160.817489445
-160.835877223
-160.891283886
-160.910378904
-160.965321675
-161.020264459
-161.038652238
-161.039116122
-161.057503891
-161.112446666
-161.168096677
-161.223039458
-161.295198904
-161.350141687
-161.36923668
-161.368993336
-161.497973873
-161.589471693
-161.626490583
-161.626247236
-161.643927773
-161.64368444
-161.679996101
-161.716307784
-161.734695567
-161.771007224
-161.80636834
-161.842680001
-161.932983881
-161.98792668
-162.024238347
-162.078473901
-162.096154456
-162.16807055
-162.185751125
-162.204138897
-162.222526672
-162.258131112
-162.257887784
-162.25693722
-162.293248881
-162.311636668
-162.34865556
-162.421522229
-162.45783391
-162.494145576
-162.493902238
-162.512289994
-162.548358332
-162.566038897
-162.565795562
-162.602107216
-162.674973897
-162.729209461
-162.784152235
-162.802540015
-162.893551104
-162.912646131
-162.948957785
-163.003900564
-163.040212233
-163.058600012
-163.094911669
-163.112592228
-163.130272782
-163.148660551
-163.14841722
-163.203359991
-163.258302792
-163.295321685
-163.332340569
-163.350728346
-163.424302228
-163.441982796
-163.4797089
-163.516020568
-163.552332233
-163.589351116
-163.644293896
-163.753715563
-163.790027251
-163.808415016
-163.844726672
-163.863114453
-163.900133329
-163.918521112
-163.973463893
-164.009775572
-164.064718342
-164.101737231
-164.101493895
-164.137805552
-164.17411722
-164.192505002
-164.247447778
-164.283759452
-164.338702231
-164.356382793
-164.41061833
-164.429006118
-164.428762781
-164.446443337
-164.46412389
-164.50043555
-164.536747231
-164.590982792
-164.645218343
-164.699453895
-164.717134461
-164.77137001
-164.807681682
-164.881012222
-164.899400015
-164.917080561
-164.898206116
-164.916593885
-164.989217216
-165.007605016
-165.025285572
-165.062304455
-165.080692223
-165.080448881
-165.134684439
-165.170996124
-165.225938889
-165.262250568
-165.317193343
-165.353505009
-165.408204443
-165.425885011
-165.462196672
-165.499215564
-165.554158343
-165.608393901
-165.608150567
-165.626538327
-165.66214278
-165.698454448
-165.734766116
-165.78900168
-165.843944457
-165.880963344
-165.880720007
-165.899107778
-165.93541945
-166.026673897
-166.082323912
-166.13726668
-166.155654456
-166.210597224
-166.228985015
-166.301851668
-166.356794457
-166.393813346
-166.4480489
-166.465729461
-166.484581111
-166.539523882
-166.539280563
-166.575592216
-166.611903896
-166.684770561
-166.739713348
-166.776732228
-166.813751114
-166.850062785
-166.885667225
-166.959704998
-166.975971125
-166.958511121
-166.993872221
-167.046913884
-167.064594447
-167.118122777
-167.154434461
-167.208670014
-167.26361279
-167.33647945
-167.372791126
-167.427026672
-167.44470724
-167.444463899
-167.426296673
-167.426760548
-167.444441103
-167.443490553
-167.443247224
-167.461634998
-167.497946668
-167.534258344
-167.589201115
-167.644143898
-167.698379455
-167.734691126
-167.771002786
-167.844089995
-167.881108897
-167.93463723
-167.98958001
-168.026598904
-168.099222223
-168.117610012
-168.190233328
-168.263100013
-168.336673907
-168.372985569
-168.409297232
-168.427685006
-168.428148889
-168.502186665
-168.556422243
-168.629996122
-168.649091127
-168.667478897
-168.703790559
-168.740809444
-168.812725551
-168.849037234
-168.867425014
-168.904443893
-168.922124446
-168.939804995
-168.992846656
-168.973972226
-169.028207774
-169.101074453
-169.155310012
-169.190914459
-169.227226122
-169.264245007
-169.299849443
-169.298898897
-169.353134445
-169.370815011
-169.425050555
-169.406176122
-169.442487769
-169.49623667
-169.513917235
-169.531597783
-169.604221109
-169.658456676
-169.694768344
-169.749003898
-169.766684466
-169.912661101
-170.240705536
-170.586673922
-170.988535626
-171.390397316
-171.810890083
-172.363922276
-172.783707866
-173.240048392
-173.677757834
-174.134098379
-174.571807822
-175.028148369
-175.485196145
-175.960167802
-176.453770577
-176.838415605
-176.967882859
-177.007730592
-176.955837224
-176.866681653
-176.814081094
-176.87302387
-176.929381116
-177.003662229
-177.060019458
-177.079821676
-177.136178893
-177.173905012
-177.211631119
-177.248650007
-177.285668891
-177.322687782
-177.341782786
-177.39672556
-177.433744448
-177.453303335
-177.471691118
-177.52663389
-177.563652789
-177.637226673
-177.674245573
-177.728945005
-177.765256681
-177.820199448
-177.893066114
-177.948008903
-178.112616664
-178.441368325
-178.843230031
-179.263722851
-179.702139529
-180.159187309
-180.414828996
-180.489110078
-180.472357256
-180.400418335
-180.310555542
-180.256540535
-180.220449423
-180.184358321
-180.240008318
-180.240472231
-180.295415002
-180.3324339
-180.36874556
-180.368966117
-180.405984997
-180.497239443
-180.53425835
-180.808531097
-181.136575582
-181.519806167
-181.940298968
-182.361498982
-182.801330087
-183.241161181
-183.680992288
-184.065637307
-184.468206187
-184.888698963
-185.327822845
-185.73039174
-186.170222847
-186.573498963
-186.977482284
-187.398682286
-187.764696182
-188.149341174
-188.533986177
-188.863445071
-188.974281194
-189.123086686
-189.326371102
-189.584841664
-189.8598217
-190.208618923
-190.613309482
-191.016585604
-191.401937831
-191.82455228
-192.245752279
-192.649028392
-193.070935616
-193.473504508
-193.875366177
-194.314490062
-194.771537835
-195.192030614
-195.649785606
-196.108247833
-196.511523952
-196.932723947
-197.37184784
-197.775123955
-198.176985618
-198.579554507
-199.073864481
-199.512988385
-199.915557281
-200.354681164
-200.793805053
-201.21429783
-201.652714493
-202.091838377
-202.548886153
-202.987302821
-203.445057811
-203.9207367
-204.306088938
-204.417632305
-204.438848929
-204.349693339
-204.260537764
-204.19001332
-204.173260531
-204.174431647
-204.194233884
-204.286438888
-204.378643904
-204.435001133
-204.490651128
-204.527670014
-204.564688892
-204.60170778
-204.638726669
-204.675038339
-204.712057231
-204.730908893
-204.74929666
-204.768148327
-204.787243334
-204.823554999
-204.842650006
-204.897592774
-204.915980559
-204.934368332
-205.008406105
-205.026793905
-205.081736667
-205.100124452
-205.100588337
-205.100344997
-205.136656659
-205.191599449
-205.228618346
-205.264930009
-205.246055564
-205.263736105
-205.318678881
-205.355697785
-205.392716675
-205.446952233
-205.464632794
-205.482313336
-205.48207
-205.482533885
-205.481339996
-205.516701114
-205.589567784
-205.643803346
-205.698038902
-205.716426682
-205.71618334
-205.752494995
-205.770175559
-205.806487222
-205.861430004
-205.916372787
-205.971315572
-205.988996129
-206.025307783
-206.043695554
-205.988266112
-206.006653872
-206.025041659
-206.098615552
-206.152851124
-206.189162794
-206.244812787
-206.262493342
-206.280881113
-206.353747779
-206.40869057
-206.445709457
-206.500652227
-206.536963898
-206.573275566
-206.627511113
-206.681746673
-206.736689454
-206.773708346
-206.828651115
-206.864962787
-206.91990556
-206.918955012
-206.955266662
-206.972947225
-207.009258887
-207.044619998
-207.08093167
-207.098612228
-207.117
-207.243858881
-207.280170581
-207.317189454
-207.353501116
-207.371888896
-207.35372167
-207.371402214
-207.407713883
-207.388839453
-207.516405543
-207.534793358
-207.534550008
-207.570861665
-207.625804444
-207.662116117
-207.699135004
-207.717522787
-207.73520334
-207.753591116
-207.789902777
-207.826214442
-207.843895008
-207.862282788
-207.879963338
-207.879720002
-207.898107773
-207.933712224
-208.006578896
-208.024259461
-208.078495
-208.096882785
-208.133194445
-208.150875005
-208.150631662
-208.16831222
-208.241178894
-208.296828905
-208.333140568
-208.387376111
-208.405056672
-208.423444449
-208.441125005
-208.478143891
-208.514455565
-208.550767228
-208.605710003
-208.659945559
-208.678333347
-208.71535223
-208.752371118
-208.82523778
-208.861549455
-208.898568339
-208.934880008
-208.989822782
-209.044765564
-209.081077233
-209.136020004
-209.172331676
-209.208643338
-209.263586117
-209.263342791
-209.335966105
-209.372277787
-209.425562779
-209.443000002
-209.478604439
-209.532840001
-209.551227779
-209.569615559
-209.605220006
-209.62290056
-209.659212217
-209.695523892
-209.731128339
-209.730885009
-209.749272779
-209.749029449
-209.78509777
-209.766223337
-209.802291657
-209.784124453
-209.857698328
-209.912641123
-209.985507791
-210.04045057
-210.058131125
-210.039963899
-210.040427771
-210.058815544
-210.076496107
-210.094176669
-210.112564448
-210.148876115
-210.185187789
-210.221499454
-210.257811117
-210.31275389
-210.367696675
-210.404715569
-210.462487228
-210.462243898
-210.480631664
-210.516943329
-210.534623893
-210.608197782
-210.663140571
-210.699452233
-210.717840011
-210.754151666
-210.772539444
-210.809558333
-210.845870007
-210.900105568
-210.955755569
-210.992774455
-211.047717225
-211.066812231
-210.95831835
-210.666342236
-210.282624988
-209.825090536
-209.460004398
-209.113549387
-209.003641025
-209.059291059
-209.224606102
-209.372704473
-209.520802801
-209.668901122
-209.724551129
-209.761570013
-209.798588895
-209.816976667
-209.836071663
-209.873090558
-209.946664438
-209.965052224
-210.037211666
-210.092154457
-210.091911122
-210.146146663
-210.163827228
-210.238572219
-210.274883896
-210.293271671
-210.346777222
-210.38379612
-210.292518905
-209.98261891
-209.580270544
-209.122736077
-208.720387719
-208.267096616
-208.029599361
-208.012846594
-208.105051636
-208.27107389
-208.437096137
-208.566563362
-208.677399456
-208.733756677
-208.752144458
-208.787748891
-208.805429442
-208.823817219
-208.878760004
-208.951626682
-209.006569454
-209.00632612
-209.04380888
-209.062196671
-209.098508336
-209.135527229
-209.171838889
-209.190226671
-209.227245558
-209.282188337
-209.300576123
-209.31825667
-209.373663328
-209.428606113
-209.484256123
-209.502643906
-209.557586671
-209.594605571
-209.612993341
-209.613457225
-209.650476109
-209.687495003
-209.76036167
-209.833935567
-209.888878346
-209.96245223
-209.998763902
-210.017151675
-210.053463335
-210.108406112
-210.181980004
-210.217584457
-210.23597223
-210.272747778
-210.290428332
-210.326032773
-210.344420557
-210.362808334
-210.417043889
-210.526222223
-210.580457793
-210.579507232
-210.615111663
-210.633499444
-210.63325611
-210.668617217
-210.686297781
-210.686054448
-210.703735
-210.740046668
-210.794282228
-210.811962794
-210.848274451
-210.83010723
-210.885049992
-210.902730554
-210.920411113
-210.957430004
-210.866152798
-210.646579459
-210.536671079
-210.555058846
-210.647971099
-210.776731117
-210.830966681
-210.848647239
-210.902882781
-210.957825562
-211.012061126
-211.066296678
-211.120288889
-211.102121675
-210.91910335
-210.589157779
-210.168178306
-209.747198839
-209.344850499
-208.979057165
-208.614678291
-208.505477155
-208.561834394
-208.673377767
-208.821476127
-208.988912795
-209.081825014
-209.136767796
-209.210341686
-209.266698905
-209.285793896
-209.28555056
-209.30393833
-209.322326111
-209.395900002
-209.450842789
-209.396827799
-209.159330583
-208.812168336
-208.46429886
-208.208170502
-208.19071049
-208.264991638
-208.431013887
-208.632883909
-208.79819892
-208.908327801
-208.96397779
-208.963734459
-209.001460555
-209.019848329
-209.037528877
-209.073840551
-209.128783334
-209.165095009
-209.183482789
-209.238425548
-209.256106114
-209.273786672
-209.346409997
-209.382014452
-209.418326116
-209.399451673
-209.435056107
-209.45273667
-209.470417222
-209.488805001
-209.524409446
-209.562135561
-209.561185007
-209.506462789
-209.233117799
-208.921096095
-208.535964414
-208.170171063
-207.804377734
-207.420660519
-207.054867185
-206.671149973
-206.30535663
-205.958194404
-205.575184413
-205.173543311
-204.807749966
-204.680624941
-204.645948305
-204.48439002
-204.285569443
-204.068824978
-203.833449412
-203.543594965
-203.199261637
-202.910114413
-202.566488317
-202.295264962
-202.005410516
-201.71484885
-201.387024972
-201.077832189
-200.787270521
-200.497416076
-200.206854409
-199.934923852
-199.735396074
-199.773829392
-199.848817765
-200.015547225
-200.164352797
-200.275896125
-200.31291502
-200.368565013
-200.424922226
-200.44401723
-200.444481112
-200.462868891
-200.51922611
-200.574876117
-200.630526115
-200.668252232
-200.70527112
-200.760921113
-200.779308898
-200.834251667
-200.889194452
-200.926920562
-200.96393945
-200.982327229
-201.000715005
-201.00047167
-201.054463883
-201.108699449
-201.145011116
-201.199953895
-201.254896676
-201.291208342
-201.32752
-201.382462782
-201.437405557
-201.528903327
-201.565215015
-201.601526678
-201.637838339
-201.618963893
-201.618720546
-201.617769995
-201.654081659
-201.709024447
-201.763967235
-201.83612668
-201.853807243
-201.872902226
-201.891290001
-201.964156661
-202.019099448
-202.055411124
-202.091722793
-202.109403344
-202.146422222
-202.165517225
-202.165273895
-202.183661666
-202.201342223
-202.2376539
-202.292596677
-202.328908342
-202.347296113
-202.347052778
-202.401995557
-202.456231116
-202.491835563
-202.510223344
-202.528611112
-202.546291666
-202.582603335
-202.618915006
-202.673150557
-202.672907229
-202.69058778
-202.708975557
-202.727363328
-202.781598884
-202.817910566
-202.854222232
-202.872610011
-202.909385554
-202.982008891
-203.036951676
-203.073970566
-203.128913342
-203.183856114
-203.202000558
-203.25694333
-203.311178898
-203.366121675
-203.421064453
-203.457376118
-203.475056672
-203.492737221
-203.492493887
-203.546486107
-203.582797783
-203.619109446
-203.673345004
-203.709656673
-203.780865558
-203.83510112
-203.834150566
-203.888386113
-203.942621672
-203.996150007
-204.031754452
-204.030803895
-204.085039442
-204.084088896
-204.120400555
-204.120157228
-204.15481111
-204.172491668
-204.208803332
-204.263038886
-204.299350563
-204.335662232
-204.371973898
-204.408285559
-204.425966118
-204.443646671
-204.498589441
-204.516270002
-204.533950558
-204.534414449
-204.51554
-204.569775551
-204.607501676
-204.643813343
-204.69780556
-204.752041117
-204.770428898
-204.823957223
-204.878192786
-204.896580567
-204.914968336
-204.95057278
-204.968253338
-205.003614441
-205.039218888
-205.056899448
-205.09321111
-205.128815558
-205.16442001
-205.237286671
-205.255674452
-205.273355006
-205.327590555
-205.344563893
-205.398799446
-205.417187233
-205.489346666
-205.507027232
-205.543338889
-205.579650559
-205.633178893
-205.668783343
-205.687171117
-205.704851664
-205.759087218
-205.776767779
-205.793741112
-205.847976673
-205.920136119
-205.956447783
-205.974128338
-205.973177781
-205.990858332
-206.098378882
-206.152614452
-206.206850007
-206.242454455
-206.278058897
-206.29573945
-206.312712779
-206.330393334
-206.365290556
-206.418818892
-206.454423341
-206.490027785
-206.525632225
-206.542605559
-206.541654997
-206.541411662
-206.557677776
-206.611913334
-206.648225008
-206.721091676
-206.775327233
-206.793007785
-206.773426117
-206.772475553
-206.844391659
-206.862072232
-206.897676674
-206.951912231
-206.950718343
-206.968398888
-206.986079446
-207.040314997
-207.057995564
-207.076383342
-207.147592218
-207.183903895
-207.219508338
-207.273036669
-207.327272232
-207.363583902
-207.399895561
-207.381021112
-207.343515553
-207.396800543
-207.468716673
-207.522952237
-207.577187785
-207.594161118
-207.611841667
-207.648153334
-207.666541119
-207.702145558
-207.738457226
-207.81061667
-207.84692834
-207.865316119
-207.86507278
-207.883460554
-207.91977222
-207.919528888
-207.791696678
-207.516937232
-207.131805551
-206.764597746
-206.379466078
-206.031596624
-205.995505484
-206.087710521
-206.217177785
-206.401123905
-206.56714613
-206.696613351
-206.770187236
-206.787867791
-206.86144167
-206.861198345
-206.916141108
-206.934528893
-206.952209445
-207.024368889
-207.078604453
-207.114208897
-207.149813338
-207.185417782
-207.148619453
-206.874567234
-206.472926098
-206.033315524
-205.612336069
-205.228618833
-204.845608831
-204.461891616
-204.115436616
-203.733133847
-203.40530995
-203.078193283
-202.751076624
-202.44188385
-202.096136078
-201.805574401
-201.478457743
-201.168557742
-200.875874402
-200.529419412
-200.200181077
-199.817171091
-199.471423308
-199.142892193
-198.796437198
-198.467906087
-198.267671075
-197.99503332
-197.685840544
-197.376647759
-197.049531092
-196.741045533
-196.396712195
-196.088933854
-195.781155526
-195.453331636
-195.14413886
-194.799805537
-194.489905528
-194.162081648
-193.834257761
-193.524357762
-193.177902771
-192.81352388
-192.449852209
-192.104104421
-191.996317733
-191.673201116
-191.475087752
-191.239712201
-191.003629422
-190.749622762
-190.494908875
-190.18500888
-189.910956652
-189.564501654
-189.217339424
-188.817112772
-188.433395549
-188.031754436
-187.612189433
-187.229179427
-186.883431645
-186.501128877
-186.137457207
-186.011746632
-185.795709443
-185.543117218
-185.289110537
-184.981332208
-184.67213943
-184.345022764
-184.00068942
-183.708713301
-183.344334425
-182.962031643
-182.59835998
-182.252612199
-181.906864422
-181.52456165
-181.141551645
-180.759956087
-180.395577199
-180.031905536
-179.704788865
-179.469413314
-179.179558889
-178.853856658
-178.526032755
-178.180284982
-177.797982211
-177.39704832
-177.014038312
-176.631735538
-176.212877765
-175.811943868
-175.429641089
-175.048045528
-174.666449979
-174.338626089
-173.993585542
-173.68439276
-173.339352213
-173.03086665
-172.81341497
-172.560115541
-172.26955388
-171.97969943
-171.671921089
-171.382066639
-171.092212204
-170.765802764
-170.475948312
-170.131614988
-169.787281647
-169.443655531
-169.099322195
-168.736357747
-168.42787219
-168.119386643
-167.756422203
-167.448643854
-167.140158298
-166.849596627
-166.650776073
-166.397476655
-166.125546094
-165.834984421
-165.562346634
-165.253153864
-164.96188497
-164.708585521
-164.455286078
-164.201279418
-163.92934887
-163.693973311
-163.458597753
-163.204591086
-162.950584416
-162.695163299
-162.403894418
-162.113332752
-161.8048472
-161.586688303
-161.406498866
-161.135275546
-160.881976093
-160.610045534
-160.320191086
-160.048260525
-159.775622746
-159.466429974
-159.156529976
-158.847337196
-158.520220529
-158.211027745
-157.90112775
-157.554672757
-157.171662768
-156.806576649
-156.442197753
-156.077818863
-155.694808867
-155.458018864
-155.460604413
-155.519083331
-155.65067223
-155.800892238
-155.969036121
-156.099917789
-156.157689459
-156.198001116
-156.235020003
-156.291377222
-156.365658337
-156.422015567
-156.477665562
-156.47883668
-156.297232793
-155.950070551
-155.493243317
-155.019199419
-154.78170216
-154.764242156
-154.839230524
-154.968697782
-155.171275012
-155.318666128
-155.448133346
-155.484445022
-155.539387793
-155.575699455
-155.575456115
-155.575919998
-155.631569994
-155.632741118
-155.451137238
-155.140529997
-154.756105536
-154.371681074
-153.951408854
-153.549060515
-153.40259716
-153.421692181
-153.497387772
-153.663410013
-153.81150835
-153.960313897
-154.053226123
-154.128214454
-154.147309451
-154.18432834
-154.239271118
-154.294213894
-154.349156675
-154.404806674
-154.459749447
-154.515399453
-154.515863342
-154.53425111
-154.516083887
-154.553102767
-154.608509441
-154.644821116
-154.681840006
-154.737490004
-154.755877783
-154.792896672
-154.829915558
-154.866227226
-154.940265001
-154.995207788
-155.032226672
-155.087876671
-155.033861687
-154.742592804
-154.340951666
-153.902048305
-153.481776062
-153.189092722
-153.13507772
-153.192142196
-153.321609448
-153.487631677
-153.672285007
-153.801752232
-153.857402239
-153.912345014
-153.985918896
-153.987090007
-154.00547778
-154.023865555
-154.024329445
-154.04271722
-154.06181222
-154.098831106
-154.154481117
-153.972170023
-153.625007786
-153.442696628
-153.461791622
-153.518148863
-153.629692212
-153.758452232
-153.887212241
-153.941447797
-153.997097784
-154.053211671
-154.108861672
-154.072770568
-153.817349463
-153.415708327
-152.940957201
-152.52139218
-152.101827176
-151.699478835
-151.279913841
-150.932751619
-150.841474387
-150.932972189
-151.080363341
-151.265016687
-151.431038909
-151.543289454
-151.636665558
-151.655053345
-151.692779444
-151.729798336
-151.767524451
-151.786619447
-151.824345553
-151.86136445
-151.880459447
-151.717486678
-151.407586668
-150.968683316
-150.585673294
-150.513734387
-150.570798855
-150.682342215
-150.849071673
-150.99717001
-151.090082239
-151.164363348
-151.220013344
-151.293587227
-151.330606119
-151.349701115
-151.386476663
-151.386940553
-151.42395944
-151.478902229
-151.515921117
-151.534308897
-151.57132778
-151.571791672
-151.590179438
-151.608567219
-151.645586114
-151.700528892
-151.738254998
-151.831167217
-151.886817227
-151.923128899
-151.95944056
-151.978535563
-152.015554442
-152.016018336
-152.035113329
-152.034870002
-152.034626665
-152.107249994
-152.053235013
-151.815737789
-151.449237213
-151.064105533
-150.644540529
-150.243606633
-149.897151625
-149.569327741
-149.240796632
-148.912265522
-148.602365528
-148.310389422
-148.05496831
-147.745068319
-147.380689428
-147.052158306
-146.70570331
-146.304062206
-145.92175942
-145.538749421
-145.192294412
-144.918949408
-144.902903844
-144.960675541
-145.110188335
-145.241070021
-145.390582794
-145.484909455
-145.579236114
-145.636300563
-145.638178895
-145.657273891
-145.657737781
-145.676832775
-145.769501663
-145.787889457
-145.825372224
-145.62465057
-145.643745526
-145.718026654
-145.773676666
-145.84725056
-145.865638347
-145.92128834
-145.958063895
-145.995082781
-146.032101666
-146.069827781
-146.106846671
-146.107310563
-146.144329443
-146.23699833
-146.291941124
-146.237926128
-146.001136126
-145.872596641
-145.89169163
-145.966679985
-146.078223338
-146.170428348
-146.244002238
-146.317576122
-146.354595008
-146.355058894
-146.318967781
-146.337355548
-146.373667217
-146.409978889
-146.446997787
-146.484016673
-146.520328339
-146.556640003
-146.592951672
-146.665818334
-146.720053897
-146.774996674
-146.81130834
-146.812479456
-146.648799461
-146.35611611
-145.935136652
-145.533495522
-145.113930525
-144.7488444
-144.383758293
-144.037303298
-143.690848302
-143.363024416
-143.017276643
-142.818456073
-142.655483306
-142.456662767
-142.203363326
-141.98591164
-141.731904976
-141.477191084
-141.203846087
-140.93120831
-140.640646646
-140.36871609
-140.096078315
-139.824147759
-139.551509976
-139.278872197
-139.006234421
-138.733596641
-138.478882747
-138.224168862
-137.933607199
-137.825820521
-137.646338324
-137.430301101
-137.195632759
-136.978888302
-136.706957752
-136.470167752
-136.234084978
-135.961447206
-135.670885543
-135.453433864
-135.180796089
-134.890234423
-134.581748876
-134.272556097
-133.945439426
-133.618322755
-133.30912998
-132.981306093
-132.7265922
-132.746394412
-132.858644989
-132.971602791
-133.121115569
-133.288552227
-133.381464452
-133.41919057
-133.456209456
-133.475304454
-133.512323331
-133.605699445
-133.660642236
-133.753554455
-133.791987789
-133.866268885
-133.866732777
-133.885120557
-133.903508336
-133.95845111
-133.923067234
-133.649722244
-133.266712219
-132.773329985
-132.317209963
-131.897644956
-131.514634953
-131.149548844
-130.801679405
-130.436593298
-130.106647741
-129.77670219
-129.446756641
-129.098887202
-128.731679433
-128.346547768
-127.925568327
-127.559067768
-127.15742666
-126.99374664
-126.850819437
-126.616151117
-126.40011388
-126.128890544
-125.85695998
-125.584322197
-125.257205539
-124.875609987
-124.529862202
-124.22066942
-123.857704983
-123.476816647
-123.114559419
-122.806781073
-122.480371641
-122.172593305
-121.864107754
-121.5556222
-121.319539413
-121.193828852
-120.977084438
-120.75963277
-120.506333322
-120.235109985
-119.945962757
-119.656815532
-119.366961086
-119.077106645
-118.787252205
-118.479473872
-118.171695532
-117.845993311
-117.574769973
-117.267698874
-116.978551645
-116.652142203
-116.380211638
-116.088942756
-115.816304977
-115.671963306
-115.455218882
-115.201919434
-114.948619978
-114.675982202
-114.38471331
-114.074813308
-113.782837196
-113.436382207
-113.108558315
-112.744179421
-112.416355531
-112.051976653
-111.669673872
-111.341849972
-111.014026085
-110.66827831
-110.339747198
-110.029847202
-109.793764423
-109.540464994
-109.267827212
-108.958634428
-108.631517762
-108.303693875
-107.975869986
-107.629414987
-107.24711221
-106.901364424
-106.592171639
-106.264347756
-105.955154977
-105.628038317
-105.318845536
-105.027576647
-104.700459989
-104.373343319
-104.046226653
-104.011549961
-104.087952764
-104.219541679
-104.40560946
-104.573046126
-104.703927788
-104.779623342
-104.818056674
-104.837858894
-104.856953894
-104.876048892
-104.875805556
-104.894900558
-104.931919446
-104.986862222
-105.023881118
-105.060900007
-105.078580564
-105.078337227
-105.096725004
-105.133036665
-105.150717224
-105.168397781
-105.223340557
-105.259652229
-105.295963894
-105.332739448
-105.388610001
-105.406997781
-105.242610571
-104.913372226
-104.474468874
-104.054196641
-103.653262748
-103.325438849
-103.015538851
-102.942892733
-103.016466649
-103.145933897
-103.330587237
-103.497316681
-103.60886001
-103.663802794
-103.718745567
-103.755764452
-103.755521113
-103.774616115
-103.848653888
-103.903596671
-103.959246673
-104.014189453
-104.05050112
-103.886113911
-103.629278335
-103.371735534
-103.352861065
-103.4271422
-103.592457224
-103.758479459
-103.906577786
-103.979444452
-104.01575612
-104.070698891
-104.070455559
-104.088136112
-104.179147218
-104.196827784
-104.233139442
-104.268743893
-104.268500569
-104.048927238
-103.701057771
-103.553887182
-103.554351081
-103.6465561
-103.811871109
-103.958555012
-104.087315019
-104.160181683
-104.15898779
-103.938707242
-103.589423332
-103.167736646
-102.819159965
-102.489214411
-102.123421087
-101.794182752
-101.52083775
-101.21093776
-100.955516638
-100.827684408
-100.865410523
-100.959029998
-101.143683344
-101.291781684
-101.421956125
-101.514868346
-101.588442228
-101.589613338
-101.608465002
-101.627560002
-101.664578887
-101.682259448
-101.737202224
-101.774221113
-101.774685005
-101.811703889
-101.867353893
-101.885741671
-101.903422223
-101.921810005
-101.940905001
-101.996311665
-102.068471115
-102.142045007
-102.179063898
-102.160896675
-101.959954457
-101.612084997
-101.20902942
-100.787342752
-100.402211084
-99.999155534
-99.6326549744
-99.2840783087
-98.9355016423
-98.5697083174
-98.4777238591
-98.5527122123
-98.7015177866
-98.9055094564
-99.0550222389
-99.185903901
-99.2601850118
-99.2799872288
-99.2995461106
-99.318641112
-99.3191050038
-99.3561238895
-99.3938500001
-99.4308688905
-99.4858116676
-99.5041994496
-99.541218332
-99.5775300009
-99.6503966657
-99.7418944518
-99.7968372307
-99.814517782
-99.8512933314
-99.8680233311
-99.8677799967
-99.9220155518
-99.9217722301
-99.9028977812
-99.9205783318
-99.9389661086
-99.9566466687
-99.9750344451
-100.02927
-100.010395564
-100.028076112
-100.046463892
-100.101406669
-100.119087231
-100.154691673
-100.172128892
-100.190516669
-100.22753556
-100.263847227
-100.30015889
-100.318546665
-100.33622722
-100.335983891
-100.372295557
-100.408607223
-100.426995002
-100.464013896
-100.519663896
-100.555975561
-100.592287226
-100.647693891
-100.666081671
-100.739655554
-100.793891119
-100.848833898
-100.940331673
-101.013198344
-101.103988896
-101.121669455
-101.140057224
-101.159152226
-101.232018885
-101.268330562
-101.322566114
-101.414063894
-101.450375563
-101.485980003
-101.522291669
-101.576527226
-101.64939389
-101.667074451
-101.684755003
-101.721066667
-101.738747219
-101.775058887
-101.792739448
-101.810420003
-101.628108907
-101.316794446
-100.931662762
-100.529314419
-100.18144497
-99.870130522
-99.5401849722
-99.2460871931
-98.8795866551
-98.5682722053
-98.366622756
-98.3864249762
-98.497968332
-98.6833289005
-98.8500583475
-98.9809400113
-99.093654447
-99.1299661168
-99.1490611153
-99.1495249989
-99.1485744412
-99.1490383327
-99.1860572192
-99.2230761164
-99.2600950018
-99.2782394487
-99.2772888915
-99.2963838868
-99.3334027787
-99.3510833381
-99.3873950023
-99.4237066697
-99.4420944488
-99.4604822264
-99.4609461161
-99.4979649994
-99.5342766668
-99.5705883362
-99.5889761143
-99.5887327805
-99.6257516689
-99.6620633334
-99.6804511121
-99.7540250007
-99.808967787
-99.8632033359
-99.8629600072
-99.8992716672
-99.9355833343
-100.008450003
-100.08060945
-100.152768898
-100.207004453
-100.225392226
-100.243072777
-100.297308332
-100.333620004
-100.370638893
-100.443505556
-100.516372228
-100.552683897
-100.588995558
-100.661862225
-100.69746667
-100.733778334
-100.770090001
-100.824325556
-100.897192226
-100.896948896
-100.914629446
-100.932773885
-100.969085553
-101.004690003
-101.023077782
-101.040758334
-101.077070001
-101.131305559
-101.167617226
-101.203928892
-101.239533338
-101.293768893
-101.311449453
-101.110507239
-100.780561663
-100.376798867
-100.193073288
-100.211461072
-100.304373324
-100.470395568
-100.654341682
-100.802440011
-100.895352232
-100.913032787
-100.912082226
-100.949101107
-100.967488888
-101.022431666
-101.058743338
-101.04057612
-100.821710015
-100.437285554
-99.9983822014
-99.6139577434
-99.247457182
-99.0099599523
-98.9924999598
-99.0674883185
-99.2335105603
-99.4360877891
-99.5841861266
-99.695729458
-99.7334555652
-99.7525505659
-99.8074933367
-99.8438050011
-99.8442688907
-99.8626566684
-99.8989683351
-99.9180633364
-99.9550822251
-100.046580003
-100.118739449
-100.173682231
-100.228625006
-100.247720006
-100.284738889
-100.303126669
-100.339438334
-100.412305004
-100.467955006
-100.504973896
-100.559916674
-100.615566672
-100.633954449
-100.688897219
-100.744547226
-100.800197227
-100.855140007
-100.910082782
-100.965489446
-101.001801114
-101.020188899
-101.056500561
-101.092812228
-101.129831111
-101.166142779
-101.183823334
-101.183580002
-101.220598887
-101.292758337
-101.365625004
-101.401936678
-101.456879451
-101.492483894
-101.510871669
-101.547183328
-101.582787777
-101.600468336
-101.599517778
-101.617198329
-101.616955
-101.653266669
-101.689578336
-101.707258888
-101.725646669
-101.743327225
-101.779638888
-101.798026669
-101.835045558
-101.889988336
-101.927007228
-101.94468778
-101.980999449
-101.980756115
-101.981220002
-101.980026113
-101.997706666
-101.997463328
-102.01585111
-102.034238893
-102.070550556
-102.125493335
-102.179728895
-102.21604056
-102.216504453
-102.234892224
-102.308466112
-102.326853893
-102.327317779
-102.364336669
-102.400648338
-102.400161668
-102.454861106
-102.528434999
-102.619932781
-102.674875569
-102.730525565
-102.730989452
-102.749377218
-102.85997
-102.87906501
-102.952638891
-103.007581671
-103.02667667
-103.081619445
-103.118638335
-103.155657229
-103.211307226
-103.266250003
-103.33982389
-103.376842788
-103.395230561
-103.431542226
-103.449930004
-103.504165552
-103.540477224
-103.558865008
-103.613807779
-103.613564448
-103.649876109
-103.686187776
-103.759054447
-103.813290006
-103.868232785
-103.923175558
-103.941563339
-103.941320005
-103.977631663
-103.977388331
-103.995068887
-104.012749445
-104.013213335
-104.031601109
-104.067912779
-104.067669449
-104.086057223
-104.122368885
-104.159387779
-104.214330558
-104.269980558
-104.288368342
-104.306756117
-104.307220004
-104.344238889
-104.343995558
-104.343752222
-104.380527777
-104.41754667
-104.43593445
-104.472953335
-104.492048338
-104.491805003
-104.528116662
-104.565135558
-104.583523338
-104.639173337
-104.676192231
-104.694580002
-104.731598891
-104.787248893
-104.82426778
-104.861750559
-104.862214449
-104.899233334
-104.95346889
-105.027042781
-105.100616673
-105.138342787
-105.157437782
-105.17582556
-105.231475557
-105.287125557
-105.324851669
-105.362577783
-105.43615167
-105.473877783
-105.510896668
-105.565839448
-105.602858335
-105.640584445
-105.71486556
-105.751884455
-105.788903336
-105.82592222
-105.862941113
-105.899960007
-105.954902785
-106.009845562
-106.046864448
-106.083883333
-106.102271115
-106.13929
-106.175601671
-106.230544447
-106.267563337
-106.304582225
-106.340893891
-106.358574446
-106.377669446
-106.450536109
-106.724808877
-107.127377783
-107.53065392
-107.933930044
-108.373761154
-108.813592266
-108.978907281
-108.998002259
-108.926063347
-108.780307213
-108.690444426
-108.637136649
-108.618969432
-108.638064439
-108.675790557
-108.731440558
-108.787090564
-108.861371674
-108.88046668
-108.89956167
-108.918656668
-108.937751666
-108.956846664
-108.976648887
-108.977820006
-109.01483889
-109.033933894
-109.088876666
-109.125895561
-109.144990559
-109.146625559
-109.220199441
-109.294480557
-109.643277768
-110.064477792
-110.504308921
-110.963478374
-111.403309485
-111.806585595
-112.264340592
-112.7041717
-113.144002812
-113.565202811
-114.005033917
-114.426233917
-114.720552252
-114.7776167
-114.742940013
-114.635153331
-114.563921655
-114.529244987
-114.531123323
-114.588187774
-114.644545004
-114.700195004
-114.756552228
-114.83154056
-114.905821676
-114.942840565
-114.961935559
-114.981030556
-114.982201667
-114.98337278
-115.021098889
-115.058825004
-115.05904556
-115.078140554
-115.115159443
-115.170809448
-115.299569444
-115.646952218
-116.067445017
-116.561755025
-116.98224782
-117.384109488
-117.841157258
-118.316128918
-118.754545583
-119.210886137
-119.703781692
-120.160122249
-120.635801132
-120.927997813
-120.983647812
-120.967602234
-120.896370554
-120.769952768
-120.6621661
-120.645413323
-120.665215545
-120.702941662
-120.759298894
-120.797732228
-120.872720557
-121.056666665
-121.442018884
-121.864633347
-122.305878923
-122.710569488
-123.151107822
-123.51782893
-123.866626146
-123.958831156
-123.960709465
-123.888770549
-123.762352768
-123.654566101
-123.58333443
-123.621060539
-123.621524443
-123.677881666
-123.734238898
-123.789888895
-123.827615007
-123.86534111
-123.884436113
-123.903531109
-124.032291105
-124.362457218
-124.782950019
-125.240705033
-125.442575055
-125.481008376
-125.44562446
-125.355054443
-125.245853325
-125.173207204
-125.155039986
-125.228613882
-125.284971117
-125.377176117
-125.450750012
-125.487768898
-125.487525556
-125.487989441
-125.526179442
-125.526643338
-125.527107221
-125.52757111
-125.546666109
-125.547130003
-125.602072776
-125.620460564
-125.657479446
-125.713129443
-125.786460004
-126.079363877
-126.426039453
-126.902425579
-127.378104482
-127.817228366
-128.274983368
-128.732738366
-129.19049337
-129.666172253
-130.141851145
-130.636161138
-131.039437254
-131.168904486
-131.133520579
-131.064410555
-131.009688321
-130.973597207
-130.974768324
-131.011787224
-131.049513336
-131.105163335
-131.105627224
-131.087460003
-131.161033888
-131.417382773
-131.801320558
-132.18525836
-132.606458368
-133.064920587
-133.48612059
-133.833503369
-134.034666154
-134.345493902
-134.637690567
-134.929887237
-135.276562793
-135.604607238
-135.987837789
-136.389699459
-136.791561121
-137.138236684
-137.55943668
-137.998560574
-138.437684467
-138.840253362
-139.223483915
-139.680531689
-140.101024469
-140.520810022
-140.941302795
-141.379719458
-141.745026129
-141.837938357
-141.895002778
-141.806554444
-141.718106106
-141.702767772
-141.722569999
-141.799680002
-141.873961121
-142.002721117
-142.076295009
-142.131237785
-142.168963895
-142.170135
-142.152674998
-142.189693888
-142.244636667
-142.245100559
-142.263488336
-142.300507224
-142.337526112
-142.356621111
-142.392932775
-142.447875559
-142.520742227
-142.557761116
-142.594780005
-142.668110556
-142.686498338
-142.722810003
-142.759828894
-142.758878339
-142.795897219
-142.795653891
-142.831965552
-142.849646114
-142.885250556
-142.940193338
-143.01164556
-143.065881113
-143.120823892
-143.156428339
-143.21066389
-143.210420559
-143.24673222
-143.300017222
-143.336328888
-143.317454449
-143.317211107
-143.352815552
-143.352572223
-143.370252776
-143.38722611
-143.386982779
-143.404663332
-143.421636668
-143.458655557
-143.512891113
-143.549202786
-143.585514452
-143.603195004
-143.602708334
-143.639019999
-143.693962776
-143.711643338
-143.730031115
-143.711863891
-143.69298944
-143.729301107
-143.782829446
-143.837772226
-143.874083895
-143.911102783
-143.947414451
-143.965095007
-144.037718333
-144.074030005
-144.110341668
-144.165284446
-144.201596114
-144.273755559
-144.345915006
-144.436705558
-144.508865009
-144.581731673
-144.618043344
-144.617800006
-144.672035552
-144.762826113
-145.110208877
-145.568671113
-146.02784058
-146.486302822
-146.962688938
-147.383888941
-147.511941726
-147.531036694
-147.477021674
-147.403668324
-147.348946099
-147.31214777
-147.312611656
-147.330999441
-147.385942218
-147.404330003
-147.441348892
-147.478367784
-147.514679447
-147.551698335
-147.570086112
-147.624321665
-147.64270945
-147.679021112
-147.751180559
-147.824047225
-147.841727787
-147.859408338
-147.877088889
-147.876845553
-147.894526111
-147.98507333
-148.002753894
-148.021141672
-148.020898338
-148.03857889
-148.111202222
-148.166145005
-148.184532785
-148.184289449
-148.201726666
-148.219407223
-148.218456671
-148.236137226
-148.254525001
-148.290836668
-148.327855559
-148.345536115
-148.39977167
-148.472395004
-148.545968893
-148.545725561
-148.564113337
-148.599717778
-148.635322223
-148.653710002
-148.69002167
-148.708409449
-148.744721109
-148.762401666
-148.780789447
-148.817101115
-148.872043891
-148.908355561
-148.981222228
-149.054088896
-149.126248337
-149.217038897
-149.30782945
-149.398620005
-149.435638897
-149.491288893
-149.508969449
-149.526650001
-149.545037775
-149.581349443
-149.636292222
-149.673311118
-149.710330001
-149.728717779
-149.764078891
-149.819485555
-149.873721111
-149.909789447
-150.000800553
-150.055036117
-150.091347781
-150.109735561
-150.127416114
-150.182358888
-150.218670559
-150.235643894
-150.289879447
-150.308267224
-150.343871668
-150.379232781
-150.415544448
-150.433225004
-150.469536664
-150.468586109
-150.504897775
-150.52328556
-150.560304443
-150.615247225
-150.633635007
-150.652022784
-150.66875278
-150.705771662
-150.706235557
-150.723916113
-150.760227781
-150.759984449
-150.796296113
-150.814683893
-150.850752218
-150.869140002
-150.942006665
-150.978318338
-150.995998895
-151.033017779
-151.070036671
-151.106348335
-151.142660003
-151.17967889
-151.198066669
-151.179899446
-151.198287218
-151.215967778
-151.270910557
-151.307929447
-151.363579448
-151.418522226
-151.473465003
-151.528407785
-151.601274445
-151.710696114
-151.8021939
-151.911615565
-151.966558343
-151.98848223
-152.060641668
-152.059691114
-152.096709998
-152.133728892
-152.170747781
-152.225690556
-152.225447226
-152.261758889
-152.335553332
-152.353941116
-152.390252779
-152.426564443
-152.444952223
-152.48197111
-152.501066113
-152.537377777
-152.591613335
-152.646556111
-152.683575005
-152.737567222
-152.755955003
-152.792266666
-152.809240003
-152.845551668
-152.900494444
-152.91746778
-152.953779446
-152.971460007
-152.989140561
-153.080395
-153.117413893
-153.153725558
-153.153482229
-153.171162778
-153.207938332
-153.244006666
-153.280075001
-153.298462783
-153.316850556
-153.371793336
-153.408812225
-153.426492784
-153.444880561
-153.444393891
-153.498629439
-153.535648335
-153.590591117
-153.627610007
-153.682552784
-153.718864445
-153.718621111
-153.737008886
-153.755396668
-153.791708336
-153.828727228
-153.883670003
-153.92068889
-154.030110555
-154.359569438
-154.780062233
-155.201969472
-155.367991716
-155.406425039
-155.388965016
-155.371504997
-155.37126166
-155.390356659
-155.390820555
-155.391284446
-155.428303332
-155.447398336
-155.503048338
-155.540067226
-155.577793334
-155.596888336
-155.615276113
-155.652295002
-155.671390003
-155.749207222
-155.805564451
-155.860971116
-156.117319993
-156.519181669
-156.903826691
-157.325026699
-157.745519481
-158.184643363
-158.623767253
-159.062891142
-159.482676696
-159.957648357
-160.469882246
-160.96419225
-161.421947251
-161.897626133
-162.373305025
-162.793797809
-163.268769466
-163.798220022
-164.254560581
-164.602650579
-165.023850568
-165.407788353
-165.791726131
-166.248773906
-166.687897796
-167.163576682
-167.621331685
-168.115641682
-168.610658904
-169.069121129
-169.526876136
-170.021893358
-170.49898669
-170.939525022
-171.379356133
-171.819187249
-172.240387249
-172.71677336
-173.119342253
-173.430877252
-173.79759835
-174.164319458
-174.548257236
-174.969457238
-175.446550568
-175.831195575
-176.252395573
-176.692933908
-177.132765019
-177.554672244
-177.957241136
-178.397072243
-178.836196134
-179.238765026
-179.659965023
-180.063241134
-180.485148352
-180.889131685
-181.182035583
-181.512201688
-181.860998906
-182.210503353
-182.540669467
-182.870835578
-183.201001689
-183.530460575
-183.860626689
-184.245271683
-184.667886129
-185.07186946
-185.419959462
-185.786680576
-186.207880576
-186.611156688
-187.013725577
-187.452849462
-187.873342244
-188.295249465
-188.716449462
-189.13835668
-189.543047239
-189.928399466
-190.332382803
-190.754997246
-191.196242801
-191.619564473
-192.00562392
-192.408900029
-192.849438357
-193.234083362
-193.673914473
-194.113745584
-194.517728918
-194.938928915
-195.378760028
-195.817883916
-196.220452809
-196.641652804
-197.118746132
-197.540653359
-197.925298359
-198.328574466
-198.749067243
-199.170267244
-199.590760021
-200.029883911
-200.48763891
-200.926762801
-201.384517803
-201.842272802
-202.31795169
-202.830892798
-203.307278913
-203.747110024
-204.222788912
-204.661205586
-205.117546139
-205.373187816
-205.539210019
-205.796266113
-206.107801112
-206.419336125
-206.840536124
-207.243105022
-207.682228906
-208.139276685
-208.61495557
-209.127189459
-209.620085013
-210.132318903
-210.643845569
-211.174003348
-211.722792237
-212.252950014
-212.820370011
-213.314680015
-213.717956135
-213.884685589
-214.125939455
-214.403748339
-214.754667228
-215.122802795
-215.490231131
-215.876290578
-216.261642804
-216.702181132
-217.105457245
-217.528071689
-218.005872236
-218.483672795
-218.924918356
-219.364749472
-219.823211694
-220.244411697
-220.684242805
-221.105442802
-221.490087805
-221.691957809
-222.022123896
-222.37092112
-222.77561168
-223.198933353
-223.62225502
-223.988976139
-224.372913916
-224.812745023
-225.21602114
-225.655852241
-226.132238355
-226.553438359
-226.973931137
-227.412347801
-227.851471692
-228.326443354
-228.746936136
-229.166721687
-229.496180578
-229.571168917
-229.518568342
-229.44804388
-229.340964438
-229.30628777
-229.308166107
-229.347306665
-229.385740003
-229.441390003
-229.49774723
-229.53618056
-229.593244999
-229.594416115
-229.633313332
-229.688963335
-229.763244444
-229.836818336
-229.87454445
-229.912270562
-229.967920557
-230.023327224
-230.078977223
-230.098072225
-230.153722224
-230.154893338
-230.155357222
-230.173745
-230.192839995
-230.211934998
-230.28550889
-230.341158893
-230.378177783
-230.415903891
-230.453630004
-230.472725002
-230.509036669
-230.528131669
-230.529302778
-230.529766664
-230.566785556
-230.622435557
-230.696009447
-230.750952226
-230.806602229
-230.844328338
-230.863423334
-230.919073331
-230.974723337
-231.011742226
-230.993575004
-231.011962777
-231.031057776
-230.994966667
-231.013354442
-231.033156664
-231.033620555
-231.070639444
-231.106951111
-231.162601112
-231.200327227
-231.237346116
-231.292288891
-231.32930778
-231.367033891
-231.423391113
-231.461117228
-231.480919449
-231.536569442
-231.554957223
-231.554713891
-231.555885
-231.55705611
-231.576858332
-231.631801108
-231.724006111
-231.798287231
-231.836013341
-231.891663336
-231.910758336
-231.948484445
-232.004598335
-232.060248334
-232.079343335
-232.116362223
-232.171304999
-232.22624778
-232.26326667
-232.300285559
-232.355935556
-232.356863339
-232.375958329
-232.412977219
-232.449996112
-232.487015004
-232.542665005
-232.579683892
-232.635333888
-232.672352783
-232.709371669
-232.727759447
-232.746147226
-232.820892222
-232.821356116
-232.821819999
-232.840915
-232.877226665
-232.91424556
-232.951264447
-232.988283336
-233.025302225
-233.043690003
-233.080001665
-233.171499447
-233.227149449
-233.264168338
-233.337035006
-233.355422783
-233.355179445
-233.354936111
-233.373323887
-233.409635552
-233.409392223
-233.409148891
-233.427536667
-233.445217222
-233.481528887
-233.481992782
-233.536935552
-233.555323335
-233.610266111
-233.628653894
-233.682889447
-233.719908335
-233.756220004
-233.793238889
-233.81162667
-233.848645555
-233.849109448
-233.903808884
-233.940584447
-233.958972224
-233.995991118
-234.050933892
-234.069321671
-234.112705558
-234.113169447
-234.149481108
-234.186500006
-234.22351889
-234.242613893
-234.279632778
-234.298020559
-234.334332222
-234.37064389
-234.389738891
-234.498453332
-234.571320005
-234.607631671
-234.607388341
-234.589221113
-234.606901663
-234.661137217
-234.678110556
-234.750977224
-234.805920005
-234.860155563
-234.896467225
-234.932778888
-234.987014446
-235.005402223
-235.041006666
-235.078025557
-235.096413335
-235.09617
-235.13153111
-235.13128778
-235.131044445
-235.185987221
-235.240930002
-235.259317782
-235.313553333
-235.312602784
-235.349621671
-235.404564447
-235.495355001
-235.586852784
-235.604533342
-235.622213893
-235.639187227
-235.638943887
-235.657331663
-235.692936112
-235.729247784
-235.764852226
-235.764608886
-235.782289441
-235.799970002
-235.836281669
-235.853962226
-235.88956667
-235.94355889
-235.96194667
-235.998258335
-236.038813337
-236.075832223
-236.131482224
-236.167086667
-236.185231112
-236.184280555
-236.23851611
-236.274827779
-236.349816116
-236.403344451
-236.439656112
-236.42007445
-236.474309994
-236.510378335
-236.492211113
-236.565077774
-236.620020559
-236.637701115
-236.692643892
-236.747586669
-236.765267225
-236.801578889
-236.81996667
-236.892833334
-236.964992783
-237.000597231
-237.072513334
-237.072977224
-237.054102776
-237.071783332
-237.108095002
-237.180718335
-237.234953896
-237.289189448
-237.306870005
-237.342474448
-237.397417224
-237.451652778
-237.469333339
-237.469090003
-237.468846667
-237.506793332
-237.561736115
-237.597340562
-237.633652224
-237.615485001
-237.670427779
-237.707446666
-237.744465555
-237.799408335
-237.872275004
-237.927217786
-237.963993337
-237.999818336
-238.036130001
-238.053810556
-238.090829445
-238.127141112
-238.164160006
-238.200471669
-238.218859446
-238.273802221
-238.273558894
-238.328258334
-238.364570002
-238.419269448
-238.474212225
-238.510523895
-238.528911667
-238.547299446
-238.584318333
-238.638553892
-238.71142056
-238.766363342
-238.821306116
-238.858325005
-238.895100557
-238.949336113
-238.96701667
-239.004035559
-239.041054444
-239.077366115
-239.132308891
-239.168620558
-239.187008337
-239.241951113
-239.296893892
-239.315281669
-239.351593336
-239.405828891
-239.478695556
-239.551562222
-239.587873892
-239.587630561
-239.587387223
-239.623698883
-239.623455555
-239.659767221
-239.71471
-239.751021671
-239.787333339
-239.823645001
-239.840374998
-239.875979441
-239.911583889
-239.947895559
-239.984207225
-240.019811669
-240.037492222
-240.054929445
-240.071659447
-240.107971115
-240.163621114
-240.199932782
-240.235537225
-240.253925003
-240.290236669
-240.289286115
-240.362152778
-240.399171673
-240.416852227
-240.435239999
-240.434996666
-240.434753332
-240.470357776
-240.506669446
-240.542981112
-240.561368889
-240.579049447
-240.633992221
-240.651672781
-240.706615558
-240.796455558
-240.832767229
-240.905633893
-240.960576676
-241.014812224
-241.051123893
-241.068804449
-241.105116113
-241.140720555
-241.177032225
-241.249898891
-241.286210562
-241.33973889
-241.376050558
-241.393731114
-241.430042779
-241.448430559
-241.502666113
-241.574825554
-241.629768341
-241.648156118
-241.666543892
-241.684224445
-241.683273887
-241.719585555
-241.774528334
-241.810840006
-241.845737228
-241.91860389
-241.919067783
-241.954672222
-241.990276665
-242.04451222
-242.098040558
-242.152740002
-242.206732224
-242.278648337
-242.333591116
-242.387826672
-242.386876117
-242.404556669
-242.421530003
-242.475765554
-242.474815007
-242.528343334
-242.546023893
-242.598601667
-242.616282227
-242.61533167
-242.633012223
-242.651400001
-242.687711669
-242.724023338
-242.760335003
-242.759384447
-242.777528891
-242.813133336
-242.848737779
-242.884342227
-242.92065389
-242.938334445
-242.993277226
-242.993033893
-243.100554443
-243.155497227
-243.173177781
-243.191322224
-243.226926665
-243.262287779
-243.298599446
-243.334203893
-243.370515559
-243.370272225
-243.387245555
-243.42355722
-243.441945001
-243.477549445
-243.513861115
-243.548758338
-243.491207229
-243.441678889
-243.429412776
-243.460773891
-243.479405007
-243.479405004
-243.479405002
-243.479405002
-243.479405002
-243.479405003
-243.479405003
