0.0
-0.0379915000011
-0.0282249999969
-0.0693990000001
-0.1279775
-0.1536565
-0.180608499997
-0.2088335
-0.300092499998
-0.346995000001
-0.394534000011
-0.409810000007
-0.408954499994
-0.441635000007
-0.491720000001
-0.477059999994
-0.478114000014
-0.495935999982
-0.497626500001
-0.532216499982
-0.584847500008
-0.637478500001
-0.721735999989
-0.789861999995
-0.842492999989
-0.878992500001
-0.931623499995
-0.934586999983
-0.953681999983
-0.973413500014
-0.992508500014
-1.01223999998
-1.03197150001
-1.10137049999
-1.156965
-1.18029650002
-1.167765
-1.154597
-1.15819700002
-1.195333
-1.19956950002
-1.21993750002
-1.23966899999
-1.26003699999
-1.28040500002
-1.282513
-1.2699815
-1.25745000001
-1.27718150001
-1.31431749999
-1.3514535
-1.371185
-1.37478499999
-1.4125575
-1.48195650001
-1.535224
-1.57236000001
-1.5753235
-1.54602400003
-1.566392
-1.58676
-1.60649149999
-1.6633590001
-1.68309049979
-1.71895349993
-1.7715845002
-1.82421550017
-1.87684650013
-1.94560899991
-1.98083550005
-2.01733499988
-2.05319800002
-2.07292950002
-2.07376450005
-2.09413250005
-2.14972700019
-2.20235800016
-2.23885749997
-2.24245750015
-2.29445200011
-2.3141834998
-2.35004649994
-2.4020409999
-2.40500450008
-2.42409950008
-2.47673050004
-2.51195699986
-2.54782
-2.58813849983
-2.60723350014
-2.62569199983
-2.66155500028
-2.68128649997
-2.65135049987
-2.67044550018
-2.67340900004
-2.6763724999
-2.67997250008
-2.69970400007
-2.71879900008
-2.73853049976
-2.75826200008
-2.81089300004
-2.81682000007
-2.78688399997
-2.77371600001
-2.79344750002
-2.81550599988
-2.83396449987
-2.83692800005
-2.87342749988
-2.9780529998
-2.99778450012
-3.03301100025
-3.01920649998
-3.02280649984
-3.02577000002
-3.02746050019
-3.04655549987
-3.06628700019
-3.08601849988
-3.10511349988
-3.17387599998
-3.2097389998
-3.27786500022
-3.31372800004
-3.39862199997
-3.43384850011
-3.46971149993
-3.52234249989
-3.55820550003
-3.54376450007
-3.56349600006
-3.58322750007
-3.60232249975
-3.63754899989
-3.67341200003
-3.72900649985
-3.74746499985
-3.76655999985
-3.802423
-3.83764949981
-3.85610800013
-3.87520299981
-3.94396549991
-3.97919200005
-3.99828700005
-4.03351350019
-4.10396649984
-4.13919299998
-4.14151999984
-4.12835199988
-4.09841599978
-4.13364249991
-4.15273749992
-4.17246899991
-4.17543250009
-4.17775949995
-4.19685449995
-4.21594949995
-4.28471200005
-4.33966999988
-4.32586549991
-4.3281925001
-4.33115599995
-4.35088749996
-4.36998249995
-4.35681449999
-4.35914149985
-4.37823649985
-4.39733149985
-4.46545749995
-4.50132050009
-4.55395150006
-4.55627849992
-4.54247399995
-4.5783370001
-4.58066399996
-4.58299100013
-4.60399549981
-4.64049499995
-4.70925750005
-4.74512050019
-4.78034700001
-4.83234149998
-4.86756800012
-4.92019900008
-4.97219350004
-5.00742000018
-5.043283
-5.11140899979
-5.12986750011
-5.16636700024
-5.1699670001
-5.18906200011
-5.24105650007
-5.2762830002
-5.32827749985
-5.38027200013
-5.38323549999
-5.401694
-5.43755700013
-5.4405205
-5.45961549999
-5.47871049999
-5.51393699982
-5.51562749999
-5.56698550027
-5.61897999992
-5.65420650006
-5.70556450002
-5.74079099984
-5.79214900011
-5.79447599998
-5.79743949984
-5.75073549992
-5.78532550005
-5.82118849988
-5.82415200005
-5.82711549992
-5.82944249978
-5.83176949995
-5.85086449995
-5.86995949995
-5.88905449996
-5.90814950027
-5.94337599978
-5.94697599996
-5.96670749995
-6.00193400009
-6.02102900009
-6.00722450013
-6.01082449999
-6.030556
-6.05028749999
-6.10164549996
-6.1368720001
-6.15660350009
-6.12666749999
-6.146399
-6.14936249985
-6.16782100017
-6.20304749999
-6.23954699982
-6.27540999996
-6.29450499995
-6.33036800009
-6.35009950009
-6.38532599992
-6.43732049988
-6.45641549988
-6.4922784997
-6.54490949998
-6.5814089998
-6.64953500022
-6.68476149973
-6.72062450018
-6.72422450004
-6.7768555
-6.81208200014
-6.86407649979
-6.91607100007
-6.93580250007
-6.93812949993
-7.00752850003
-7.04339149986
-7.04699150003
-7.06672300003
-7.10258599986
-7.10554950003
-7.14141249986
-7.17663899999
-7.195734
-7.23159699982
-7.28359149978
-7.30268649978
-7.33791299992
-7.35764449991
-7.32770850013
-7.34680349982
-7.36589849982
-7.3694985
-7.37309849986
-6.77133950011
-6.31561950019
-5.81086850016
-5.30675399982
-4.77037650014
-4.21659450003
-3.63054949993
-3.09289900026
-2.522349
-1.91889950007
-1.31608650016
-0.713273499936
-0.110460500021
0.50848400003
1.12679200009
1.76123149996
2.39630749984
3.03074700003
3.68195450005
4.33316200006
4.83536699977
4.6589950001
4.20584149995
3.65462600025
3.13694649987
2.63667149994
2.08800199992
1.45612900014
0.790720000083
0.109179499895
-0.589128999806
-1.25326499986
-1.98383650015
-2.69827649999
-3.47915200006
-4.243896
-4.99187200012
-5.72371649978
-6.48909700003
-7.20481000019
-7.9037550002
-8.37240350017
-7.92792150011
-7.50828350014
-7.02284649993
-6.55290450019
-6.03265849971
-5.44725000025
-4.86184150016
-4.27579650006
-3.68975149998
-3.08757500006
-2.45186250019
-1.80065499985
-1.11654799988
-0.497603500141
0.121340999909
0.773184999929
1.42439249994
2.04270049999
2.693908
3.36061050016
4.0266765
4.64371150005
5.24397849997
5.84360899988
6.4922704999
7.12352750009
7.72252149999
8.28988900026
8.87402449973
9.42589699985
9.99390100012
10.5625414998
11.1305455
11.7308124999
12.3155845
12.851962
13.4373705001
14.039547
14.6255920001
15.2116369999
15.7983185
16.4011314999
17.0207124999
17.639657
18.291501
18.9911029998
20.0831719999
20.6195494999
21.1397955001
21.709709
22.2970270001
22.8682134998
23.4394
24.0267180001
24.6140359999
25.1858589998
25.740914
26.3127369999
26.9174595002
27.5383135002
28.1759355001
28.780658
29.3698855001
29.9920125001
30.5818765002
31.1717405
31.7616044998
32.3514684999
32.941969
33.4834384999
33.6965495
33.6322424999
33.5537135
33.508084
33.4140599999
33.3026314997
33.2563655001
33.2429989998
33.2464004999
33.2665700002
33.2377085001
33.1920790001
33.162581
33.116315
33.0868170002
33.0734504999
33.076852
33.062849
33.0817455
33.1000054999
33.1182654999
33.1029895002
33.0864404999
33.0537600001
33.0372110001
33.0038939999
32.9699405001
32.9688864999
32.9510644999
32.9164745001
32.9141474999
32.9118205001
32.9094934999
32.8910349999
32.8564450001
32.8373500001
32.8014869999
32.8159279999
32.7968329999
32.8106374998
32.7747745
32.7885790003
32.7527159998
32.7336209998
32.6983945
32.6464000001
32.6105369999
32.6075735001
32.5884785001
32.5526154999
32.5167525001
32.4976575001
32.4617945
32.4594675001
32.4403724998
32.3871050001
32.3667370001
32.297338
32.2447070001
32.2243390001
32.2039710001
32.1668349999
32.1309720001
32.0789775001
32.0592459998
31.9730789999
31.9043164998
31.8684535
31.8158225
31.7793229999
31.7602279999
31.7237284997
31.6878654999
31.6520025001
31.5993715001
31.562872
31.5599085001
31.5892079999
31.5856080001
31.5491084999
31.5293770002
31.4761095
31.4222055
31.4192419998
31.415642
31.3785060001
31.3581380001
31.3706694998
31.3483920001
31.311256
31.290888
31.2711565
31.2507885
31.2304205
31.2268205001
31.2058159998
31.1860845001
31.1489485
31.1621165002
31.1256170001
31.1052490001
31.068113
31.0806444999
31.0770445001
31.0734444999
31.0698445
31.0333449999
31.0136135002
31.0274179998
30.9741504999
30.9544190002
30.9340510002
30.8814200002
30.8294255
30.809694
30.7725580001
30.7521900001
30.74859
30.695959
30.6594594999
30.6397279999
30.6032285
30.5667289999
30.5476339999
30.4956394999
30.4591399998
30.4058725001
30.3209784999
30.2683474999
30.1989484998
30.1792169998
30.1104545001
30.0913594997
30.0716280001
30.0189970001
29.9502345
29.930503
29.9443075003
29.9407074998
29.9377439999
29.9018810001
29.8653815
29.8288819998
29.793019
29.7900554998
29.8032234998
29.7505924998
29.7476290003
29.7117659998
29.7088025
29.6561715
29.6693395
29.6831440002
29.6963120002
29.6765804999
29.673617
29.654522
29.6347905
29.6324634998
29.6133684998
29.5775055
29.557774
29.5219109999
29.5189475
29.4998525
29.480121
29.4771575014
29.474194
29.4544624984
29.4514990004
29.4814349996
29.4462085001
29.427113501
29.3912504987
29.3553874998
29.3033930002
29.3171974989
29.2806980006
29.2280670016
29.2083355
29.1886039988
29.1521045005
29.1665455014
29.1480869986
29.0786879998
29.0421885015
29.0230934993
28.9878669995
28.9352360004
28.8993730015
28.8306104987
28.7779794996
28.7421165007
28.6733540009
28.6052280002
28.5861330015
28.5341384984
28.4982754995
28.4462809999
28.4110545
28.35906
28.3722279997
28.4008910004
28.3817960017
28.3291649995
28.2926655013
28.2722975006
28.2532024985
28.2502390002
28.2305074989
28.1940080006
28.1581449987
28.1216455004
28.0857825011
28.0821825007
28.0953505
28.0756189988
28.0726555005
28.0529239992
28.017061
27.9973294988
27.9782344997
27.9591395006
27.9394079994
27.9364445011
27.8831769999
27.8802135016
27.8604820003
27.8382044988
27.8184730006
27.8155094992
27.7951414986
27.8257140002
27.805982499
27.8023825016
27.7658830003
27.7141075013
27.6788809984
27.675281001
27.6052454997
27.5693825008
27.5471049993
27.5273735011
27.4915104988
27.4885470008
27.4359159987
27.4497205002
27.4306255001
27.3947624994
27.3260000003
27.2901369995
27.2375060011
27.1526120012
27.1167489973
27.0808859997
27.0121235005
26.9768969997
26.9410340021
26.8561400022
26.8209135014
26.7856870006
26.7169245015
26.7139609991
26.7103609999
26.6906294998
26.6386350015
26.6021355007
26.5488679992
26.5620360007
26.5752040023
26.5883720007
26.5525089998
26.4633785007
26.4436470008
26.4041840007
26.3844524976
26.3647210007
26.3581575022
26.3551939999
26.3354624999
26.3324990006
26.3134040006
26.2758505007
26.2567555006
26.2370240007
26.2179290007
26.1981974975
26.1455664991
26.1419664999
26.1551344983
26.1354030014
26.1156714983
26.0959400014
26.0762084983
26.0564770014
26.0373819983
26.0182870014
25.9656559998
25.9297929991
25.8932935015
25.8567940008
25.8538305015
25.8508669991
25.8130945015
25.7772315007
25.7413685
25.7216369999
25.6857739992
25.6337794977
25.5979165
25.5452855016
25.4765230025
25.4406599986
25.4041605009
25.368297497
25.300171501
25.2475404995
25.1620099996
25.1267834988
25.0580209996
25.0537845004
25.0340529973
25.0304530012
24.9771854996
24.9245545012
24.8880550005
24.9005864989
24.8969864997
24.8933865004
24.8904230012
24.870691498
24.8509600012
24.831228498
24.7953655004
24.7588659997
24.7384979996
24.7355345004
24.7158029973
24.7122030012
24.6918350012
24.6882349988
24.6494084988
24.6296770019
24.609309002
24.5895774988
24.5698460019
24.5836505003
24.5639190003
24.5441875003
24.5076879996
24.5047245003
24.4807564979
24.4281254995
24.4251620004
24.3892989996
24.3856990004
24.3281950027
24.3084634996
24.2558325012
24.2199694973
24.2492689996
24.2282644996
24.1911284988
24.1720334988
24.1355340011
24.0822664996
24.046403502
23.9937724973
23.9411414989
23.9040054982
23.8681425006
23.814874999
24.3501985007
24.7568874987
25.1958395013
25.6354280008
26.1401790002
26.6616980003
27.1999850012
27.8034345021
28.4391469982
29.0425964991
29.6783090015
30.3146580007
30.9826335015
31.6183459976
32.3024529992
32.9388019984
33.5745145007
34.2263585008
34.9111019992
35.579714
36.5019745005
37.1699499981
37.8540569996
38.5059009997
39.1571084997
39.8244475005
40.5079179988
41.1920250004
41.8593640012
42.5267029989
43.1934054996
43.8117134981
44.4622844981
45.1296234989
45.8137305004
46.4817060013
47.1664494996
47.8350614973
48.5681995011
49.2845694979
50.0493340001
50.5946224979
50.90494
51.0732564982
51.1621884989
51.2517570027
51.3103355019
51.368914001
51.3945929987
51.4538080009
51.5130230001
51.5561065016
51.6146850008
51.6893950007
51.7641050006
51.8562195014
51.8999394997
51.8952650021
51.907358499
51.920724999
51.9508594998
51.9648624997
51.9801384997
51.9954144998
51.9591135006
50.8522064995
50.0543440004
49.2042679989
48.3181099992
47.4642149978
46.6258150003
45.7371110006
44.8645384983
43.9584300009
43.0361899996
42.1139500014
41.2084780009
40.3197740011
39.4143020005
38.50883
37.6536620017
36.7984940003
35.9768620004
35.1384619998
34.3000619992
33.4448940009
32.6232620011
31.7345580013
30.3931179996
29.4876459991
28.5821740017
27.7270060003
26.8886059996
25.9831339991
25.0441260001
24.0883500004
23.1493420015
22.2271020001
21.2880940012
20.3490859991
19.3926735026
18.4033615013
17.4301809977
16.5060315026
15.6141449998
14.8048255006
14.0116375023
13.2016815
12.3917255009
11.631437001
10.8543804972
9.31512599969
8.55356449967
7.77523499898
7.01303699905
6.29987000141
5.61832949908
4.96968850136
4.30491599969
3.67431599961
2.9766439996
2.2789719996
1.5812999996
0.85072850114
0.186592499497
-0.477543498943
-1.17457899892
-1.87161450209
-2.60218600055
-3.3159895013
-4.01302500128
-4.72682849895
-5.44063199971
-6.17184000127
-6.92045250045
-7.68519650038
-8.1867445006
-8.44059149877
-8.54479949945
-8.53354099796
-8.53905050032
-8.4955290004
-8.41847149892
-8.39044499984
-8.39595449901
-8.41695899901
-8.47086300055
-8.54089849976
-8.5948024981
-8.61517050128
-8.60263899972
-8.60623899892
-8.64273849977
-8.64570199893
-8.69896950044
-8.73483250126
-8.75456399813
-8.77429550128
-8.76049099966
-8.76345449895
-8.79931749977
-8.83518050047
-8.87104349809
-8.90626999888
-8.94213300278
-8.92832850129
-8.9641914989
-8.98392299885
-9.003654502
-8.99048650054
-9.02634950123
-9.04480800124
-9.06326650125
-9.0997659989
-9.11949749885
-9.15408749961
-9.20544550115
-9.22517699802
-9.24490850117
-9.28013500196
-9.31536149955
-9.35058800034
-9.40258249871
-9.45457700028
-9.47367199712
-9.52502999866
-9.57702450023
-9.59548300024
-9.63134600094
-9.6336730002
-9.61986850178
-9.62283199787
-9.67482649944
-9.69455799939
-9.71428949945
-9.75015250015
-9.76924750019
-9.80511049781
-9.82484200096
-9.84457349783
-9.86366850095
-9.88212700096
-9.91798999857
-9.92159000097
-9.92455350014
-9.92751699942
-9.96337999704
-9.98247500016
-10.0022065002
-10.0213015001
-10.0565280009
-10.1246540001
-10.1437490001
-10.1796119977
-10.2483745001
-10.2513379992
-10.2543014985
-10.2895280024
-10.3247545
-10.3438495
-10.3306815016
-10.3504129985
-10.3198404993
-10.3389354993
-10.3418990017
-10.3771254993
-10.3962204993
-10.4153154994
-10.4176425017
-10.4367374986
-10.4726004994
-10.4923319993
-10.5120635025
-10.5479265001
-10.5508899994
-10.5041859994
-10.5400490001
-10.5430124994
-10.5453394987
-10.5644345018
-10.6499650017
-10.6535650009
-10.7061959993
-10.7581905009
-10.7940534985
-10.8466845
-10.9322149999
-10.9680780007
-11.0039409984
-11.0565719998
-11.1098394983
-11.1457025022
-11.1815654998
-11.1851655022
-11.1732705007
-11.1930020006
-11.2127335007
-11.2331015007
-11.2863690022
-11.2899689983
-11.3097005014
-11.3133005006
-11.3336685006
-11.3534000007
-11.3898995014
-11.4425304998
-11.4790300005
-11.4987615006
-11.5233659998
-11.527602499
-11.5144345006
-11.5341659975
-11.5706655014
-11.5736290006
-11.5933605007
-11.6298600014
-11.6824909998
-11.7548535013
-11.7584535005
-11.7781850006
-11.7817849998
-11.785384999
-11.804479999
-11.8403429999
-11.9156690006
-11.9347640006
-11.9532224974
-11.9723175005
-11.9901394974
-12.0279120013
-12.0631385021
-12.1187329998
-12.0887970006
-12.1276235006
-12.1305869998
-12.1484089998
-12.2004035013
-12.2362664989
-12.2727660029
-12.3079925005
-12.359987002
-12.3958499997
-12.4317130005
-12.4699030004
-12.4889980005
-12.5577604996
-12.6611129995
-12.6634400019
-12.6509085003
-12.6377404988
-12.656835502
-12.6765669988
-12.7130664996
-12.7160299989
-12.7518929995
-12.7913559996
-12.8272190004
-12.8463140003
-12.8828135012
-12.9055085004
-12.9084719996
-12.9275669996
-12.980197998
-13.0012025011
-12.9880344996
-13.0077659996
-13.0107294988
-13.0291880019
-13.0489194988
-13.0854189995
-13.1045139996
-13.1236089996
-13.175603498
-13.2114665019
-13.2473294995
-13.2502930019
-13.2371249972
-13.2562200003
-13.2753150004
-13.2944100004
-13.3631724996
-13.4145304979
-13.4665249995
-13.4849834995
-13.4711790011
-13.4902739979
-13.509369001
-13.5445955018
-13.5636904986
-13.5660174979
-13.5683445002
-13.6042075011
-13.6233024979
-13.642397501
-13.660856001
-13.6967189986
-13.7325819995
-13.7510404995
-13.7701354994
-13.8053620002
-13.8573565018
-13.9261190009
-13.9613454985
-14.0127035
-14.0317985001
-14.0837929984
-14.1190194992
-14.154246
-14.1565730024
-14.1911629999
-14.2728744999
-14.3707175005
-14.4827824989
-14.5948475004
-14.6733765003
-14.7177330018
-14.778221001
-14.8058095018
-14.8340344994
-14.8467644994
-14.9386599992
-14.9687945
-15.0324649992
-15.0638724999
-15.0791485
-15.0789294992
-15.0787104984
-15.0784914977
-15.0789090001
-15.0793265024
-15.0971484993
-15.1478700009
-15.1663285009
-15.2019725008
-15.2036630001
-15.2227580001
-15.2579844977
-15.2603115
-15.2626384993
-15.2810969993
-15.2995554993
-15.3186504993
-15.3891035008
-15.4075620008
-15.4260205008
-15.4618834984
-15.4977464992
-15.5162049993
-15.5352999992
-15.5537584992
-15.5728534992
-15.5919484993
-15.6278115
-15.6804424984
-15.7324369999
-15.7676635007
-15.7532225023
-15.7394180008
-15.7423815
-15.7279404984
-15.7463989984
-15.7845890016
-15.8198154992
-15.8879415015
-15.9231680023
-15.9590309999
-15.9948939975
-16.0139890007
-16.0492155014
-16.084441999
-16.1364365006
-16.1729359983
-16.2242939998
-16.2756519981
-16.2779789974
-16.3802775012
-17.2280060011
-17.7779485005
-18.3775585022
-18.9926635015
-19.5742324993
-20.1880644986
-20.802532998
-21.4660324996
-22.1134005004
-22.8097994973
-23.5403709988
-24.2703059973
-24.9841095012
-25.697913002
-26.3943119988
-27.090711002
-27.7877464989
-28.484145502
-29.1805444989
-29.9098430005
-30.688808998
-31.4684114987
-32.2306094987
-33.0095754994
-33.491173002
-33.7095744986
-33.8802179992
-33.9521629984
-33.9583090008
-33.9147875009
-33.8551345002
-33.8438760018
-33.8648804986
-33.9020164993
-33.9559205009
-33.9930564985
-34.0134244985
-34.0499239993
-34.0535240016
-34.0577605009
-34.0948964986
-34.0991330009
-34.1362689985
-34.1405054978
-34.1273374994
-34.1638370001
-34.1835685002
-34.1865319993
-34.2056269994
-34.2421265001
-34.2786259978
-34.3009035009
-34.3199985009
-34.3403665009
-34.3439665001
-34.3798295009
-34.3827930001
-34.4186560009
-34.4233100025
-34.4585365001
-34.4943995009
-34.5147675009
-34.5667619993
-34.6026250001
-34.62172
-34.6414515001
-34.6773144977
-34.6970460008
-34.7322724984
-34.7513674985
-34.7704625016
-34.7901939985
-34.8099255016
-34.7967575
-34.7990844993
-34.8181794993
-34.8379109993
-34.8421475017
-34.8451110009
-34.8648425009
-34.8678060001
-34.8540014986
-34.8775519986
-34.8798790009
-34.8815695002
-34.8838964994
-34.9388545002
-34.9626035018
-34.9649305011
-34.9672575003
-35.0018475011
-35.0532054994
-35.0884320002
-35.1249314978
-35.1601580017
-35.1618485009
-35.1635390002
-35.1658659994
-35.2017290003
-35.2208240002
-35.2405555002
-35.2757819978
-35.2810724995
-35.3496160009
-35.3364479995
-35.3561794994
-35.3591430018
-35.3788744987
-35.4147374995
-35.4170645018
-35.4200279979
-35.4229915003
-35.4414500003
-35.4611815002
-35.5155030011
-35.5362885003
-35.5715149979
-35.6097050011
-35.6287999979
-35.6669900011
-35.7022164987
-35.7374429994
-35.7733059971
-35.7917645002
-35.8443955018
-35.8473589978
-35.8999899993
-35.8868220009
-35.8897855002
-35.8927489994
-35.9118439994
-35.9483435002
-35.9674385002
-35.9865335002
-36.023033001
-36.0098650026
-35.9799289971
-35.9835289995
-36.0026240027
-36.0055874987
-36.0149160012
-36.034010998
-36.0860055026
-36.1051004995
-36.1416000003
-36.1613315003
-36.1833899995
-36.2024849995
-36.2544794979
-36.274211001
-36.2610430027
-35.7361225018
-35.248776
-34.7291664998
-34.1934254989
-33.6409165003
-33.0710030009
-32.5010895016
-31.8989130008
-31.231574
-30.5642349992
-29.9297955
-29.2792245
-28.6292899999
-28.0116185015
-27.3933104999
-26.7911340021
-26.1721895005
-25.5526084989
-24.8523699997
-24.1676265013
-23.4338520006
-22.7162090007
-21.9663029992
-21.2331649985
-20.5329264993
-19.7997884986
-19.0672869979
-18.3347855004
-17.6351835012
-16.9188135012
-16.1863119974
-15.4538104998
-14.7213089991
-13.9733125007
-13.2246795025
-12.4928145017
-11.7615859979
-11.0303575003
-10.331391998
-9.63242649885
-8.9831284988
-8.66282549842
-8.53928300093
-8.52993399941
-8.58574749783
-8.67446050087
-8.79607299916
-8.8525230007
-8.87416400073
-8.8964414976
-8.95098200225
-8.97198650225
-8.97622300148
-8.99722750149
-9.06789949752
-9.08890400061
-9.12540349826
-9.19543900055
-9.24934299901
-9.30324700055
-9.35715099889
-9.37815549889
-9.38175550129
-9.38535550048
-9.38959199971
-9.392555499
-9.41165050212
-9.41525050131
-9.40208249985
-9.45471350133
-9.53960749815
-9.57738000202
-9.63064750045
-9.65165200045
-9.6391204989
-9.60982099976
-9.63018899974
-9.63442549896
-9.62189400061
-9.64289850062
-9.63036699906
-9.63460349828
-9.67237599907
-9.71014849986
-9.73051649984
-9.73538950217
-9.75575749907
-10.3332885024
-10.8000275011
-11.3164339989
-11.8657400015
-12.4137729977
-13.0282415001
-13.6259420019
-14.2894415004
-14.9529409988
-15.6003089997
-16.3308805012
-17.0279159981
-17.7081835005
-18.3884510029
-19.068718499
-19.7818854997
-20.4944160006
-21.224350999
-21.9871854989
-22.750656502
-23.4476919989
-24.1453639989
-24.8101365005
-25.4581410014
-26.1558130014
-26.8702529991
-27.5517935014
-28.2501020014
-28.965178499
-29.6970230006
-30.4120994982
-31.1607119974
-31.9093244998
-32.6250375005
-33.3904180005
-34.1216259988
-35.1410725009
-35.9045434977
-36.6847825015
-37.4482534983
-38.2446239999
-39.0254995005
-39.7728389997
-40.520815002
-41.268154498
-42.0154940004
-42.7299340011
-43.4437375019
-44.1910769979
-44.9216484995
-45.6696245018
-46.4853090009
-47.2171534993
-47.9651294984
-48.696974
-49.461718
-50.2096939991
-50.9738015022
-51.7385455021
-52.503289499
-53.3015695005
-54.0327774988
-54.5672250006
-54.8552444972
-54.9942614993
-55.0668429986
-55.0400894994
-54.9804365018
-54.9543194995
-54.9114344996
-54.8840445005
-54.9547164996
-55.0092570011
-55.0805655003
-55.1022065003
-55.1070794996
-55.1119525019
-55.0832894996
-55.0546265005
-55.0420949989
-55.0295634974
-55.0331634998
-55.0690265005
-55.1055259981
-55.1252575013
-55.1288574974
-55.1814885021
-55.1850885013
-55.2041835013
-55.2239149982
-55.193978999
-55.1808110006
-55.167642999
-55.1706064983
-55.1735700007
-55.2094329983
-55.2117600007
-55.2469865014
-55.2660814983
-55.2858130014
-55.3216759991
-55.3407709991
-55.3766339998
-55.3628294983
-55.3328934991
-55.3364935015
-55.3549520015
-55.3734105015
-55.3925054984
-55.4283685023
-55.4803630007
-55.5155895014
-55.5675839998
-55.6034470006
-55.654804999
-55.6900314998
-55.6929950021
-55.7288579998
-55.7479529998
-55.7838160005
-55.8184059982
-55.8704004997
-55.9062635004
-55.9421264981
-55.9450900004
-55.9648215005
-55.9839165004
-56.0197795012
-56.0059749997
-56.0257064997
-56.0286700021
-56.0148655006
-56.0500919981
-56.0691870013
-56.0882820013
-56.1402764997
-56.1922710012
-56.2113659981
-56.2304610012
-56.2166564997
-56.218983502
-56.2213105013
-56.2242739974
-56.1937015014
-56.1960284975
-56.3150949989
-56.7657025
-57.2982405018
-57.8804460027
-58.4458834997
-58.9939165023
-59.574849
-60.2060855001
-60.853453501
-61.5008215019
-62.1649575003
-62.8619930004
-63.5428969996
-64.223164502
-64.9201999989
-65.5669314997
-66.2304310014
-66.9261935014
-67.6058244975
-68.3183550014
-69.0631485006
-69.7750424982
-70.4863000022
-71.2143255005
-71.9758870005
-72.6877809981
-73.4164429997
-74.1289735005
-74.5783079984
-74.8141139989
-74.9357265004
-74.9599134973
-74.9176650005
-74.8754165005
-74.8325315006
-74.822545999
-74.8448234991
-74.8664645022
-74.8707010015
-74.8923420015
-74.9133464983
-74.9833820006
-75.0198814982
-75.0402495014
-75.1102850005
-75.1629159989
-75.182647499
-75.2185104997
-75.2047059982
-75.2070330005
-75.2261280005
-75.2619909982
-75.297217499
-75.3492119973
-75.3515389997
-75.354502499
-75.3413345006
-75.3623390006
-75.3653024997
-75.367629499
-75.3699564983
-75.3722835006
-75.3584789991
-75.3608060014
-75.3631330007
-75.3648234999
-75.3671504992
-75.3856089992
-75.4208355
-75.4231624991
-75.4248530015
-75.4768474999
-75.5127105007
-75.5311689975
-75.5496274976
-75.5519544999
-75.5375134984
-75.5559719984
-75.5750669984
-75.5941620015
-75.5790845
-75.5646434985
-75.5837385016
-75.6021970016
-75.6541915
-75.6558820024
-75.6749769992
-75.6940719993
-75.7131670024
-75.7322619992
-75.7345889985
-75.7369160008
-75.7553745008
-75.7744695009
-75.8103324985
-75.8623270001
-75.8640175024
-75.8992439999
-75.9022074992
-75.9380705001
-75.9732970007
-76.0085235015
-76.0276185016
-76.0467134984
-76.0658085015
-76.0842670015
-76.1194935023
-76.1547199999
-76.2067145015
-76.2748405006
-76.3094305014
-76.3446570021
-76.3798834997
-76.3983419997
-76.400032499
-76.4346224997
-76.4530809997
-76.4876710005
-76.5228975013
-76.5413560013
-76.5275514998
-76.5137470014
-76.549609999
-76.5693415022
-76.6052044998
-76.6417040005
-76.6446674998
-76.6140950006
-76.6170584999
-76.6529215006
-76.6552484998
-76.6911114975
-76.7102065006
-76.7293015006
-76.7316284999
-76.7339555022
-76.7698184998
-76.8224494982
-76.8415445014
-76.8438715006
-76.8629665007
-76.8814250007
-76.9005200006
-76.9034834999
-76.9064470022
-76.8758745
-76.8782015023
-76.8643970008
-76.8667239999
-76.885819
-76.9216820008
-76.9420500008
-76.9779129984
-76.9808765008
-77.0006079976
-77.0364710015
-77.0549295015
-77.0740244984
-77.1098874992
-77.0967194976
-77.0829149992
-77.1020099992
-77.1211049993
-77.1401999992
-77.176063
-77.2280574984
-77.2465159984
-77.2649744984
-77.2840695015
-77.3038009984
-77.3557955
-77.2768285016
-76.5608760009
-76.1212874983
-75.6481630004
-75.1266440003
-74.5715889985
-74.0171705
-73.3808215007
-72.7773719999
-72.1248914999
-71.4395115015
-70.8037989991
-70.1513185022
-69.4833430014
-68.7985994999
-68.1467554999
-67.4626484983
-66.827572499
-66.1757285022
-65.5412890029
-64.939748999
-64.3723814996
-63.8050140003
-63.2705460025
-62.4346714996
-61.8995669987
-61.2992999978
-60.7306595016
-60.1297560007
-59.5288524999
-58.9111810014
-58.2928729998
-57.6752014982
-57.0562569996
-56.4540804988
-55.8028729988
-55.151665502
-54.5327210004
-53.8647454996
-53.2129014995
-52.5281580011
-51.8279194988
-51.1599440012
-50.4758369996
-49.7917299981
-49.0914915021
-48.3912529997
-47.7561770005
-47.3352659986
-47.161419502
-47.0869080005
-47.1110950005
-47.1843129996
-47.2904305004
-47.4288109995
-47.5504234978
-47.5565695002
-47.5459475018
-47.5191939994
-47.5582395003
-47.597285001
-47.6189259978
-47.6231625003
-47.6273989995
-47.6309989987
-47.6681349995
-47.7207659979
-47.7733970025
-47.8434324985
-47.8799319993
-47.8996634993
-47.9026270017
-47.9062270009
-47.9427264986
-47.9308315001
-47.9183000018
-47.921263501
-47.9242270002
-47.9439585003
-47.980458001
-48.0156845018
-48.0515474994
-48.0712789994
-48.1071420002
-48.1430049978
-48.1795044985
-48.1985994986
-48.2176945017
-48.2200215009
-48.2558844986
-48.2749795017
-48.2940745017
-48.3305739994
-48.3490325025
-48.3687639993
-48.3549595009
-48.4069539993
-48.4099174986
-48.4457805025
-48.4487439986
-48.4517075009
-48.4385395025
-48.4750390002
-48.4780024993
-48.4977339994
-48.5174654994
-48.5371969994
-48.523392501
-48.543760501
-48.5970279994
-48.6496590009
-48.6693904978
-48.6891220009
-48.7088534978
-48.7124535002
-48.7489530009
-48.8183520001
-48.8213155025
-48.8081474978
-48.8446469985
-48.8805099993
-48.9331410008
-48.9696404985
-49.0061399992
-49.0097400016
-49.0456029992
-49.0485664985
-49.0999245
-49.1519189984
-49.2206814976
-49.2733125022
-49.3259435006
-49.3450384975
-49.3809015014
-49.3838650007
-49.4203645014
-49.4071964998
-49.3802239999
-49.3831875023
-49.3861509984
-49.3897510008
-49.4094825007
-49.4453455016
-49.4805719991
-49.516435
-49.5355299999
-49.5546249999
-49.5743565
-49.5605519984
-49.5138480016
-49.4677805017
-49.4707439978
-49.5066070017
-49.5095704978
-49.5454335017
-49.532265497
-49.5190974986
-49.5555969994
-49.5753284994
-49.5789284986
-49.5992964986
-49.5861285002
-49.5729605018
-49.5933284987
-49.5814335003
-49.6179329979
-49.6383010011
-49.6593054979
-49.6300059988
-49.6336060012
-49.6701055019
-49.6904734988
-49.7114779988
-49.7312094988
-49.7515775019
-49.7719455019
-49.8252130003
-49.8791169987
-49.8665855003
-49.8869535003
-49.9240895011
-49.9612254987
-50.0151295003
-50.0845285025
-50.0713604979
-50.1078599986
-50.1449959994
-50.1492325018
-50.152832501
-50.1725639978
-50.192295501
-50.2287949986
-50.2646580025
-50.2843894994
-50.3202525001
-50.3406205002
-50.3764835009
-50.3794470002
-50.4308049985
-50.4331319978
-50.4384224994
-50.4742855001
-50.4598445018
-50.4950709994
-50.5141659994
-50.5667970009
-50.5852555009
-50.5882190002
-50.6234454978
-50.7100300001
-50.7458930008
-50.7649880009
-50.8002144984
-50.8354409992
-50.8706675
-50.8897625001
-50.8604630008
-50.8634265001
-50.8496220017
-50.8693534986
-50.8578759994
-50.844071501
-50.8638029978
-50.8667665002
-50.9210879978
-50.9240515002
-50.959914501
-50.9790094979
-51.0155089986
-51.0352405017
-51.038204001
-51.0076315018
-51.0273629987
-51.0470945019
-51.0997255003
-51.1517199986
-51.2037145002
-51.2066779994
-51.193510001
-51.1809784994
-51.2007099995
-51.2694724986
-51.3053355025
-51.3250669994
-51.3454349994
-51.3645299994
-51.3836250025
-51.4385830002
-51.4744460009
-51.4774095002
-51.4965045001
-51.4988314994
-51.5179264994
-51.553789497
-51.5896525009
-51.6093839978
-51.6446104986
-51.6630690017
-51.6815275017
-51.7006225017
-51.7364854993
-51.7555805025
-51.7901705001
-51.7924975025
-51.7954609986
-51.8306874993
-51.8491459994
-51.8688774993
-51.8873359993
-51.9057944993
-51.9081214986
-51.9265800017
-51.9785745
-52.0299324985
-52.0651590024
-52.0674860016
-52.0704494977
-52.0734130001
-52.8373014992
-53.4201435002
-54.0539260003
-54.6361315012
-55.217700499
-55.8483004991
-56.4621325016
-57.0927325016
-57.7407369993
-58.3881050002
-59.0522410018
-59.7331450011
-60.4314535011
-61.1626615027
-61.8771015002
-62.5754100003
-63.3066180018
-64.0042899988
-64.684557498
-65.3809565011
-66.0605875004
-66.773754498
-67.5036894995
-68.3342324994
-69.0815720018
-69.8289115009
-70.5433514986
-71.2906910009
-72.0044945017
-72.7182979993
-73.4824054992
-74.2297450016
-74.9609529999
-75.7256969998
-76.4736729991
-77.2048809975
-77.9534935029
-78.6679334974
-79.3997780021
-80.1309859974
-80.862193999
-81.6101699981
-82.7824380008
-83.5297774999
-84.2777535022
-85.0592654997
-85.7911100013
-86.5061864989
-87.205131499
-87.903439999
-88.5849805014
-89.2832890014
-89.9474249998
-90.6612284975
-91.4085679998
-92.1391395014
-92.8535795022
-93.5344834983
-94.2650549998
-94.9956265014
-95.6926619983
-96.3561614999
-96.8222639986
-97.1257784991
-97.2647955012
-97.3057505021
-97.2802699998
-97.2554260006
-97.2144505007
-97.1896065015
-97.180894
-97.1709084985
-97.2099539992
-97.2161000016
-97.2377409984
-97.3084130007
-97.3468219983
-97.4007259999
-97.4707615022
-97.5246654974
-97.6108325005
-97.6144324998
-97.6515685005
-97.6880680013
-97.7419719996
-97.7958759981
-97.7994760005
-97.7869444989
-97.7911809981
-97.8115489981
-97.8319170013
-97.8690530021
-97.889421002
-97.8942940013
-97.8978940005
-97.9182620005
-97.9379935005
-97.9583615005
-97.9613249998
-97.9655615021
-98.0020609997
-98.0217924997
-98.0408874997
-98.0612554997
-98.0809869998
-98.084586999
-98.0875505013
-98.1066455014
-98.1263770013
-98.1293405006
-98.1658400013
-98.1688035006
-98.1885350006
-98.2082664974
-98.2279980006
-98.230961503
-98.2674610006
-98.2871925006
-98.2740244991
-98.293119499
-98.3128509991
-98.332582499
-98.3690819999
-98.3888134998
-98.4085449998
-98.4276399998
-98.447371503
-98.4671029998
-98.4868344998
-98.5388290013
-98.574691999
-98.6099184997
-98.6296499997
-98.6487449997
-98.6678399998
-98.7030664974
-98.7060299997
-98.7418930005
-98.7932509989
-98.8284774997
-98.8811085012
-98.9498710003
-98.9850975011
-99.0203240019
-99.0723185003
-99.1404445026
-99.1763075002
-99.2283019986
-99.2312655009
-99.2174609994
-99.2042930011
-99.2562874994
-99.2598875018
-99.2963869995
-99.3322500002
-99.3513450002
-99.3381770018
-99.3746764995
-99.3776399986
-99.3967349987
-99.4158300018
-99.4349249986
-99.438525001
-99.4576200011
-99.4599469971
-99.4951734979
-99.5484409994
-99.5514045018
-99.5806835018
-99.5668789971
-99.5698424995
-99.5889374995
-99.5925374987
-99.6116324988
-99.6139595011
-99.633690998
-99.6820650011
-99.701796498
-99.7041235003
-99.7238550004
-99.7597180011
-99.7788130011
-99.797907998
-99.8337710019
-99.8689974995
-99.8880924995
-99.8910560019
-99.9107874987
-99.9305190019
-99.9496139987
-99.9693455019
-100.004572003
-100.033214503
-100.0690775
-100.0881725
-100.123398998
-100.141857498
-100.177720502
-100.213583499
-100.264941501
-100.300167999
-100.336030999
-100.388025498
-100.4752465
-100.510473001
-100.578599
-100.646724999
-100.717177998
-100.7201415
-100.708246498
-100.727341501
-100.763204499
-100.7990675
-100.8181625
-100.854025501
-100.889888498
-100.892215501
-100.927442001
-100.963304999
-100.982399999
-101.0252645
-101.044996
-101.014423498
-101.000618999
-101.003582501
-101.023313998
-101.059176999
-101.078272002
-101.081235498
-101.116461999
-101.155288499
-101.158252002
-101.161215498
-101.164179
-101.150374498
-101.169469502
-101.172432998
-101.191528001
-101.210623001
-101.21295
-101.25114
-101.303134498
-101.322229498
-101.357455999
-101.359783002
-101.378877998
-101.398609502
-101.418340998
-101.454204002
-101.457167498
-101.476262498
-101.478589501
-101.514452498
-101.516779498
-101.535237998
-101.570464502
-101.6230955
-101.658322001
-101.693548502
-101.728774999
-101.764638
-101.816632498
-101.851859002
-101.903216997
-101.922312001
-101.974306502
-102.026301001
-102.111195
-102.1296535
-102.165516501
-102.1691165
-102.1882115
-102.240205999
-102.2767055
-102.296437
-102.316805
-102.322731998
-102.326332
-102.362831501
-102.382562998
-102.419062499
-102.472329997
-102.4765665
-102.463398498
-102.4669985
-102.4705985
-102.474198502
-102.477798501
-102.447862499
-102.5004935
-102.520225001
-102.539956501
-102.526788502
-102.552248499
-102.5881115
-102.591074999
-102.596365501
-102.582561002
-102.601655999
-102.620750999
-102.642809498
-102.678672502
-102.697131002
-102.732994
-102.768857001
-102.787952001
-102.840582999
-102.860314499
-102.863278001
-102.883009501
-102.885973001
-102.8889365
-102.906539499
-102.926270999
-102.946002499
-102.997997001
-103.017091997
-103.069723002
-103.121717501
-103.174348499
-103.210848
-103.262206001
-103.280664501
-103.332659
-103.400785002
-103.485678999
-103.520268999
-103.571627001
-103.573954
-103.560785999
-103.596012499
-103.647370501
-103.683233499
-103.702328502
-103.722059999
-103.741791502
-103.727987
-103.730950499
-103.7668135
-103.7859085
-103.822408001
-103.858270999
-103.863780501
-103.903879998
-103.923611501
-103.9272115
-103.9463065
-103.933138502
-103.949468501
-103.985331502
-104.004426499
-104.039652999
-104.058748003
-104.080169999
-104.082497001
-104.101592001
-104.088423999
-104.090750999
-104.109845999
-104.112809501
-104.148035999
-104.167130999
-104.186226002
-104.221452499
-104.223779499
-104.243511002
-104.279374
-104.315237
-104.317564003
-104.336659
-104.311178497
-104.350005
-104.3697365
-104.404963001
-104.440825999
-104.459921002
-104.479016002
-104.530374
-104.582368502
-104.618231499
-104.670225998
-104.705452499
-104.740678999
-104.845304499
-104.914067002
-104.949293499
-104.98452
-104.974952001
-105.026946502
-105.079577501
-105.137937002
-105.1738
-105.209026501
-105.2126265
-105.214953499
-105.234048499
-105.253143502
-105.2890065
-105.341000998
-105.376227499
-105.395322499
-105.381518001
-105.417380998
-105.456843998
-105.459171001
-105.446639499
-105.449602998
-105.468698002
-105.4548935
-105.457856999
-105.496683499
-105.548678001
-105.567773001
-105.560532001
-105.5825905
-105.602322
-105.6207805
-105.656643501
-105.675738498
-105.694833501
-105.714565001
-105.766559499
-105.8024225
-105.840831501
-105.843795
-105.889842001
-105.8928055
-105.929305001
-105.932905
-105.985536002
-106.021398999
-106.040494002
-106.093761501
-106.147029002
-106.166760499
-106.202623503
-106.254618001
-106.290480999
-106.310212499
-106.378975001
-106.414837999
-106.435206002
-106.454300999
-106.490800503
-106.5266635
-106.578657999
-106.6306525
-106.649747497
-106.669479
-106.6892105
-106.724437001
-106.7106325
-106.7488225
-106.817585002
-106.837316499
-106.826475503
-106.829438999
-106.849170502
-106.868901999
-106.907728499
-106.928096499
-106.947828002
-106.983054503
-106.986017999
-107.009349501
-106.9961815
-107.0152765
-107.830105501
-108.379411501
-108.962253501
-109.561227
-110.1924635
-110.856599499
-111.554271499
-112.268711499
-112.966383499
-113.647287499
-114.344323002
-115.074258
-115.820960999
-116.567027502
-117.3627615
-118.108828002
-118.871026002
-119.633224002
-120.461857499
-121.291127499
-122.137165499
-122.934172501
-123.715047999
-124.477882498
-125.257485002
-125.986783501
-126.715445502
-127.426703
-128.205032501
-129.000766499
-129.762964499
-130.525162502
-131.287360502
-132.066326503
-132.811756502
-133.573317999
-134.4354875
-135.213817001
-136.025046
-136.903347002
-137.731980499
-138.5277145
-139.306044001
-140.051474
-140.829803498
-141.657800501
-142.502565498
-143.347966999
-144.193368502
-145.03877
-145.86804
-146.714714497
-147.544621
-148.359032499
-149.20698
-149.970451
-150.751326501
-151.531565498
-151.982809499
-152.203120502
-152.360178499
-152.4179015
-152.407916002
-152.3811625
-152.353772501
-152.359282
-152.364791502
-152.387068999
-152.457104501
-152.494877002
-152.548781001
-152.570422001
-152.608194501
-152.580167999
-152.585041001
-152.589277501
-152.609008998
-152.645508501
-152.682008002
-152.703012502
-152.739512
-152.75988
-152.797016001
-152.834152001
-152.820984
-152.792957501
-152.812688998
-152.833057001
-152.852788501
-152.873793001
-152.894161001
-152.880993002
-152.916856
-152.970123498
-152.973723501
-153.010223001
-153.013823001
-153.034190998
-153.053922501
-153.090422001
-153.143053
-153.178916001
-153.215415501
-153.2035205
-153.240020001
-153.259751501
-153.295614498
-153.304306501
-153.324674501
-153.345679001
-153.381541998
-153.417405002
-153.420368498
-153.4729995
-153.544089001
-153.579951999
-153.615815
-153.6355465
-153.688177501
-153.707272501
-153.742498999
-153.762230502
-153.781961999
-153.817825
-153.8362835
-153.8721465
-153.908009501
-153.9116095
-153.946836001
-153.965294501
-153.968258
-154.004121001
-154.023215998
-154.025543
-154.063733
-154.066060003
-154.118054501
-154.1203815
