0.0
0.0397846057674
-0.0102274548881
0.0431173119763
0.061343261753
0.0268909859173
0.0282240683966
0.0295571508858
0.0955662013216
0.0491161831484
0.0497827243966
0.0159969897884
-0.000895877518466
0.0342229395854
0.0524488893457
-0.0153519161081
0.00110374623934
0.0186631547242
0.00177028747992
0.0362225632761
0.055115054344
0.0551150543105
0.0882342476566
0.07134138038
0.0551150543105
0.0382221870327
0.0551150543105
0.00310336993008
0.0199962372402
0.0206627785143
0.0199962372402
0.0206627784485
0.0206627785143
0.0726744628289
0.0582184242741
0.0244326896849
-0.0131229561394
-0.0137894973477
0.00376991120418
0.038888728241
0.00443645244604
0.0213293197226
0.0206627784485
0.0213293197226
0.0213293197561
0.00220749241161
-0.0131229561072
-0.0131229561059
0.020662778482
0.038888728241
0.0388887282745
0.020662778482
0.00376991117065
0.0395552695151
0.0726744628624
0.0557815955524
0.0388887282745
0.00310336993008
-0.0306823646256
0.0213293196903
0.0213293197226
0.0206627784807
0.0595515068521
0.0206627781543
0.0375556459288
0.0551150546021
0.0551150542795
0.0551150542795
0.0720079213833
0.0368891046818
0.0382221868404
0.0375556459288
0.0206627784769
0.000874409992441
0.0213293197239
0.0582184244057
0.0551150542795
0.0382221868276
0.00376991137314
0.0544485130326
0.0206627781543
0.0375556459288
0.0544485130326
0.0031033701262
0.0199962372427
0.0551150542795
0.0368891043465
0.0375556459288
0.0422214342838
0.0199962375653
0.0193296956731
0.0375556462514
0.0206627781543
-0.031348905999
0.0199962375653
0.00310336980357
0.00310336979084
0.00376991137315
0.0206627784769
0.0199962372427
0.0206627781543
0.0206627788123
0.0551150542795
0.00620673991704
-0.031348905999
-0.0137894973129
0.0206627784896
0.0230996070336
0.0193296959958
0.00310337012621
0.0382221868404
0.109563567312
0.0206627788123
0.0368891046818
-0.0144560388825
0.00376991103778
0.00310337012621
0.00177028764505
0.0199962369073
0.0206627788123
0.0206627781543
0.0199962372427
0.0720079217186
0.0375556455934
0.0713413808071
0.0375556455934
0.0889007888352
0.0368891046818
0.0375556455934
0.0551150542795
0.037555645916
-0.0151225797941
0.0206627784769
0.0206627784896
0.0199962369073
0.0368891046819
0.0375556459288
0.0582184240703
0.0193296959958
0.0199962372427
0.0375556459288
0.0368891043465
0.0193296963311
0.0199962369073
0.0720079217186
0.0368891046819
0.0199962372427
0.0368891046818
0.0737782087057
0.0368891046819
0.00243682855663
-0.0137894973129
-0.031348905999
0.0368891046818
0.0199962372427
0.0206627784769
0.0031033701262
0.00243682855662
0.0199962372427
0.0199962372427
0.0720079217187
0.0575518828361
-0.0144560385599
0.002436828892
0.00310336979084
0.0206627784896
0.01999623723
-0.013789497313
0.00243682855663
0.0199962372427
0.0199962372427
0.0713413804717
0.0375556459288
0.0551150542795
0.00243682855662
-0.0144560385599
0.0375556459288
0.00243682855663
0.00243682887925
0.0219958606354
0.038222187163
0.0720079217186
0.0375556459288
0.0368891043465
0.0544485130453
0.0368891046819
0.0551150542795
0.0544485130326
0.0368891046819
0.0375556455934
0.0713413801491
0.0193296963311
0.038222187163
0.00376991103778
0.0199962372427
0.0544485130326
0.0368891046818
0.0544485127099
0.0544485133679
0.00310336979087
0.0193296960085
0.0375556459161
0.00310336980357
0.01999623723
0.0199962372427
0.0368891043592
0.00177028764506
0.053781972121
0.0544485127099
0.0368891046818
0.0537819717984
0.0368891043465
0.053781972121
0.00243682855661
0.00310336980357
-0.0489083143497
0.0362225634349
0.0375556455934
0.00310337012619
0.00310336980357
0.00243682855663
0.00243682887925
0.0199962372427
0.0199962372427
0.0199962372427
0.0199962375653
0.0368891040239
0.00376991137313
0.0206627784769
0.0368891046818
0.0199962372427
-0.0144560385599
0.00376991103778
0.0206627784897
0.0206627784769
0.0537819717984
0.0368891046818
0.0206627784769
-0.031348905999
0.0206627784896
0.00310336979084
0.0193296963311
0.0368891043465
0.0382221868404
0.0375556459288
0.01999623723
0.0375556459288
0.0206627784769
0.0368891043592
0.0544485130326
0.0199962372427
0.0375556455934
0.0551150546021
0.0382221868404
0.0713413808071
0.0368891040239
0.0375556462514
0.00376991103778
0.0551150542795
0.0368891046818
0.0544485127099
0.0544485133679
0.0206627784769
0.00243682855666
0.0726744629656
0.0375556455934
0.0037699113604
0.0206627784897
0.0375556455934
0.00310337012621
0.0375556455934
0.0368891046818
0.0199962372427
0.0375556455934
0.0544485130326
0.0199962372427
0.0368891046819
0.0206627784769
-0.0313489056637
0.0199962369074
0.0199962372427
0.00376991137313
0.00376991103778
-0.630160550943
-0.477228867951
-0.528574011193
-0.527907470281
-0.561693204179
-0.579919154422
-0.61370488899
-0.56302628666
-0.597478563108
-0.631930838588
-0.631264297341
-0.631264297663
-0.631264297341
-0.64815716478
-0.647490623546
-0.664383490649
-0.665050031896
-0.664383490985
-0.681942899335
-0.681942899335
-0.525907845895
0.184696326159
0.474541235664
0.577231521476
0.542112705098
0.523886754855
0.574565356837
0.66169585804
0.696814675399
0.713707542838
0.731266950866
0.695481592918
0.76505268608
0.748159818305
0.817730911467
0.800838044028
0.783278635678
0.766385767903
0.801504585598
0.749492901122
0.731933492436
0.490767561533
-0.465460462013
-0.439443885952
-0.50834843788
-0.492122111339
-0.54480033772
-0.613038347085
-0.613038347743
-0.61370488899
-0.613704888977
-0.630597756106
-0.665716573131
-0.681942899671
-0.716395175125
-0.648157164457
-0.64815716478
-0.682609440582
-0.681942899335
-0.647490623533
-0.681942899335
-0.69816922554
-0.697502683971
-0.646157541052
-0.628598132378
-0.627931591131
-0.679276734373
-0.661050784775
-0.627265049885
-0.594145856911
-0.611705264604
-0.577919530706
-0.594812398145
-0.595478938734
-0.594812398145
-0.628598132378
-0.612371806496
-0.561693204514
-0.613038347743
-0.630597756094
-0.61370488899
-0.613704888655
-0.614371430224
-0.631264297341
-0.648823706027
-0.64815716478
-0.68260944057
-0.732621501008
-1.14361198266
-0.561693204501
-0.544800337397
-0.596812021538
-0.615037971471
-0.598145103697
-0.598145104355
-0.615037971471
-0.615037971136
-0.598811645266
-0.581252236915
-0.598811645266
-0.633263921391
-0.650156788508
-0.667716196859
-0.633263921069
-0.617037595186
-0.651489870989
-0.617704136433
-0.617704136098
-0.617704136111
-0.617704136433
-0.618370677668
-0.567025534439
-0.223169317388
0.0673421330283
0.0822353764167
0.0477831006269
0.0984617026216
0.116687652542
0.0484496415384
0.0139973663938
-0.00356204261488
-0.021121451301
0.0302236922761
0.0477831006141
0.0308902335103
0.0484496418737
0.030890233175
0.0139973663938
-0.00356204261491
0.0146639073181
-0.0197883684972
-0.0191218272376
-0.0191218272503
0.0159969894639
0.017330072603
0.0342229393842
0.0173300722804
0.0348894809538
0.035556021878
0.00110374639814
0.0186631547616
0.0362225631123
0.00243682887925
0.00243682855661
0.00243682889198
0.0193296959958
0.0362225631123
0.0199962372427
0.0375556459161
-0.0151225797941
0.0199962372427
-0.0144560385599
0.0375556455934
-0.0144560388825
0.0375556462514
0.0199962372428
0.0368891043465
0.0544485130453
0.037555645916
0.00310336980355
0.0199962372428
0.037555645916
0.0375556455934
0.0199962372427
0.0375556459289
0.00243682855661
0.0199962375653
0.0557815951911
0.0213293197239
0.0726744629529
0.0551150542795
0.0213293197239
0.0213293197239
0.0388887284099
0.0375556455935
0.0544485130325
0.0206627788123
0.0902338713163
0.0720079217187
0.0375556455934
0.0551150542795
0.038222187163
0.0199962372428
0.038222187163
0.0375556455934
0.0375556455935
0.0551150542795
0.038222187163
0.0031033698035
-0.0306823644294
0.00376991103776
0.038222187163
0.0206627781543
0.055781595849
0.0564481367607
0.00310337012618
0.00376991103781
0.0388887280746
0.0213293197238
-0.0131229557434
0.0233289431166
0.0388887284099
0.0213293197239
0.0206627784769
0.0213293197239
0.0213293197239
0.00376991103776
0.0219958612934
0.0206627781543
0.03888872841
-0.0137894976483
0.038222187163
0.0213293197239
0.03888872841
-0.0131229560788
0.00376991103781
0.00376991137313
0.00376991103781
0.038222187163
0.0206627781542
-0.0144560382245
0.0557815955138
0.0206627781542
0.0213293197239
0.0551150542795
0.0544485133679
0.020662778477
0.0388887280746
0.0213293197239
0.00376991137313
0.0551150542795
0.038222187163
0.0206627784769
0.0382221868404
0.038222187163
0.0199962372427
0.0544485130326
0.038222187163
0.0557815951911
0.0889007891578
0.0551150542795
0.0726744629656
0.0206627784769
0.072007921396
0.0199962375653
0.0206627781543
0.0551150542795
0.0720079217187
0.0206627784769
-0.0144560388825
0.00376991169576
0.0031033698036
0.0375556455934
0.038222187163
0.038222187163
0.0375556455934
0.00310337012623
-0.0137894973129
0.0551150542795
0.00310336946823
0.0375556462514
0.0031033698036
0.0551150542668
-0.0137894973129
-0.0144560388825
-0.0137894973129
0.0206627788122
0.00310336979087
0.0199962372427
0.0206627784897
0.00243682887925
0.0199962372427
0.0375556455934
0.0206627784769
0.0375556459288
0.00310336979087
0.0199962372427
0.0206627784897
0.00310336850028
0.00310337141673
0.0206627801028
0.00310336785505
-0.0313489050184
0.0368891040239
0.0199962362748
0.0375556481872
0.0375556446256
0.0544485127099
-0.0144560372694
0.0382221852272
0.0551150533116
0.0206627801028
0.0206627797675
0.0382221852272
-0.015122580762
0.0193296988994
0.0726744616623
0.0382221852273
0.0199962395011
0.0368891043592
0.0551150533116
0.0375556446255
0.0720079246223
0.0551150533116
0.0375556446255
0.072007921396
0.0713413811298
0.0199962359394
0.0544485162716
0.0375556446255
0.05444851271
0.0368891043592
0.0544485130453
-0.0137894970031
-0.0300158241504
0.0199962359395
0.0551150565379
0.0382221852273
0.0213293203691
0.0199962395011
0.00310336819042
0.0206627797675
0.0382221852273
0.0375556478518
0.0382221852272
0.0375556449609
0.00376991168308
-0.0137894966677
0.0206627797675
0.00310336819042
0.0206627797674
0.0375556449609
0.0206627797675
0.0199962362748
0.0199962362748
0.0206627797675
0.00310336819042
0.0557815968043
0.00310336819042
0.0206627797674
0.0233289450651
0.0206627765411
0.00310337141673
0.0213293203691
-0.0320154488464
0.0206627797675
0.00376990845672
0.0382221884535
0.0542191756717
0.0368891075855
0.00376990845672
0.0733410054904
0.0375556446255
0.0233289450651
0.0206627765412
0.0375556481872
0.003103367855
0.0551150565379
-0.0144560401603
0.0199962372809
0.0375556465104
0.0720079207253
0.0375556466377
0.0551150526409
0.0889007888097
0.037555649864
0.0375556432841
0.0720079207253
0.0368891053653
0.0375556432841
0.0889007888097
0.0368891053653
0.0368891053653
0.0720079207253
0.00310337242283
0.00376991034157
0.0206627785533
0.0544485113685
0.0382221877828
0.0557815971396
-0.0137894988879
-0.0137894990152
-0.0137894956617
0.0375556466377
0.0933372404237
0.020662778426
0.0413255569793
0.0206627817796
0.0206627751997
0.00687327953808
0.00310337242278
0.020662778426
0.00310336919647
0.0199962372809
0.0393259331621
0.0199962372809
0.020662778426
0.0199962372809
0.0206627817796
0.0551150526409
0.00376991034161
-0.0137894956616
0.0206627751997
0.0206627817796
0.0206627751997
0.0206627817796
0.0206627751997
0.0199962405073
0.0199962339272
0.0551150559945
0.0375556465104
0.0382221845565
0.0382221877828
0.00310336919647
0.00310337242278
0.0395552669741
0.0375556466376
0.0375556465104
0.0206627785533
0.0375556465104
0.0544485147221
0.0375556432841
0.055115052641
0.0720079207253
0.037555649864
0.0382221845565
0.037555649864
0.0713413762266
0.0551150558673
0.0895673300821
0.0368891053653
0.0720079207253
0.00443645161397
0.0206627817796
0.0037699071153
0.0557815971396
0.0551150526409
0.0382221877828
-0.0131229543893
0.00376991034161
0.00376991046892
0.00310336906917
0.0206627817796
0.0206627751997
0.0206627817796
0.0375556432841
0.0382221877828
0.0213293198257
0.00310336906921
0.0206627817796
0.00376990711535
0.0213293196984
0.00376991369523
0.0406590157069
0.0206627751997
0.0213293196984
0.0206627817796
0.0206627751998
-0.0144560369341
0.0206627785533
0.020662778426
0.0382221877827
0.00310336919656
0.0250992333935
0.0551150526409
0.00310336906926
0.0375556466377
0.00376991034148
0.0602180455274
0.0206627817796
0.0551150526409
0.037555649864
-0.0306823670996
0.0219958609708
0.0388887290552
0.0199962372809
0.0382221845565
0.0557815971396
0.0375556432841
0.0551150592208
0.0551150526409
0.0388887290552
0.0375556432841
0.0557815971396
-0.560589460013
-0.425883722799
-0.459669462194
-0.46033600024
-0.528574010496
-0.546133419853
-0.56369282921
-0.631930839594
-0.665716569183
-0.631930839594
-0.665716575762
-0.666383113681
-0.699502308705
-0.665716569183
-0.716395176789
-0.666383113681
-0.665716575763
-0.682609440621
-0.717061714708
-0.700168849977
-0.965788937643
-0.699502305351
-0.716395176789
-0.682609440621
-0.681942899348
-0.698835767433
-0.715728632163
-0.716395176789
-0.698835767433
-0.698835764206
-0.69816922616
-0.647490621907
-0.681276358076
-0.698835767433
-0.716395176789
-0.699502308705
-0.717061714708
-0.700168846624
-0.767740322315
-0.750180906378
-0.800859513985
-0.571024779598
-0.324963728206
-0.17626062478
-0.0931293733551
-0.0937959178537
-0.061343260876
-0.0613432608761
-0.0268909834349
-0.0620098053748
-0.0620098021485
-0.0451169372904
-0.061343260876
-0.0782361289605
-0.0782361289606
-0.0964620795896
-0.0457834752092
0.00489512246412
-0.0126642803128
-0.0139973660839
-0.0315567754407
-0.014663907229
-0.0159969897738
-0.0159969899011
0.0380143174878
1.15915030093
0.835519655269
0.890197507029
0.927982487351
0.894196754409
0.877970424243
0.930648652314
0.913755787583
0.948874599589
0.965767471027
0.965767467674
0.94820806167
0.930648652314
0.94820806167
0.94820806167
0.8955298336
0.895529836954
0.86041101824
0.877970427597
0.877970427597
0.8955298336
0.86041101824
0.930648652314
1.40475268483
0.94820806167
0.948208058317
0.895529836954
0.877970427597
0.94820806167
0.98332687703
1.00088628639
0.98332687703
0.965767471027
0.98332687703
0.983326880384
1.00155282431
1.0360051051
1.01911224024
0.967767088137
0.933981361775
0.847517397663
0.830624529451
0.848183942161
0.848183938808
0.796172255363
0.813731667946
1.61190354042
0.797505337908
0.815064747138
0.798171879053
0.746826733528
0.713707545084
0.679255264416
0.696148135854
0.660362775868
0.730600409942
0.730600409942
0.730600409942
0.765052684157
0.695481594582
0.695481591228
0.72993386867
0.729933872023
0.765052684157
0.747493278026
0.72993386867
0.7474932748
0.747493278026
0.765719228656
0.783945175931
0.800838044016
0.525219837646
0.265827954862
0.109126363129
-0.011789875198
0.00576953738503
-0.0455756081405
-0.0806944268541
-0.0293492812011
0.00576953403147
0.0219958609708
0.056448138412
0.0733410032701
0.0564481350584
0.021329323052
-0.0131229577428
0.00376991034157
0.0382221879101
0.00310336906917
0.0557815971396
0.0375556466377
0.0206627751996
0.0206627817797
-0.0144560402876
0.00310336919656
0.0375556466376
0.0375556465104
0.0375556432841
0.0368891053652
0.037555649864
-0.0144560401603
0.0375556432841
0.0206627784261
0.0206627817796
-0.0137894988879
0.0375556465103
0.0193296960086
0.0193296960084
0.0382221845565
0.0206627784261
0.0362225640928
0.0537819734498
0.0206627751996
0.0206627817797
0.0368891053652
0.0368891020118
0.0368891053652
0.0544485113685
0.0544485147221
0.0199962339273
0.0537819734497
0.0544485147222
0.0193296960085
0.0375556465103
0.00243682792416
-0.014456036934
0.0031033658429
0.0544485147221
0.020662778426
0.0206627785533
0.0375556465103
0.019996237281
0.0375556432841
0.0206627817796
0.0206627751997
0.0199962405073
0.0193296960084
0.0375556432842
0.00376991369513
0.00310336906917
0.00310336919656
0.0375556432841
0.0199962405073
0.0206627785533
0.0199962371536
0.0368891053653
0.0713413794528
0.0199962372808
0.0375556432842
0.0720079240789
0.00310336906917
0.00310336919647
0.0368891085917
0.0368891020117
0.019996237281
-0.0137894956616
0.0206627751996
-0.0320154462908
0.0199962372809
0.00310337242283
0.0368891020117
0.0199962372809
0.019996237281
0.00243683115033
0.0199962339273
0.0375556466377
0.0206627784259
0.0206627817797
0.0375556432841
0.00310336919656
-0.0489083143753
0.0375556465104
0.00310336919647
0.00243682792416
0.0199962405072
0.0895673300821
0.00376991034157
0.0551150526409
0.0544485147222
0.037555643284
0.0551150558674
0.089567330082
0.0375556466377
0.0375556432842
0.0551150558672
0.0557815939133
0.0375556498639
0.0375556432842
0.00376991369523
-0.0124564164704
0.0206627784259
0.0206627785533
0.0213293196984
0.0557815971397
0.00376990711521
0.0206627817797
0.00376991034166
0.0213293196984
0.0206627785533
0.0382221877827
0.0551150526409
0.0382221877828
0.0206627785533
0.0257657713124
0.00443645161397
-0.0137894956616
0.0206627751997
0.0382221911364
0.00310336906917
0.0206627785533
0.0382221877828
0.0551150526409
0.0757778344205
0.00376991034166
0.0206627785532
0.00376991034166
0.00376991034157
0.019996237281
0.0375556466376
0.0788812034896
0.0199962372809
0.0193296926549
0.0199962405073
0.0186631515098
0.0395552735538
0.0368891053653
0.0582184218374
-0.0313489050183
0.0406590157069
0.00310336906917
0.0186631547361
0.0544485147221
0.0375556432842
0.0382221911364
0.0368891020117
0.0544485147222
0.037555643284
0.0375556466377
0.0399924744345
0.0199962372809
0.0720079207253
0.108230484818
0.00243683115033
-0.0131229577427
-0.013789498888
0.0199962405072
0.0206627751997
0.0382221877828
0.00310336919647
0.0375556465103
0.0413255569794
0.0375556466377
0.0199962371535
0.0382221879101
0.0237661476225
0.00310336906926
0.0199962372808
0.055115052641
0.0219958641971
-0.013789498888
0.0206627784261
0.00310336919647
0.0193296992349
0.0206627751996
0.0382221877828
0.0199962372808
0.019996237281
0.0544485113685
0.037555649864
0.0375556432841
0.00310337242273
-0.0137895022414
0.0199962405072
0.019996237281
0.0199962372809
0.0720079207252
0.0537819700961
0.0544485147222
0.0193296960084
-0.0144560369339
0.0199962339272
0.0199962405073
0.0368891053652
0.0199962339273
0.00243682792407
0.00243683115043
0.0375556466376
0.0199962339273
0.0199962405072
0.0193296960085
0.0375556432841
0.0375556466377
0.0193296960086
0.0199962371536
0.0368891053652
0.0544485147222
0.0720079207252
0.0368891020117
0.0537819734498
0.0199962372809
0.0544485113684
0.0368891053653
0.0368891053653
0.00243683115033
0.0362225607393
0.0855680827024
0.102460950659
0.117354191828
0.117354195181
0.0822353763403
0.0464500198352
0.063342884566
0.0288906104784
0.0295571483972
0.0133308248115
0.0962327424242
0.0315567754407
0.0666755908006
0.0328898578582
0.0159969899011
-0.000229337165439
-0.000229337038232
-0.000229337038232
0.000437207460527
0.000437207460435
0.0186631515098
0.0531154321774
0.0193296960084
0.0373263094723
0.00177028665167
0.0199962372809
0.0368891020117
0.00243683115042
0.00243682792416
0.0193296960084
0.0193296960085
0.0199962372809
0.0737782106034
0.0193296960084
0.0193296960086
0.037555643284
0.0375556466377
0.0193296960086
0.0199962371535
0.0193296960085
0.0199962372809
0.0199962372809
0.0375556465104
0.0551150526409
0.0544485147222
0.0368891053652
-0.0151225782064
-0.0144560401604
0.00310336906926
-0.0151225814327
0.0193296960084
0.0399924777882
0.0368891020118
0.0713413828064
0.0368891053653
0.0375556432841
0.0375556432842
0.0199962405072
0.0368891053653
0.0368891020117
0.0544485147221
0.0382221845566
0.0537819734497
0.0537819700961
0.00243682792407
0.107126742665
0.887739209135
0.575898438673
0.627910125471
0.644136449056
0.609017630343
0.642803366512
0.643469907784
0.69481505331
0.677922185225
0.729267324171
0.765052687383
0.764386142884
0.74749328138
0.747493278026
0.729267324171
0.729267330751
0.729933865443
0.729267330751
0.729267324171
0.763719604966
0.815731285056
0.816397829683
0.798171879053
0.81573128841
0.504327725408
0.228709512458
0.17869745593
0.07534062696
0.00643607865753
-0.0455756081405
-0.0624684762249
-0.0117898719717
0.0219958576171
0.0388887290552
0.056448138412
0.038888725829
0.0213293196983
0.0382221877828
0.00376991369523
0.00443645161397
0.038888725829
0.00443645484023
0.038888725829
0.00443645161397
-0.0137894956616
0.0382221877827
0.0206627785533
0.00310336906926
0.0199962372809
0.0382221877827
0.0382221845566
0.0233289467419
0.019996237281
0.0213293196984
0.00376991034148
0.0375556466377
0.00310336906926
0.0375556466377
0.0048736590745
0.0368891020116
0.0375556466377
0.0213293196984
0.0544485113685
0.0375556466377
0.0199962371536
0.0206627785533
0.0375556432841
0.0206627817797
0.0368891020116
0.019996237281
0.0199962405072
0.0206627751997
0.0206627817796
-0.0137894990152
0.00243682792407
0.019996237281
0.0206627784259
0.00443645496763
0.00310336906917
0.0206627785533
0.00310336906926
-0.0144560401603
0.0246620259331
0.00243683115033
0.00177028665167
0.00243682792407
0.0575518837913
0.0248698963554
0.00243682792416
0.00243682792407
0.0362225640929
0.0537819700961
0.0368891053653
0.0382221845565
0.0368891085916
0.00177028665167
0.00177028665176
0.00243682792398
0.0375556466377
0.0199962371536
0.0206627785534
0.0368891020117
0.0055402003468
0.0717785869135
-0.0137894988879
0.0206627784259
0.00310337242283
0.0206627751997
0.0375556466377
0.00243683115033
0.0031033658429
0.00310337242283
0.0193296960085
0.020662778426
0.0568853426462
0.0217665239326
0.0368891020117
0.0399924777882
0.0199962339273
0.0399924777881
0.0368891020117
0.0368891053653
0.0375556432841
0.0193296992349
0.0551150559944
0.0031033658429
0.0551150558673
-0.0137894956616
0.00310336919656
0.00310336906907
0.019996237281
0.0382221877828
0.0199962372808
0.0199962372809
0.0382221877828
-0.0137894956616
-0.0313489115984
0.00376991369523
0.0199962405072
0.0031033658429
0.00976878489223
0.0199962339273
0.0544485179484
0.0199962339273
0.03822218791
0.020662778426
0.0230996063502
0.0199962372809
0.0544485113684
0.0206627817797
-0.0137894956617
-0.549695463126
-0.510348063221
-0.544133796163
-0.561026664248
-0.578586070378
-0.59681202088
-0.59681202088
-0.630597757049
-0.698835767433
-0.698835767433
-0.664383489991
-0.681276358076
-0.680609816931
-0.646824080635
-0.647490625133
-0.630597753823
-0.648157166406
-0.648823707678
-0.733288041648
-0.717061714708
-0.768406860234
-0.751513992149
-0.785299728445
-0.767740318961
-0.733288041648
-0.767740318961
-0.767073777816
-0.767073774463
-0.732621500375
-0.750180909732
-0.767073781043
-0.767073774463
-0.767073777816
-0.783300101402
-0.783966642547
-0.766407236544
-0.765740698625
-0.765740692045
-0.731954962329
-0.731954959103
-0.679943275658
-0.335420517632
-0.129373400838
-0.00979025150798
0.0584477588756
0.0929000395431
0.127352310404
0.0591143033743
0.0226624022433
0.0233289401619
0.0571146829107
0.0219958609708
0.00443645161397
0.0219958609708
0.074007541189
0.0219958641971
0.0382221845565
0.0733410064964
0.0564481351857
0.056448138412
0.0564481350584
0.0219958609708
0.00376991369523
0.00376991034157
0.00443645161397
0.00310336919666
0.0199962405072
0.00376991034157
-0.013789498888
0.0551150558672
0.0889007855835
0.0395552735539
0.0557815939133
0.0219958609708
-0.0131229577429
-0.0306823637459
0.0213293196983
0.00443645161406
-0.0131229543892
0.0219958609708
-0.0131229577428
0.00443645161406
0.0395552703275
0.0395552703276
0.0213293196984
0.00510299611263
0.0213293164721
0.604789052377
0.488767936515
0.540779619959
0.575231900754
0.573898811629
0.64346991101
0.625910501781
0.694815050083
0.694815049956
0.677922185225
0.765052687383
0.729933865443
0.712374462666
0.712374462666
0.712374456087
0.746826736754
0.746160195609
0.764386142885
0.798838420326
0.799504964824
0.729933865443
0.730600409942
0.696148135727
0.678588726498
0.730600409942
0.748159816073
0.713707545084
0.731266951214
0.748826357218
0.766385769928
0.748826357218
0.783945175931
0.783945179285
0.749492901716
0.801504585288
0.765719225302
1.06756188054
0.799504958244
0.817064374181
0.799504958244
0.833957239039
0.8177309121
0.782612093386
0.783278638012
0.78261209016
0.78261209674
0.748159819299
0.747493278026
0.78261209016
0.765052687383
0.783278638012
0.854182810005
0.766385766574
0.783278634659
0.766385769928
0.800838044016
0.783278634659
0.800171506097
0.800838044016
0.800838040789
0.835956862729
0.765719225302
0.559672115087
0.301613311494
0.14557826426
0.0760071682324
-0.0280161987837
-0.0624684729986
-0.0273496608648
-0.0449090668682
-0.028682740056
0.0740075444151
0.0571146796845
0.0746740856875
0.0226624022432
0.00510299288646
0.00510299611263
-0.0300158258271
-0.0300158224736
-0.013122957743
-0.0131229577427
0.00376991369514
0.0375556465105
0.0382221845565
0.0206627817796
0.00376990711521
0.0551150592209
0.00376991034147
0.019996237281
0.0206627751997
-0.0313489050184
-0.0137894956615
-0.0137894990153
0.00310336919656
0.00310337242264
0.0375556432842
0.00243683115033
0.0368891053654
0.0199962339272
0.0206627817796
0.0375556432842
0.0199962372808
0.0375556465104
-0.0144560401604
-0.0313489050182
0.00376991369523
0.0193296960084
0.0193296960085
0.0199962339272
0.037555649864
0.0544485113685
0.0368891053654
0.0544485113683
0.0375556466377
0.0537819700962
0.0368891053652
0.00310337242283
0.0375556432842
0.0199962372808
0.0375556465104
0.0362225608666
0.0544485147222
0.0375556465104
0.0375556432841
0.00310337242282
0.0206627785533
0.0199962371534
0.0375556466378
-0.0144560401602
0.0206627784258
0.00310337242283
-0.0144560401604
0.0368891020119
0.0199962405072
0.0199962372809
0.0544485113686
0.054448514722
0.0199962339273
0.0199962405072
-0.0144560401602
0.00243683115024
0.00243682792416
0.003103365843
-0.0320154429373
0.00243682457041
0.124686148796
0.471875071657
0.557672491397
0.609684174842
0.592124762258
0.573898818209
0.60835108907
0.661029317141
0.677922185225
0.677922185225
0.695481591228
0.729933868797
0.713041000585
0.712374462666
0.729933865443
0.677255643953
0.69481505331
0.728600786252
0.711707914814
0.746160198835
0.779945928551
0.745493650983
0.744827116418
0.762386519067
0.797505337908
0.745493650983
0.763053063693
0.746160195609
0.470541985885
0.246935466314
0.127352313758
0.0253285638517
-0.0442425223694
-0.044242525723
-0.0449090668681
-0.0104567927804
0.0233289435156
0.0226624054695
0.00443645161406
0.022662402243
0.0219958576174
0.0733410064962
0.0382221845565
0.0213293230522
0.0733410031426
0.0551150526408
0.0206627785535
0.0375556465103
-0.0144560401604
0.00243683115042
0.0199962372809
0.0375556432843
0.0368891053651
0.0544485113686
0.00243683115042
0.00310336919656
-0.0137894956617
0.0219958609708
0.00310336906926
0.00243682792417
0.00243682792398
0.00243683115042
-0.0144560401604
0.00243683115062
0.00243682792398
0.00177028665176
0.00243682792398
0.0193296960085
0.0368891053654
0.00243682779668
0.00177029000533
0.0544485113686
0.0375556466376
0.0193296926549
0.0193296960085
0.00243683115024
-0.0151225814326
0.0193296960085
0.0199962372809
0.0199962405074
-0.0157891227054
-0.0151225814326
0.0199962405072
0.0193296960085
0.0544485113686
0.00177029000533
0.0199962339271
0.0199962372809
0.0199962405072
0.0199962339273
0.00243682792416
0.00243683115024
0.0193296960087
0.0199962372809
0.0375556432841
0.0544485147222
0.00177028987803
0.0368891020115
0.00310336919656
0.0375556466378
0.0368891052379
0.0368891053654
0.0199962372807
0.0199962339273
0.0199962405072
0.0193296960085
0.0368891053652
0.0368891020117
0.0544485147222
0.0713413794529
0.0362225640928
0.0368891053654
0.0368891020117
0.0193296960085
0.00177028665176
0.0362225640928
0.0193296960085
0.0362225640928
0.0368891053654
0.0193296960083
-0.0144560401602
-0.0144560369339
0.0375556432839
0.0206627817796
0.0375556432843
0.0382221877827
0.00310336919656
-0.0320154462907
0.00310336919637
0.0375556465103
0.00243682792416
0.0375556432841
0.0199962405074
0.0199962372807
0.00243682792398
0.00243683115062
0.0375556432839
0.055115052641
0.0199962405072
0.00243682792416
0.0199962372809
0.0193296960085
0.0199962371538
0.00310336919637
0.00310337242283
-0.0320154495171
0.00243683115042
-0.0144560401604
0.00243682779668
0.0199962372811
0.0375556466376
0.0213293196984
0.0375556432841
0.00310337242283
0.0206627751997
0.0375556498639
0.0193296960085
0.0199962339273
0.0375556466376
-0.0137894990151
-0.0144560369341
0.0199962372811
0.0199962372807
0.0199962371538
0.0375556466374
0.0544485113686
0.0193296960085
0.0193296960085
0.0199962405072
0.0206627751997
0.0544485147222
-0.0826940473178
-0.749743705498
-0.460336003466
-0.4954548156
-0.546133419853
-0.581252238567
-0.580585694068
-0.666383113681
-0.631930839594
-0.683275981766
-0.717728255981
-0.665716575762
-0.683275978539
-0.699502308705
-0.717061717934
-0.682609440621
-0.716395176789
-0.665050031264
-0.682609437267
-0.664383489991
-0.62993121913
-0.594145855918
-0.594145855918
-0.559693578477
-0.875325732604
-0.560360122975
-0.628598133359
-0.595478935109
-0.629264674631
-0.629264674631
-0.646824080635
-0.647490625133
-0.646824083988
-0.648157163179
-0.630597757049
-0.681942899348
-0.681942895995
-0.648157166406
-0.699502308705
-0.682609440621
-0.717061714708
-0.733288044874
-0.699502305351
-0.71639517679
-0.716395176789
-0.733288038294
-0.733288044874
-0.665050031264
-0.440776970419
-0.182051625554
-0.0780282618918
0.0253285672053
0.0766737093775
0.111125986946
0.144911719761
0.127352310404
0.00643607865753
-0.0111233306992
-0.0280162021371
0.0408883528723
0.040888352745
0.0226623988896
0.00443645496762
0.00443645161388
0.00376991034166
0.0388887290551
0.0551150526408
0.0551150592208
0.0733409999166
0.0382221877827
0.0206627785533
0.00310337242301
0.00376991034147
0.0382221845565
-0.0124564132442
-0.0131229543891
0.00310336919656
0.00310336906907
0.0206627785533
0.0382221877829
0.0368891053652
0.0375556432843
0.0206627784258
0.0375556466376
0.0375556432843
0.0382221877827
0.0199962372809
0.0199962405072
0.00243682792416
0.0375556432841
0.0199962405074
0.0199962372807
0.0382221845565
0.019329699235
0.0206627751995
-0.0144560369339
0.0544485113684
0.00310336919656
0.0375556498641
0.00310336584281
0.00310337242283
-0.0137894956617
0.0382221845567
0.00310336906907
0.0206627785533
0.0206627784262
0.0206627785531
-0.0144560369339
0.0213293196984
0.0557815939132
0.0551150558673
0.0206627751997
0.0206627817796
0.0206627751997
0.00376991369523
0.0382221877827
0.0726744619977
0.00310337242283
-0.0137895022415
0.0382221877827
0.0375556466376
0.0551150558673
0.0382221845565
0.0382221877827
0.00376991369523
0.0375556432843
0.00310336919637
0.0537819734498
0.0544485113686
0.0720079207252
0.0551150592208
0.0551150526408
0.0199962339273
0.0375556498639
0.00310336919675
0.0382221877827
-0.0137894990153
-0.0282455358219
0.00310337242283
0.00310336584281
0.00376991369523
0.020662778426
0.0375556466378
0.0368891020115
0.0375556466378
0.0199962371536
0.0199962372809
0.0206627785533
-0.0144560402877
-0.0489083110216
-0.0482417731028
0.003103365843
0.0375556498639
0.00310336584299
0.0375556498639
-0.0137895022413
-0.0137894956617
0.0382221877827
0.0206627785533
0.00376991034166
0.0213293196984
-0.0137894956617
-0.0137894956615
0.0213293164721
-0.0124564132442
0.0382221845565
0.021329323052
0.0219958576174
-0.0306823637462
0.00376991369523
0.0382221877829
0.021329316472
0.021995860971
0.0206627784258
0.0213293230522
0.0213293196984
0.0557815939132
0.0564481350585
-0.0131229543891
0.0213293196984
0.0388887290551
0.0388887258287
0.0564481384121
0.0726744652242
-0.0137895022415
0.0382221877827
0.0388887290551
0.00443645496782
0.00376991034129
0.0206627751999
0.0206627817796
0.0382221845565
0.0375556498639
0.0206627751999
0.0375556465102
0.0213293198259
0.0375556465103
0.00310336919656
0.053781970096
0.00243682792417
0.00554020034699
0.0375556465102
-0.015122578079
0.0368891020119
0.0199962372807
0.0551150558673
0.0193296960085
0.00310336919637
0.0368891020119
0.090671078815
0.0375556465105
0.0199962372807
0.0368891020119
0.0368891053651
0.0368891053654
0.0199962372809
-0.0306823638733
0.00310336919637
-0.0144560369337
0.0206627751995
-0.0120192090099
-0.0144560369339
0.0206627751997
0.00310337242264
0.0568853392926
0.00310337242301
0.0375556466376
0.0199962339271
0.0382221877829
0.0206627817796
0.00310336919656
-0.0320154462908
0.0206627751995
0.0206627817797
0.0551150526408
0.0544485113686
0.0544485147222
0.00310336906907
-0.0137894956615
-0.0131229577429
0.0206627785533
0.0720079207253
0.0375556498641
0.0206627751995
0.0213293196984
0.0199962372809
0.0199962405074
0.057551880565
0.0375556465103
0.00310336919637
0.0199962371538
0.00243682792398
0.0199962372811
0.0375556432839
0.0375556498641
0.0206627751997
0.0368891053654
0.0193296992346
0.0193296960085
0.0199962372811
0.0375556432839
0.0199962405074
0.0362225608666
0.00243683115024
0.003103365843
0.0368891053652
0.0193296960087
0.0206627784258
0.0193296960087
0.0193296960083
0.00243682792416
0.0193296992348
0.0544485113686
0.0537819702233
0.0368891085915
0.00243682792435
0.00310336584281
0.00310337242283
0.799942165705
0.610350716114
0.663695482103
0.609684174841
0.609017630343
0.660362775868
0.642803369865
0.660362775868
0.678588723144
0.677922185225
0.695481594582
0.713041000585
0.731266951214
0.765719228656
0.748159815945
0.731266951214
0.765719228656
0.730600406716
0.712374459313
0.729267330751
0.711707918168
0.746826733528
0.764386146111
0.869742595672
0.78261209674
0.782612093386
0.748159816073
0.78261209674
0.747493278026
0.7474932748
0.800171502743
0.78261209674
0.765719225302
0.800838044016
0.783278634786
0.765719225302
0.783945182511
0.748159812719
0.766385773154
0.765719222076
0.765719228656
0.783278634659
1.22759618174
0.782612093386
0.783278638012
0.818397450019
0.766385769928
0.748826357218
0.731933492487
0.731266951214
0.713707545084
0.731266951214
0.695481591228
0.7474932748
0.78261209674
0.765052687383
0.748159819299
0.713040997359
0.765052687383
0.765052687383
0.729933865443
0.69481505331
0.488101395242
0.31783964166
0.14557826426
0.0428879765622
-0.0266831195925
-0.0260165750936
-0.0429094431784
-0.0260165750936
-0.00912371023595
-0.0104567927804
0.040888352745
0.00643607865772
0.0226623988894
0.0740075477688
0.0402218082464
0.0564481384121
0.0733410064964
0.0564481318321
0.0902338745809
0.00376991046896
0.0388887290551
0.0382221877827
0.0564481350585
0.0564481351856
0.00376991369523
-0.0131229577429
0.00443645161406
0.0213293196984
0.021329323052
0.0388887290553
0.0213293196984
0.00510299288627
0.00376991034166
0.0213293196984
0.0206627785533
0.0213293196984
0.00310336919637
0.00443645484052
0.0382221845565
0.0206627784258
0.0199962372809
0.0213293196984
0.0206627785533
0.00376991034166
0.00310337242282
0.0199962372809
0.020662778426
0.00310336919637
0.0382221877829
0.00310336919656
0.0206627784258
0.0206627751997
0.0206627817796
0.00310337242301
0.0382221845565
0.020662778426
-0.013789498888
0.0199962371534
0.0206627785533
0.0206627784262
0.03822218791
0.020662778426
0.020662778426
0.0199962372809
0.0206627817796
0.0206627751997
0.020662778426
0.0544485147222
0.0375556432839
0.0368891053654
0.020662778426
0.0199962372809
0.0199962372809
0.0368891020117
0.00310337242283
0.0375556466378
0.053781970096
0.0368891053654
0.0551150558671
0.0720079207253
0.0368891053654
0.0368891053651
0.0544485113686
0.0713413828065
0.0375556432843
0.0544485113682
0.00310337242301
-0.0144560401604
-0.0137894956615
0.0544485113682
0.00376991369523
0.0382221845565
0.0375556465105
0.0199962372809
-0.0137894956617
0.0382221845565
0.00310336906945
0.0199962372807
0.0199962405074
0.0199962339271
0.00376991369523
0.0199962372809
0.00243682457059
0.0368891053652
0.0557815971397
0.00310337242264
0.0306608971303
-0.0144560435139
0.00310337242264
0.0199962372811
0.00376991034166
0.0199962372807
0.00243683115042
0.0206627751997
0.0506571376373
0.0206627751997
0.00243683115042
0.0206627785533
0.0375556465103
0.0199962372809
0.0199962339273
0.0375556498639
0.0368891020119
0.0199962372807
0.00310337242301
0.0206627751997
0.0206627817796
0.0199962339271
0.0206627817797
0.0368891053652
0.0299943558577
0.0375556432841
0.0199962372809
0.0368891020117
0.0193296960085
0.0375556498639
0.0375556432843
0.0537819734498
0.0368891020117
0.0375556466376
0.0544485113686
0.0913376199601
0.0368891053651
0.0713413795802
0.0713413794529
0.0737782073771
0.00310337242283
-0.0124564164705
0.0199962405072
0.0375556432841
0.0375556466378
0.0199962371534
0.0375556466378
0.0375556432841
0.00243683115042
0.0368891053652
0.0375556432843
0.0199962372807
0.0448876002523
0.020662778426
-0.0320154495171
-0.0144560369341
0.00310337242301
0.0206627751995
0.0375556466376
0.0199962405074
0.00310336584281
0.0368891053652
0.0406590157069
0.00310337242283
0.00310336584281
0.00310337242301
-0.0144560401604
0.0199962405072
0.00310336584281
0.0199962405074
0.0199962372809
0.00243682792398
0.0399924744345
0.0544485113686
0.0199962372809
0.0368891053652
0.00243683115043
0.0199962339273
0.0206627817796
0.0206627751997
0.0375556498641
0.00310336584281
0.0199962372809
0.00243683115042
0.0375556432841
0.00243682792416
0.0193296960083
0.0368891085917
0.055115052641
0.0368891053652
0.0368891053652
0.0368891020117
0.0375556466376
0.0544485113686
0.0368891085917
0.0537819668697
0.0199962405074
0.0544485147218
0.0544485113686
0.0889007888097
0.0193296960085
0.0375556466376
0.00376991034166
0.0199962372811
0.0544485113682
0.0382221877831
0.0206627785531
0.0213293196984
0.00620673826564
0.00376991369523
0.0382221877827
0.0206627751997
0.0382221877829
0.0557815939134
0.00443645496744
-0.0137894990153
0.00376991369523
0.00376991034166
0.00376991369523
0.00376991034166
-0.0313489082447
0.0551150558671
0.0206627785533
0.0206627784262
-0.0137894956617
0.0266616463965
0.0375556465105
0.00310336919656
0.00554020034699
-0.0144560369341
0.0199962339271
0.0199962372811
0.02309960635
0.0375556498641
0.0193296960085
0.0375556432841
0.0375556466376
0.0199962371536
0.0551150526408
0.0206627785535
0.00310337242283
0.0206627784258
0.00310336919656
0.00310336906907
0.018433817698
0.0206627785533
0.020662778426
0.0544485147222
0.0199962339273
0.0551150592208
0.0544485113684
0.0551150526408
0.0382221877829
0.0537819734498
0.0193296960083
0.0544485113686
0.0713413828065
0.0889007855834
0.0362225640928
0.0537819734498
0.00243682792416
-0.0137894990151
0.0368891053651
0.0537819734498
0.0375556432841
0.0199962405072
0.0206627751999
0.0206627817796
-0.0144560401604
0.00310336906907
0.0375556466378
0.0199962371536
0.03822218791
0.0375556432843
0.00576953738494
0.0419920948981
0.0206627817796
0.00376991034166
0.0199962372807
-0.0137894956615
0.0171007351532
0.0375556466376
0.0199962339273
0.0368891053652
0.0199962405074
0.0224330618513
0.00243683115043
0.0199962372809
-0.0137894990151
0.00243682792398
0.0199962372809
0.00310337242282
0.0368891020117
0.0199962372809
0.0199962405072
0.0368891020117
0.00243682792416
0.0206627817796
0.0375556432841
0.0375556466378
0.00243683115024
0.0199962339275
-0.0266831195925
0.0406590190603
0.020662778426
0.0368891053654
0.0375556432841
0.0199962405072
0.0199962372811
0.053781970096
0.054448514722
0.0375556432843
0.0544485113684
0.0368891053652
0.0368891053652
0.109563567236
0.0720079240791
0.0368891020117
0.0368891053654
-0.01001958532
0.054448514722
0.055115052641
0.0611139270641
0.0375556432841
0.0368891053654
0.00376991034166
0.00243682792398
0.0199962372809
0.0199962405072
0.0375556432843
0.0544485113682
0.0368891053654
0.0199962372811
-0.0144560369341
0.0375556432841
0.0413255569793
0.00243683115024
-0.0131229577427
0.00310336919656
0.019996240507
-0.01445604016
0.00310336906907
0.0406590157067
0.0544485147222
0.0199962372811
-0.00758275739606
0.0230996063502
0.020662778426
0.0193296960085
0.0375556466376
0.0199962339273
0.0199962405072
0.0206627785533
0.0544485113686
0.0375556465103
0.0402218116001
0.00310336919637
0.0482203063597
0.00310336919637
0.0382221877827
0.00376991034166
0.0551150559946
0.0375556432841
0.0199962405074
0.0557815939132
0.0557815971395
0.0206627751997
0.0375556498641
0.0544485113684
0.0375556432841
0.0206627785533
0.0720079239516
0.0375556432841
0.021329323052
0.0199962339275
0.0382221911363
0.0375556432841
0.0544485113684
0.0544485147222
0.0199962339273
0.0206627817796
0.020662778426
0.0368891053652
-0.0144560401602
0.0399924744345
0.0720079240789
0.0206627751995
-0.0113526645111
0.00310336584281
0.0206627817796
0.0206627751997
0.0406590157069
0.0213293196986
0.0206627817794
0.0368891053654
0.00310336584281
0.0244326921212
-0.0137894988878
0.0199962371536
0.853286935048
0.5752318974
0.610350716114
0.627243580972
0.661029317141
0.695481591228
0.730600409942
0.748159819299
0.730600409942
0.713041000585
0.729933872023
0.764386142884
0.781945552241
0.781279014195
0.833290694413
0.781279014323
0.798171879053
0.798171879053
0.867742968628
0.868409513127
0.885968922484
0.834623780184
0.817730908874
0.798838420326
0.816397832909
0.763719601612
0.763053063693
0.744827109838
0.815064747138
0.833290694413
0.798171879054
0.798171882407
0.798171879053
0.81573128841
0.780612469696
0.797505334555
0.902861790568
0.815064747138
0.849517021353
0.919754658652
0.867742968628
0.833290697767
0.815064747138
0.780612469697
0.815064743911
0.867076433936
0.884635836713
0.885302381211
0.885302384565
0.885302377985
0.868409513127
0.886635460402
0.869076057626
0.852849727587
0.887968546174
0.799504961598
0.8177309121
0.817064367601
0.472541612929
0.230709142728
0.164470749582
0.0604473857919
-0.010456789427
-0.0280162021373
-0.0286827400559
0.00576953415867
0.00576953738513
0.023328940162
0.0733410064964
0.0395552703275
0.0564481350583
0.0226624022434
0.0395552703274
-0.0293492845548
0.00510299611291
0.00443645161388
0.0206627751997
0.0382221911365
0.0382221877827
0.0219958609708
0.0382221845565
0.0213293196984
0.0388887290553
0.0388887290551
-0.013789498888
-0.0293492813285
0.0206627751997
0.021329323052
0.0206627784262
0.0219958609706
0.0213293196984
-0.0137894956615
0.0375556432841
0.0557815939134
0.00376991369523
0.0382221877827
0.00376991034147
0.0213293164721
0.0206627817796
0.0382221877827
0.0551150526412
0.0375556466374
0.0382221877829
-0.0124564164703
0.0382221877827
0.0206627785533
0.0375556432839
0.00910224361983
0.0213293196986
0.0219958609706
0.0375556432843
0.0375556498641
0.00310336584281
0.0551150558671
0.0744447520031
0.0375556432841
0.0375556465103
0.0206627785533
0.0551150558673
0.0199962372809
0.0368891020117
0.0206627817796
0.0206627751999
0.0375556466376
0.0193296960085
0.0375556465102
0.0375556466378
0.00376991034166
0.0368891053652
0.0193296960085
0.00310336906907
0.0375556466378
0.0199962339273
0.00243683115042
0.0399924745618
0.00243683115024
0.0544485113686
0.00243682792398
