0
0
0
0
0
0
0
0
0
0
0
0
0
0
0
0
0
0
0
0
0
0
0
0
0
0
0
0
0
0
0
0
0
0
0
0
0
0
0
0
0
0
0
0
0
0
0
0
0
0
0
0
0
0
0
0
0
0
0
0
0
0
0
0
0
0
0
0
0
0
0
0
0
0
0
0
0
0
0
0
0
0
0
0
0
0
0
0
0
0
0
0
0
0
0
0
0
0
0
0
0
0
0
0
0
0
0
0
0
0
0
0
0
0
0
0
0
0
0
0
0
0
0
0
0
0
0
0
0
0
0
0
0
0
0
0
0
0
0
0
0
0
0
0
0
0
0
0
0
0
0
0
0
0
0
0
0
0
0
0
0
0
0
0
0
0
0
0
0
0
0
0
0
0
0
0
0
0
0
0
0
0
0
0
0
0
0
0
0
0
0
0
0
0
0
0
0
0
0
0
0
0
0
0
0
0
0
0
0
0
0
0
0
0
0
0
0
0
0
0
0
0
0
0
0
0
0
0
0
0
0
0
0
0
0
0
0
0
0
0
0
0
0
0
0
0
0
0
0
0
0
0
0
0
0
0
0
0
0
0
0
0
0
0
0
0
0
0
0
0
0
0
0
0
0
0
0
0
0
0
0
0
0
0.369426049916
0.674976049846
0.70052604984
0.750751049829
0.772801049824
0.775426049823
0.759151049827
0.817601049813
0.888826049797
0.686001049843
0.645926049853
0.688626049843
0.650826049851
0.727126049834
0.686701049843
0.646101049852
0.673226049846
0.685301049844
0.683026049844
0.704551049839
0.70122604984
0.537426049877
-0.124598949972
-0.512573949883
-0.736923949832
-0.996273949773
-0.989623949774
-0.907548949793
-0.739373949831
-0.727998949834
-0.677598949845
-0.708748949838
-0.818998949813
-0.65694894985
-0.667448949848
-0.670073949847
-0.757398949827
-0.734298949832
-0.755998949827
-0.775598949823
-0.808148949815
-0.775073949823
0.0162790936875
0.357109093609
0.902269093486
1.04485909345
1.05430909345
0.886099093489
0.801679093508
0.739309093523
0.79306909351
0.856069093495
0.801049093508
0.741199093522
0.638929093546
0.772489093514
0.653419093542
0.586219093558
0.535609093568
0.599869093554
0.57676909356
0.590419093556
0.649219093543
0.716629093528
0.808609093507
0.891326718467
0.677546718515
0.803756718486
0.848276718477
0.890906718467
0.88229671847
0.912956718462
0.914006718462
0.744116718501
0.737606718502
0.751466718498
0.822236718483
0.842396718478
0.860876718474
0.865496718473
0.948026718454
0.906446718464
0.83441671848
0.891956718467
0.79199671849
0.83399671848
0.918836718461
0.268676718609
0.655594215015
0.718804215001
0.719644215001
0.649294215016
0.509434215049
0.535054215043
0.63480421502
0.58923421503
0.566344215036
0.54513421504
0.574324215033
0.59007421503
0.572434215034
0.50208421505
0.605194215026
0.523294215045
0.562144215037
0.463234215058
0.445594215063
0.559834215037
0.509434215049
0.549334215039
0.619054215024
0.532744215043
0
0
0
0
0
0
0
0
0
0
0
0
0
0
0
0
0
0
0
0
0
0
0
0
0
0
0
0
0
0
0
0
0
0
0
0
0
0
0
0
0
0
0
0
0
0
0
0
0
0
0
0
0
0
0
0
0
0
0
0
0
0
0
0
0
0
0
0
0
0
0
0
0
0
0
0
0
0
0
0
0
0
0
0
0
0
0
0
0
0
0
0
0
0
0
0
0
0
0
0
0
0
0
0
0
0
0
0
0
0
0
0
0
0
0
0
0
0
0
0
0
0
0
0
0
0
0
0
0
0
0
0
0
0
0
0
0
0
0
0
0
0
0
0
0
0
0
0
0
0
0
0
0
0
0
0
0
0
0
0
0
0
0
0
0
0
0
0
0
0
0
0
0
0
0
0
0
0
0
0
0
0
0
0
0
0
0
0
0
0
0
0
0
0
0
0
0
0
0
0
0
0
0
0
0
0
0
0
0
0
0
0
0
0
0
0
0
0
0
0
0
0
0
0
0
0
0
0
0
0
0
0
0
0
0
0
0
0
0
0
0
0
0
0
0
0
0
0
0
0
0
0
0
0
0
0
0
0
0
0
0
0
0
0
0
0
0
0
0
0
0
0
0
0
0
0
0
0
0
0
0
0
0
0
0
0
0
0
0
0
0
0
0
0
0
0
0
0
0
0
0
0
0
0
0
0
0
0
0
0
0
0
0
0
0
0
0
0
0
0
0
0
0
0
0
0
0
0
0
0
0
0
0
0
0
0
0
0
0
0
0
0
0
0
0
0
0
0
0
0
0
0
0
0
0
0
0
0
0
0
0
0
0
0
0
0
0
0
0
0
0
0
0.300059791415
0.727409791317
0.853199791288
0.886589791281
0.993269791257
1.10771979123
1.10876979123
1.02182979125
0.970379791261
1.00145979125
1.08566979124
1.00775979125
0.97562979126
0.956099791265
0.798389791301
0.836189791293
0.916409791273
0.884909791281
0.736649791315
0.841019791291
0.750786300744
0.748686300744
0.697656300756
0.699126300756
0.710046300753
0.738816300746
0.63654630077
0.72222630075
0.733776300747
0.761706300741
0.709836300753
0.823026300727
0.737976300746
0.735876300747
0.763176300741
0.834576300724
0.788166300735
0.774726300738
0.758766300741
0.769476300739
0.834156300724
0
0
0
0
0
0
0
0
0
0
0
0
0
0
0
0
0
0
0
0
0
0
0
0
-0.309810731151
-0.239880731168
-0.256470731163
-0.253740731164
-0.18801073118
-0.283770731157
-0.253740731164
-0.204390731175
-0.339420731145
-0.349920731143
-0.498810731108
-0.583230731089
-0.739050731054
-0.84111073103
-0.88500073102
-1.02969073099
-1.16052073096
-1.25145073094
-1.36443073091
-1.38879073091
-1.39698073091
-1.43436073089
-1.41738056496
-1.33674056498
-1.32372056498
-1.260930565
-1.33191056498
-1.49004056495
-1.39323056497
-1.251480565
-1.284240565
-1.32204056498
-1.34115056498
-1.31217056498
-1.282770565
-1.251060565
-1.265130565
-1.274790565
-1.30398056498
-1.31637056498
-1.35963056497
-1.35585056498
-1.294110565
-1.22082056501
-1.21662056501
-1.254840565
-1.13963089869
-1.16588089869
-1.1037208987
-1.0999408987
-1.08587089871
-1.17281089869
-0.998300898725
-1.03820089872
-1.05542089871
-0.998090898725
-0.963860898733
-1.00103089873
-0.985070898729
-1.01048089872
-1.0873408987
-0.967640898732
-0.97940089873
-0.872720898754
-0.930260898741
-1.03862089872
-1.01153089872
-1.04492089872
-0.959870898735
-0.892670898749
-0.929840898741
0
0
0
0
0
0
0
0
0
0
0
0
0
0
0
0
0
0
0
0
0
0
0
0
0
0
0
0
0
0
0
0
0
0
0
0
0
0
0
0
0
0
0
0
0
0
0
0
0
0
0
0
0
0
0
0
0
0
0
0
0
0
0
0
0
0
0
0
0
0
0
0
0
0
0
0
0
0
0
0
0
0
0
0
0
0
0
0
0
0
0
0
0
0
0
0
0
0
0
0
0
0
0
0
0
0
0
0
0
0
0
0
0
0
0
0
0
0
0
0
0
0
0
0
0
0
0
0
0
0
0
0
0
0
0
0
0
0
0
0
0
0
0
0
0
0
0
0
0
0
0
0
0
0
0
0
0
0
0
0
0
0
0
0
0
0
0
0
0
0
0
0
0
0
0
0
0
0
0
0
0
0
0
0
0
0
0
0
0
0
0
0
0
0
0
0
0
0
0
0
0
0
0
0
0
0
0
0
0
0
0
0
0
0
0
0
0
0
0
0
0
0
0
0
0
0
0
0
0
0
0
0
0
0
0
0
0
0
0
0
0
0
0
0
0
0
0
0
0
0
0
0
0
0
0
0
0
0
0
0
0
0
0
0
0
0
0
0
0
0
0
0
0
0
0
0
0
0
0
0
0
0
0
0
0
0
0
0
0
0
0
0
0
0
0
0
0
0
0
0
-0.467095572137
-0.733375572076
-0.853915572048
-0.867145572045
-0.897175572039
-0.875335572044
-0.874495572044
-0.827875572054
-0.831235572053
-0.896965572039
-0.838585572052
-0.903895572036
-0.916285572034
-0.953665572026
-1.01288557201
-1.03829557201
-1.03052557201
-1.069375572
-1.086595572
-1.059085572
-0.963955572023
-1.01708557201
-1.04228557201
-1.00784557201
0
0
0
0
0
0
0
0
0
0
0
0
0
0
0
0
0
0
0
0
0
0
0
0
0
0
0
0
0
0
0
0
0
0
0
0
0
0
0
0
0
0
0
0
0
0
0
0
0
0
0
0
0
0
0
0
0
0
0
0
0
0
0
0
0
0
0
0
0
0
0
0
0
0
0
0
0
0
0
0
0
0
0
0
0
0
0
0
0
0
0
0
0
0
0
0
0
0
0
0
0
0
0
0
0
0
0
0
0
0
0
0
0
0
0
0
0
0
0
0
0
0
0
0
0
0
0
0.343988582981
0.692378582902
0.852608582866
0.934088582847
0.948998582843
0.935348582847
0.975038582837
1.00800858283
0.994358582833
1.00275858283
0.966638582839
1.01850858283
0.978398582837
1.02186858283
1.08234858281
1.04328858282
1.1451385828
1.1394685828
1.03345351259
0.92089351262
0.977803512607
1.11304351258
0.942733512614
1.0126635126
0.932653512616
0.816943512643
0.735043512662
0.794893512649
0.838783512638
0.850123512635
0.822403512641
0.879943512628
0.837943512638
0.839623512638
0.980533512605
0.937273512615
0.91984351262
0.862303512633
0.92068351262
0.899683512625
0.850753512635
0
0
0
0
0
0
0
0
0
0
0
0
0
0
0
0
0
0
0
0
0
0
0
0
0
0
0
0
0
0
0
0
0
0
0
0
0
0
0
0
0
0
0
0
0
0
-0.159976487134
-0.620716487029
-0.910726486963
-0.904846486964
-0.976456486947
-0.911776486963
-0.894556486966
-0.856546486975
-0.966376486949
-0.946846486954
-0.836386486979
-0.807616486987
-0.845206486977
-0.899386486965
-0.942016486955
-0.896236486966
-0.793756486989
-0.755326486997
-0.731596487003
-0.721306487006
-0.906106486964
-0.972046486948
-0.933406486958
-0.908051513765
-0.7579015138
-0.692801513814
-0.737531513804
-0.79801151379
-0.7576915138
-0.729131513806
-0.730601513806
-0.70855151381
-0.763571513798
-0.849461513778
-0.884741513771
-0.981131513748
-1.06513151373
-1.06786151373
-0.981131513748
-0.868781513774
-0.826571513784
-0.780161513794
-0.768191513797
-0.88999151377
-0.920861513762
-0.980501513748
-0.924221513761
-0.829721513783
-0.753491513801
-0.752231513801
-0.683561513816
-0.70897151381
-0.809561513788
-0.859751513776
-0.826991513784
-0.847991513779
-0.924221513761
-0.933461513759
-0.937241513759
-0.97273151375
-0.935561513759
-0.88789151377
0
0
0
0
0
0
0
0
0
0
0
0
0
0
0
0
0
0
0
0
0
0
0
0
0
0
0
0
0
0
0
0
0
0
0
0
0
0
0
0
0
0
0
0
0
0
0
0
0
0
0
0
0
0
0
0
0
0
0
0
0
0
0
0
0
0
0
0
0
0
0
0.00170555537663
-0.0442844446129
-0.0675944446076
-0.0413444446136
-0.0300044446161
-0.00963570462077
0.0636555553625
0.0430755553672
0.0311055553699
0.0993555553544
0.0554655553643
0.0359355553688
0.0575655553639
-0.141934444591
-0.486124444512
-0.771304444447
-0.990124444396
-1.16505444436
-1.12683444437
-1.02393444439
-0.967864444402
-1.10793444437
-1.07412444438
-0.972274444401
-0.990544444396
-0.904654444417
-0.823384444435
-1.07412444438
-0.991804444396
-0.875044444423
-0.88890444442
-0.860974444426
-0.797974444441
-0.807844444438
-0.841654444431
-0.668404444471
-0.601834444485
-0.67197444447
-0.773194444447
-0.84333444443
0
0
0
0
0
0
0
0
0
0
0
0
0
0
0
0
0
0
0
0
0
0
0
0
0
0
0
0
0
0
0
0
0
0
0
0
0
0
0
0
0
0
0
0
0
0
0
0
0
0
0
0
0
0
0
0
0
0
0
0
0
0
0
0
0
0
0
0
0
0
0
0
0
0
0
0
0
0
0
0
0
0
0
0
0
0
0
0
0
0
0
0
0
0
0
0
0
0
0
0
0
0
0
0
0
0
0
0
0
0
0
0
0
0
0
0
0
0
0
0
0
0
0
0
0
0
0
0
0
0
0
0
0
0
0
0
0
0
0
0
0
0
0
0
0.622273512687
0.892543512626
0.971923512608
0.906823512622
0.95848351261
0.949663512613
0.886663512627
0.974443512607
0.898423512625
0.78670351265
0.776203512652
0.882043512628
0.849913512635
0.810223512645
0.78985351265
0.693883512671
0.692833512671
0.806443512645
0.867133512632
0.839833512638
0.973183512608
0.947143512614
0.895903512625
0.886311752092
0.902271752089
0.921171752085
1.00076175207
0.910881752088
0.964221752074
0.951201752078
1.02008175206
1.02302175206
0.978711752072
1.01987175206
0.954351752077
0.965481752074
0.999291752067
1.05872175205
0.921591752085
1.05410175205
0.8560717521
0.784041752116
0.749601752124
0.740151752126
0.844941752102
0.776481752118
0.843681752102
0
0
0
0
0
0
0
0
0
0
0
0
0
0
0
0
0
0
0
0
0
0
0
0
0
0
0
0
0
0
0
0
0
0
0
0
0
0
0
0
0
0
0
0
0
0
0
0
0
0
0
0
0
0
0
0
0
0
0
0
0
0
0
0
0
0
0
0
0
0
0
0
0
0
0
0
0
0
0
0
0
0
0
0
0
0
0
0
0
0
0
0
0
0
0
0
0
0
0
0
0
0
0
0
0
0
0
0
0
0
0
0
0
0
0
0
0
0
0
0
0
0
0
0
0
0
0
0
0
0
0
0
0
0
0
0
0
0
0
0
0
0
0
0
0
0
0
0
0
0
0
0
0
0
0
0
0
0
0
0
0
0
0
0
0
0
0
0
0
0
0
0
0
0
0
0
0
0
0
0
0
0
0
0
0
0
0
0
0
0
0
0
0
0
0
0
0
0
0
0
0
0
0
0
0
0
0
0
0
0
0
0
0
0
0
0
0
0
0
0
0
0
0
0
0
0
0
0
0
0
-0.336796487093
-0.704296487009
-0.939076486957
-1.08166648692
-1.14256648691
-1.13332648691
-1.1723864869
-1.23748648689
-1.13185648691
-1.13920648691
-1.1761664869
-1.04386648693
-1.05814648693
-0.959026486952
-1.06591648693
-1.01698648694
-0.951466486953
-1.00648648694
-1.11757648692
-1.00963648694
-0.954196486953
-0.861166486973
-0.821896486983
-0.734304516157
-0.840354516132
-0.928974516113
-0.917424516115
-0.941574516109
-0.923304516114
-0.948084516108
-0.913644516115
-0.85295451613
-0.887814516121
-0.905034516118
-0.929604516112
-0.93485451611
-0.885294516122
-0.934224516112
-0.933384516112
-0.919314516114
-0.918054516115
-0.901743690929
-0.970623690913
-0.892713690931
-0.871923690936
-0.798213690953
-0.850923690941
-0.953823690917
-0.971253690913
-0.943113690919
-1.0075836909
-0.913083690927
-0.842733690942
-0.904473690929
-0.830553690946
-0.739833690966
-0.823413690947
-0.884523690933
-0.89544369093
-0.762093690961
-0.824253690947
-0.849663690941
0
0
0
0
0
0
0
0
0
0
0
0
0
0
0
0
0
0
0
0
0
0
0
0
0
0
0
0
0
0
0
0
0
0
0
0
0
0
0
0
0
0
0
0
0
0
0
0
0
0
0
0
0
0
0
0
0
0
0
0
0
0
0
0
0
0
0
0
0
0
0
0
0
0
0
0
0
0
0
0
0
0
0
0
0
0
0
0
0
0
0
0
0
0
0
0
0
0
0
0
0
0
0
0
0
0
0
0
0
0
0
0
0
0
0
0
0
0
0
0
0
0
0
0
0
0
0
0
0
0
0
0
0
0
0
0
0
0
0
0
0
0
0
0
0
0
0
0
0
0
0
0
0
0
0
0
0
0
0
0
0
0
0
0
0
0
0
0
0
0
0
0
0
0
0
0
0
0
0
0
0
0
0
0
0
0
0
0
0
0
0
0
0
0
0
0
0
0
0
0
0
0
0
0
0
0
0
0
0
0
0
0
0
0
0
0
0
0
0
0
0
0
0
0
0
0
0
0
0
0
0
0
0
0
0
0
0
0
0
0
0
0
0
0
0
0
0
0
0
0
0
0
0
0
0
0
0
0
0
0
0
0
0
0
0
0
0
0
0
0
0
0
0
0
0
0
0
0
0
0
0
0
0
0
0
0
0
0
0
0
0
0
0
0
0
0
0
0
0
0
0
0
0
0
0
0
0
0
0
0
0
0
0
0
0
0
0
0
0
0
0
0
0
0
0
0
0
0
0
0
0
0
0
0
0
0
0
0
0
0
0
0
0
0
0
0
0
0
0
0
0
0
0
0
0
0
0
0
0
0
0
0
0
0
0
0
0
0
0
0
0
0
0
0
0
0
0
0
0
0
0
0
0
0
0
0
0
0
0
0
0
0
0
0
0
0
0
0
0
0
0
0
0
0
0
-0.252433512236
-0.664243512143
-0.819223512107
-0.976723512071
-1.03741351206
-1.06261351205
-1.04077351206
-1.09180351204
-1.08361351205
-1.11364351204
-0.926113512083
-0.913723512085
-0.948793512077
-0.962023512074
-1.04707351206
-1.09516351204
-1.02838351206
-0.988693512068
-1.03846351206
-1.05421351205
-0.984913512069
-0.972313512072
-1.06828351205
-1.10873026398
-1.11818026398
-1.15514026397
-1.15640026397
-1.12973026398
-0.995750264006
-0.917000264024
-0.970340264012
-1.05623026399
-1.026620264
-1.00037026401
-1.06085026399
-1.015280264
-0.93674026402
-0.900620264028
-0.990500264008
-0.864710264036
-0.875210264034
-0.989450264008
-0.947240264017
-1.06883026399
-1.05875026399
-0.885710264032
-0.750260264063
-0.768530264058
-0.867860264035
-0.957740264015
-0.93842026402
-0.923930264023
-0.98168026401
-0.965090264014
-1.020740264
-1.07408026399
-1.18706026396
-1.12532026398
0
0
0
0
0
0
0
0
0
0
0
0
0
0
0
0
0
0
0
0
0
0
0
0
0
0
0
0
0
0
0
0
0
0
0
0
0
0
0
0
0
0
0
0
0
0
0
0
0
0
0
0
0
0
0
0
0
0
0
0
0
0
0
0
0
0
0
0
