0.0
0.0
0.0
0.0
0.0
0.0
0.0
0.0
0.0
0.0
0.0
0.0
0.0
0.0
0.0
0.0
21.4285714286
20.1923076923
18.956043956
18.956043956
18.956043956
18.956043956
18.956043956
18.956043956
18.956043956
18.956043956
18.956043956
18.956043956
18.956043956
18.956043956
18.956043956
18.956043956
18.956043956
18.956043956
18.956043956
39.8862765142
68.0112765142
108.920367423
108.920367423
108.920367423
88.4658219687
88.4658219687
88.4658219687
88.4658219687
88.4658219687
88.4658219687
88.4658219687
88.4658219687
88.4658219687
88.4658219687
88.4658219687
88.4658219687
88.4658219687
88.4658219687
88.4658219687
88.4658219687
88.4658219687
88.4658219687
88.4658219687
88.4658219687
88.4658219687
110.417041481
110.417041481
110.417041481
110.417041481
110.417041481
110.417041481
110.417041481
110.417041481
110.417041481
110.417041481
110.417041481
110.417041481
110.417041481
110.417041481
110.417041481
110.417041481
110.417041481
110.417041481
110.417041481
110.417041481
110.417041481
110.417041481
110.417041481
110.417041481
110.417041481
110.417041481
110.417041481
110.417041481
110.417041481
88.4658219687
88.4658219687
88.4658219687
88.4658219687
88.4658219687
88.4658219687
88.4658219687
88.4658219687
88.4658219687
88.4658219687
88.4658219687
88.4658219687
88.4658219687
88.4658219687
88.4658219687
88.4658219687
88.4658219687
88.4658219687
88.4658219687
88.4658219687
66.5146024565
68.7988664159
68.7988664159
68.7988664159
68.7988664159
68.7988664159
