210,260
211,260
212,260
213,260
214,260
215,260
216,260
217,260
218,260
219,260
220,260
221,260
222,260
223,260
224,260
225,260
226,260
227,260
228,260
229,260
230,260
231,260
232,260
233,260
234,260
235,260
236,260
237,260
238,260
239,260
240,260
241,260
242,260
243,260
244,260
245,260
246,260
247,260
248,260
249,260
250,260
251,260
252,260
253,260
254,260
255,260
256,260
257,260
258,260
259,260
260,260
261,260
262,260
263,260
264,260
265,260
266,260
267,260
268,260
269,260
270,260
271,260
272,260
273,260
274,260
275,260
276,260
277,260
278,260
279,260
280,260
281,260
282,260
283,260
284,260
285,260
286,260
287,260
288,260
289,260
290,260
291,260
292,260
293,260
294,260
295,260
296,260
297,260
298,260
299,260
300,260
301,261
302,262
303,263
304,264
305,265
306,266
307,267
308,268
309,269
310,270
311,271
312,271
313,271
314,271
315,271
316,271
317,271
318,271
319,271
320,271
321,271
322,271
323,271
324,271
325,271
326,271
327,271
328,271
329,271
330,271
331,271
332,272
333,273
334,274
335,275
336,276
337,277
338,278
339,279
340,280
341,281
342,282
343,283
344,284
345,285
346,286
347,286
348,286
349,286
350,286
351,286
352,286
353,286
354,286
355,286
356,286
357,286
358,286
359,286
360,286
361,286
362,287
363,288
364,289
365,290
366,291
367,292
368,293
369,294
370,295
371,296
372,297
373,298
374,299
375,300
375,301
375,302
375,303
375,304
375,305
375,306
375,307
375,308
375,309
375,310
375,311
375,312
375,313
375,314
375,315
375,316
375,317
375,318
375,319
375,320
375,321
375,322
375,323
375,324
375,325
375,326
375,327
375,328
375,329
375,330
375,331
375,332
375,333
375,334
375,335
375,336
375,337
375,338
375,339
375,340
375,341
375,342
375,343
375,344
375,345
375,346
375,347
375,348
375,349
375,350
375,351
375,352
375,353
375,354
375,355
375,356
375,357
375,358
375,359
375,360
375,361
375,362
375,363
375,364
375,365
375,366
375,367
375,368
375,369
375,370
375,371
375,372
375,373
375,374
375,375
375,376
375,377
375,378
375,379
375,380
375,381
375,382
375,383
375,384
375,385
375,386
375,387
375,388
375,389
375,390
374,391
373,392
372,393
371,394
370,395
369,396
368,397
367,398
366,399
365,400
364,401
364,402
364,403
364,404
364,405
364,406
364,407
364,408
364,409
364,410
364,411
364,412
364,413
364,414
364,415
364,416
364,417
364,418
364,419
364,420
364,421
363,422
362,423
361,424
360,425
359,426
358,427
357,428
356,429
355,430
354,431
353,432
352,433
351,434
350,435
349,436
348,437
347,438
346,439
345,440
344,441
343,442
342,443
341,444
340,445
339,446
338,447
337,448
336,449
335,450
334,451
333,451
332,451
331,451
330,451
329,451
328,452
327,453
326,454
325,455
324,456
323,457
322,458
321,459
320,460
319,461
318,462
317,463
316,464
315,465
314,466
313,466
312,466
311,466
310,466
309,466
308,466
307,466
306,466
305,466
304,466
303,466
302,466
301,466
300,466
299,466
298,467
297,468
296,469
295,470
294,471
293,472
292,473
291,474
290,475
289,476
288,477
287,478
286,479
285,480
284,481
283,481
282,481
281,481
280,481
279,481
278,481
277,481
276,481
275,481
274,481
273,481
272,481
271,481
270,481
269,480
268,480
267,480
266,480
265,480
264,480
263,480
262,480
261,480
260,480
259,480
258,480
257,480
256,480
255,480
254,480
253,480
252,480
251,480
250,480
249,480
248,480
247,480
246,480
245,480
244,480
243,480
242,480
241,480
240,480
239,479
238,478
237,477
236,476
235,475
234,474
233,473
232,472
231,471
230,470
229,469
228,469
227,469
226,469
225,469
224,469
223,469
222,469
221,469
220,469
219,469
218,469
217,469
216,469
215,469
214,469
213,469
212,469
211,469
210,469
209,469
208,468
207,467
206,466
205,465
204,464
203,463
202,462
201,461
200,460
199,459
198,459
197,459
196,459
195,459
194,459
193,459
192,459
191,459
190,459
189,459
188,459
187,459
186,459
185,459
184,459
183,459
182,459
181,459
180,459
179,459
178,458
177,457
176,456
175,455
174,454
173,453
172,452
171,451
170,450
169,449
168,448
167,447
166,446
165,445
164,444
163,443
162,442
161,441
160,440
159,439
158,438
157,437
156,436
155,435
154,434
153,434
152,434
151,434
150,434
149,434
148,433
147,432
146,431
145,430
144,429
143,428
142,427
141,426
140,425
139,424
138,423
137,422
136,421
135,420
134,419
133,418
132,417
131,416
130,415
129,414
129,413
129,412
129,411
129,410
129,409
129,408
129,407
129,406
129,405
129,404
129,403
129,402
129,401
129,400
129,399
129,398
129,397
129,396
129,395
129,394
129,393
129,392
129,391
129,390
129,389
128,388
127,387
126,386
125,385
124,384
123,383
122,382
121,381
120,380
119,379
119,378
119,377
119,376
119,375
119,374
119,373
119,372
119,371
119,370
119,369
119,368
119,367
119,366
119,365
119,364
119,363
119,362
119,361
119,360
119,359
118,358
117,357
116,356
115,355
114,354
114,353
114,352
114,351
114,350
114,349
114,348
114,347
114,346
114,345
114,344
114,343
114,342
114,341
114,340
114,339
114,338
114,337
114,336
114,335
114,334
114,333
114,332
114,331
114,330
116,329
117,328
118,327
119,326
120,325
121,324
122,323
123,322
124,321
125,320
126,319
126,318
126,317
126,316
126,315
126,314
126,313
126,312
126,311
126,310
126,309
126,308
126,307
126,306
126,305
126,304
126,303
126,302
126,301
126,300
126,299
127,298
128,297
129,296
130,295
131,294
132,293
133,292
134,291
135,290
136,289
137,288
138,287
139,286
140,285
141,284
142,283
143,282
144,281
145,280
146,279
147,279
148,279
149,279
150,279
151,279
152,278
153,277
154,276
155,275
156,274
157,273
158,272
159,271
160,270
161,269
162,268
163,267
164,266
165,265
166,264
167,263
168,262
169,261
170,260
171,259
172,259
173,259
174,259
175,259
176,259
177,259
178,259
179,259
180,259
181,260
182,260
183,260
184,260
185,260
186,260
187,260
188,260
189,260
190,260
191,260
192,260
193,260
194,260
195,260
196,260
197,260
198,260
199,260
200,260
201,260
202,260
203,260
204,260
205,260
206,260
207,260
208,260
209,260
210,260
